clade	species	ts	te
0.0	Abajudon	286.1361439449788	259.12579035727236
0.0	Abdalodon	255.21628967014252	254.9082364440952
0.0	Acratophorus	237.0345982527733	226.03819674204826
0.0	Adelobasileus	209.012150774902	208.11456914107063
0.0	Aelurognathus_Temperate_S	260.05032823938194	252.00179787500096
0.0	Aelurosaurus	273.9101865207559	253.43733961551823
0.0	Aelurosuchus	246.7790781942458	246.40150104124643
0.0	Aerosaurus	303.0832883281901	290.19203239289334
0.0	Akidnognathus	261.5427194986244	252.82869353009673
0.0	Alemoatherium	213.7215085299663	212.80483667270775
0.0	Aleodon	247.3610301560812	225.01268502140283
0.0	Alepognathus	263.6237230228239	262.5633970210046
0.0	Alierasaurus	275.298889023688	274.37120621542977
0.0	Alopecideops	260.5182860696837	259.8230889613485
0.0	Alopecodon	264.663390114722	261.8169517660278
0.0	Alopecognathus	265.49450051550673	259.78542264167277
0.0	Alopecorhinus	259.51265157661965	258.96904551604723
0.0	Aloposaurus	259.5992614917059	253.81076512763278
0.0	Alrausuchus	273.5536372652268	263.6849900035743
0.0	Ameghinichnus	224.6068791852968	223.5008857443319
0.0	Andescynodon	245.22191674665225	212.33502188717733
0.0	Angelosaurus	283.76370573376227	268.6138058050954
0.0	Angonisaurus	243.5732554119505	243.14558396882174
0.0	Annatherapsidus	265.2502626630831	258.01893449149816
0.0	Anningia	264.14084451173363	263.03349112732843
0.0	Anomocephalus	267.33131982035957	266.0758968676587
0.0	Antecosuchus	245.34792848413943	241.6485412781627
0.0	Anteosaurus_Temperate_N	264.3632903877123	263.43206467965103
0.0	Anteosaurus_Temperate_S	264.7301727562064	259.59919114578906
0.0	Apsisaurus	298.00839209239905	297.0451776594554
0.0	Archaeosyodon	267.41258891607873	266.3666814466543
0.0	Archaeothyris	309.1111289519433	307.2690137194915
0.0	Archaeovenator	299.83623081688637	298.9293096588066
0.0	Arctognathus	259.852436940381	253.48312518466483
0.0	Arctops	259.0680713582866	254.79034510150225
0.0	Arctotraversodon	237.03625152991492	229.02760400521913
0.0	Arisierpeton	285.9136671593293	285.36245014418915
0.0	Aulacephalodon	259.5188012617564	251.721449844885
0.0	Aulacocephalus	258.127455573279	257.82148262035264
0.0	Australobarbarus	264.2338134739853	259.4398886749317
0.0	Australosyodon	267.13679601256706	265.91780551901934
0.0	Avenantia	261.1734266603613	260.3435272426161
0.0	Baldwinonus	304.3548609646985	290.0761111386381
0.0	Basilodon	260.6894892257954	250.82050924093377
0.0	Bauria	247.42042981751726	241.929845178204
0.0	Beishanodon	249.1512112814244	248.89065546904774
0.0	Biarmosuchoides	266.282647589228	265.29297820361336
0.0	Biarmosuchus	273.6457375324332	264.332584496031
0.0	Biseridens	273.42810785866243	267.22168153445097
0.0	Blattoidealestes	261.47260876294075	260.5716544731994
0.0	Bohemiclavulus	301.56179028775193	300.6561997309139
0.0	Bolodon	208.8154621192916	208.00827921768962
0.0	Bolotridon	246.91485653404533	246.54523741681442
0.0	Bonacynodon	242.3193184643029	231.8374822642542
0.0	Boreogomphodon	232.7571257800839	223.9913673100104
0.0	Botucaraitherium	218.49450593464937	217.45181420355235
0.0	Brachyprosopus	264.81999155838304	259.4960819532738
0.0	Brachyzostrodon	208.27604910275176	200.84346256594895
0.0	Brasilitherium	227.2252272914007	209.5459300530047
0.0	Brasilodon	226.9951574404611	208.43474557616716
0.0	Brontopus	261.3734986287239	251.49220746638687
0.0	Bulbasaurus	260.645426481424	253.66159688745083
0.0	Bullacephalus	266.0001230135853	264.8421542632696
0.0	Burnetia	256.79086464908613	256.4819963575877
0.0	Cabarzia	294.91281457412583	293.9775840109326
0.0	Callibrachion	284.29991846900253	283.617569168092
0.0	Candelariodon	239.90884533842	239.68723433054646
0.0	Caodeyao	253.45402653201955	253.16064820898583
0.0	Casea	283.63527867306493	271.7648173593752
0.0	Caseoides	278.4802915074949	265.90994683550855
0.0	Caseopsis	272.24745690923925	267.4665172316311
0.0	Cerdodon	266.8755085633016	265.6380006750015
0.0	Cerdorhinus	257.53572661901603	257.2250750495442
0.0	Cerdosuchus	259.3405848909132	258.84329417357355
0.0	Chalepotherium	202.98355538850518	202.16641891437155
0.0	Chaliminia	225.75592960606582	222.48808496814956
0.0	Charassognathus	254.86186684614424	254.55418220583644
0.0	Charruodon	230.3370979067515	228.84847051790496
0.0	Chiniquodon	242.60203662393602	210.2380344344025
0.0	Choerosaurus	270.8747601732623	256.62028997241543
0.0	Chthomaloporus	264.81249399620003	263.88618939057994
0.0	Chthonosaurus	264.1332186907183	258.5559944665905
0.0	Cistecephaloides	257.1982603586983	256.89199269991707
0.0	Cistecephalus	259.84771240106363	254.05614534733851
0.0	Cistecynodon	243.4514400769602	243.02862387691334
0.0	Clelandina	260.45036684949497	253.5750534683926
0.0	Clepsydrops	307.3242556797337	271.9397356283261
0.0	Colobodectes	263.99677090364486	254.2698416806551
0.0	Compsodon	261.8480621838998	250.73727442646887
0.0	Cotylorhynchus	283.5825536821386	266.6825059541007
0.0	Counillonia	251.3371760449802	251.06511652546337
0.0	Cricodon	246.81957655673548	240.5844187967847
0.0	Criocephalosaurus	263.5690749307639	260.2520333415437
0.0	Cromptodon	244.70004957382048	244.26761042309593
0.0	Cryptocynodon	260.51769909221645	257.9516616500678
0.0	Cryptovenator	300.3476474934944	299.4369422189888
0.0	Ctenorhachis	285.92645795050055	285.3662340865437
0.0	Ctenospondylus	294.5065492899221	286.1948761768457
0.0	Cutleria	297.6298230638882	285.60482988914146
0.0	Cynariognathus	264.4923564605255	261.0795309573666
0.0	Cyniscops	258.15671399647266	257.8508600089785
0.0	Cynognathus	247.5317649041377	225.6704319375773
0.0	Cynosaurus	260.6996273439256	252.3650083572388
0.0	Cyonosaurus	260.30769554793983	252.83120020709168
0.0	Dadadon	238.8153144628738	232.08164914335674
0.0	Dalongkoua	252.84187634754613	252.5506616064686
0.0	Daptocephalus	265.2265957960328	251.86129830657856
0.0	Daqingshanodon	255.72211480726244	255.42624350666813
0.0	Datheosaurus	300.113665331083	299.22152684073626
0.0	Davletkulia	270.54590437345956	269.49722238055926
0.0	Deccanodon	233.20402531509222	231.83727009084342
0.0	Delectosaurus	258.37239752892674	257.2236515781218
0.0	Delphinognathus	260.75444210434404	259.9890173802408
0.0	Deuterosaurus	267.50813099728634	260.2610655504415
0.0	Diademodon	247.4794504977838	235.16212715794586
0.0	Dicynodon_Temperate_N	263.3554098248894	262.31395649331694
0.0	Dicynodon_Temperate_S	271.4962724502009	238.7838538782007
0.0	Dicynodontipus_Temperate_N	246.05032783512272	245.64248661950606
0.0	Dicynodontipus_Temperate_S	255.46261824259074	236.58531336647764
0.0	Dicynodontoides_Temperate_S	260.6290463771748	251.32752088967933
0.0	Diegocanis	231.59706145160212	230.03114361914734
0.0	Digalodon	260.9072376362487	252.3721873991655
0.0	Diictodon_Temperate_N	253.98224133196044	253.68973732361755
0.0	Diictodon_Temperate_S	270.9990913073154	252.49324754820452
0.0	Diictodontoides	258.6932220767513	258.36912589558693
0.0	Dimacrodon	279.8831751006904	269.48664674940363
0.0	Dimetrodon	299.4801071935127	254.85399787584714
0.0	Dinanomodon	259.89409534875267	246.51107300480635
0.0	Dinodontosaurus	242.11907903360046	227.3569897241586
0.0	Dinogorgon	260.7866509566807	252.03304901320251
0.0	Dinosaurus	266.8614338260315	264.8059035030902
0.0	Dolichuranus	243.1763683522255	242.76145319238506
0.0	Dolomitipes	252.41599120224438	250.55008399950438
0.0	Driveria	271.7020403001218	270.61034514506656
0.0	Dromatherium	221.17541680964996	220.09691110901628
0.0	Dvinia	261.02367150118124	259.89069528485453
0.0	Ecteninion	233.28159736887986	231.7962418933607
0.0	Edaphosaurus	304.2635193465046	272.41339003272304
0.0	Elcabrosaurus	300.54562963702523	299.62969743951305
0.0	Elephantosaurus	237.24707063342646	236.35143000034518
0.0	Elliotsmithia	264.49903443844033	263.36765518289826
0.0	Elph	265.17929905603717	256.9304120776281
0.0	Emydochampsa	257.05776982796607	256.7530284150391
0.0	Emydops	272.88724567651826	254.3595078141052
0.0	Emydorhinus	260.785159448682	252.17623300175063
0.0	Emydorhynchus	257.49740698604893	257.18773728794457
0.0	Emyduranus	261.15857456362454	252.92232792771375
0.0	Endothiodon_Temperate_S	267.4433024753173	254.0639991210318
0.0	Endothiodon_Tropical_S	255.78223288464108	252.25520363058837
0.0	Ennatosaurus_Temperate_N	273.03734426215505	264.01123975823225
0.0	Ennatosaurus_Tropical_N	263.50652742656496	262.5635419246327
0.0	Eocasea	303.4896961203193	302.5520506470541
0.0	Eodicynodon	271.8277377194286	261.42042779742803
0.0	Eoraetia	207.82690818238473	207.0139908723577
0.0	Eosimops	265.28536712999306	253.45058505621256
0.0	Eothyris	286.60094600096124	286.03355084797874
0.0	Eozostrodon	206.07453084253157	202.33467560862167
0.0	Ericiolacerta	250.94145171875317	249.1455905856962
0.0	Eriphostoma	264.5268121348679	254.63492933736075
0.0	Estemmenosuchus	269.27411153722875	264.0278823532657
0.0	Eubrachiosaurus	228.17205793804547	226.99420464090775
0.0	Euchambersia	257.70468210180263	257.40188349267584
0.0	Euptychognathus	255.21739421896146	254.9139866587186
0.0	Euromycter	290.54735216008976	289.7684138792426
0.0	Exaeretodon_Temperate_S	240.25048776606292	207.83543667989136
0.0	Exaeretodon_Tropical_N	246.77980889168109	246.4107598434815
0.0	Fluctuodon	203.56993713641214	202.70016860603192
0.0	Galechirus	264.9402559639165	258.8554549846973
0.0	Galeops	263.58474742800996	256.91919745550194
0.0	Galesaurus	252.29440046303264	246.79593822687409
0.0	Gaumia	217.65495231883548	201.55507647325504
0.0	Geikia_Temperate_N	253.44542454381414	253.1469496767587
0.0	Geikia_Temperate_S	261.95321502795935	252.90987380380014
0.0	Glanosuchus	266.528309630356	260.57195752411945
0.0	Glaucosaurus	281.23026082807195	280.3547648238018
0.0	Gomphodontosuchus	229.5175586491065	221.43149231878002
0.0	Gondwanadon	232.61949782058335	231.12246368484676
0.0	Gordonia	253.24855749278893	251.836820182026
0.0	Gorgodon	281.70462611196814	265.84147706238224
0.0	Gorgonops	265.4351998784644	253.09329070899003
0.0	Gorochovetzia	261.6011202841892	260.814028406827
0.0	Gorynychus	264.0181943920532	259.84269527721654
0.0	Habayia	204.85675858969816	204.03027104455663
0.0	Hahnia	204.00884243165706	203.19081872367352
0.0	Hallautherium	206.45425786513476	205.62273588231278
0.0	Haptodus	306.1155079376507	282.51943194545504
0.0	Haramiyavia	207.66046359615024	204.37510591041897
0.0	Hazhenia	247.9604045143359	247.69266264994528
0.0	Heleosaurus	260.7969952597273	260.0371894748355
0.0	Helvetiodon	202.37716639385835	201.52902810535144
0.0	Herpetoskylax	259.6219524161185	258.21674624666343
0.0	Hipposaurus	263.69342147895037	259.6550378834981
0.0	Hofmeyria	261.593107455207	252.81844368316914
0.0	Homodontosaurus	261.18178508367697	255.02490691691543
0.0	Hwanghocynodon	256.86515123139026	256.56989753060805
0.0	Hyaenasuchus	263.6269613881034	262.59000352568086
0.0	Hypselohaptodus	295.60582985400197	294.69194326141667
0.0	Hypsiprymnopsis	206.056209192144	205.21607191324657
0.0	Ianthasaurus	306.31186872844484	303.54840960630617
0.0	Ianthodon	304.5220128341652	303.607613492734
0.0	Ichibengops	261.74260672171863	254.43508865840633
0.0	Icticephalus	256.31554475422314	256.0053535375784
0.0	Ictidochampsa	254.58857980751984	254.27770314379717
0.0	Ictidognathus	259.556305158408	253.35358384898407
0.0	Ictidorhinus	259.5430792632221	258.96836101216763
0.0	Ictidosaurus	267.99575141384844	261.14131023079005
0.0	Ictidosuchops	260.017811027117	252.23076520974413
0.0	Ictidosuchus	259.86991366173413	259.16846377372303
0.0	Idelesaurus	263.87177572805297	262.96696554078846
0.0	Impidens	246.3093458150469	245.89318514280694
0.0	Inostrancevia_Temperate_N	265.06956744263107	256.6290010186838
0.0	Inostrancevia_Temperate_S	256.69604608099706	256.38575248326805
0.0	Interpresosaurus	258.6848267182896	258.37725049286064
0.0	Irajatherium	228.08322333505598	217.27004356163056
0.0	Ischigualastia	236.79798704372584	226.69462900022404
0.0	Isengops	258.75431173481576	258.415117062037
0.0	Jachaleria	241.40390672995028	209.3080136555529
0.0	Jimusaria_Temperate_N	255.97706482823043	251.39217654356827
0.0	Jiufengia	254.89539110256058	254.59956574160213
0.0	Jonkeria	264.6239620337393	258.3939810393808
0.0	Julognathus	262.23506055438355	261.4183525424099
0.0	Kamagorgon	277.200366454474	267.11031917962237
0.0	Kannemeyeria	251.69722439029613	242.17438393165676
0.0	Karenites	264.6234260289814	259.4049568143002
0.0	Kataigidodon	211.0204243968912	210.18081810019163
0.0	Katumbia	258.5129531441224	254.54860555359534
0.0	Kawingasaurus	260.40201758507436	253.5935919201925
0.0	Kembawacela	260.19687282767876	254.25986427515724
0.0	Kenomagnathus	305.724423154663	304.7907995257193
0.0	Keratocephalus	264.9531573334537	261.3715786110897
0.0	Keyseria	255.84889915526085	255.53952354623533
0.0	Kitchinganomodon	257.562421655316	254.3650366257843
0.0	Knoxosaurus	278.7246493552256	276.81682203317774
0.0	Kombuisia	245.51562294687707	243.16365625394164
0.0	Kotelcephalon	261.77099299884077	260.97318737157366
0.0	Kuehneotherium	207.45451696587432	200.78494016338053
0.0	Kunpania	254.81147694710938	254.51841782847254
0.0	Kwazulusaurus	258.08813552683614	257.77818389260386
0.0	Lalieudorhynchus	266.074160114145	265.03195116629826
0.0	Langbergia	250.44050519840656	246.9479968953907
0.0	Lanthanostegus	263.77305592765435	262.24911131180903
0.0	Lemurosaurus	261.1242740525499	253.24872796091776
0.0	Lende	258.6081387058098	258.28526479312166
0.0	Leogorgon	261.759336771784	260.7250155651713
0.0	Leontosaurus	260.60767268810633	252.31950896600793
0.0	Lepagia	208.29290093924322	201.8780078276581
0.0	Leucocephalus	255.1854735560126	254.876247029907
0.0	Lisowicia	207.2713656457862	206.45423017065693
0.0	Lobalopex	258.8218973005568	258.47515674103846
0.0	Lophorhinus	256.12940401807504	255.82381732879293
0.0	Luangwa	246.47061026905305	236.41662406984815
0.0	Lumkuia	245.83980215051116	245.40488691618629
0.0	Lupeosaurus	295.3127001725029	294.3824542631123
0.0	Lycaenodon	258.7186773680845	257.0856235995504
0.0	Lycaenops	258.89662157260454	252.897072265039
0.0	Lycedops	260.63569998343706	259.90284109257084
0.0	Lycideops	253.46241426912874	253.14524048990134
0.0	Lycosaurus	264.44180325721163	257.4523057976504
0.0	Lycosuchus	264.591124792547	263.36994151333903
0.0	Lystrosaurus_Temperate_N	254.20850519442715	248.32509339045288
0.0	Lystrosaurus_Temperate_S	263.92153967592964	247.22838367978397
0.0	Macromerion	301.60917994691107	300.4542596225168
0.0	Madysaurus	236.42505196145842	235.5840887700839
0.0	Malasaurus	258.8588446827275	258.5316808248684
0.0	Mandagomphodon	247.19443216725787	245.8049677918308
0.0	Martensius	289.8146108387348	289.15765717391776
0.0	Massetognathus	242.57386558739148	228.86132040435717
0.0	Mastersonia	274.5935207461069	273.64323358129195
0.0	Maubeugia	204.31798844689024	203.49627725892674
0.0	Megawhaitsia	259.90635107108994	257.06454776930076
0.0	Melanedaphodon	309.31477162112276	308.35699393489114
0.0	Menadon	242.17072748210487	225.34939422530832
0.0	Mesenosaurus_Temperate_N	273.2701632073359	264.01288793828775
0.0	Mesenosaurus_Tropical_S	288.98296356789564	288.40115293747033
0.0	Meurthodon	204.64246811448214	203.77735220818033
0.0	Microconodon	230.68656114596502	216.82945986455323
0.0	Microgomphodon	247.74395969535507	242.39442971991193
0.0	Microhelodon	243.51042762042817	243.08735411525686
0.0	Microscalenodon	208.77599871441265	205.51430229128368
0.0	Microsyodon	275.1376789790441	266.83025640475006
0.0	Microurania	261.4558047309495	256.01597626843073
0.0	Microvaranops	263.9682258377415	259.74230645356175
0.0	Microwhaitsia	257.2213340713332	254.74418610876197
0.0	Milosaurus	305.7038310492841	304.8017940006594
0.0	Minicynodon	222.1866966527694	221.05973816458405
0.0	Mirotenthes	260.287318821743	253.57555389602143
0.0	Mitredon	204.83779838873093	204.0258926617472
0.0	Mobaceras	264.89421131367624	263.7449270590676
0.0	Moghreberia	236.9215836978761	202.92726767886379
0.0	Mojo	208.08317813342143	207.26274908460658
0.0	Molybdopygus	265.2434936157962	264.34116912370587
0.0	Morganucodon	207.784663241166	200.5338728042258
0.0	Mormosaurus	269.9834860710152	262.15795956642614
0.0	Moschops	264.65637639248183	258.8633783787249
0.0	Moschorhinus	260.72090120317927	246.66074355868048
0.0	Moschowhaitsia	260.34920867857073	256.10502400926066
0.0	Muchia	260.49861451256237	259.873005950414
0.0	Mucrotherium	204.19479621414214	203.35692684767903
0.0	Mupashi	257.9076746815408	257.60438131825936
0.0	Mycterosaurus	286.59253394147777	278.2972964618845
0.0	Myosauroides	257.20542418249204	256.897423663968
0.0	Myosaurus	252.1960714892986	246.70210745169388
0.0	Nanictidops	259.16821576793956	258.74816690404776
0.0	Nanictocephalus	257.71413143978134	257.39925024830086
0.0	Nanictosaurus	260.40042700131977	251.5897279959634
0.0	Nanocynodon	264.5469213286577	263.59074358437994
0.0	Nanogomphodon	239.0021686303013	238.79127939020202
0.0	Neosaurus	295.84674661516044	294.947512877941
0.0	Niaftasuchus	273.5397376003537	264.49401082949777
0.0	Niassodon	257.90619463397957	257.60336668300107
0.0	Nikkasaurus	268.8949511627465	267.76588323513624
0.0	Nitosaurus	302.2175919070367	301.27386143043617
0.0	Niuksenitia	263.4061578386158	262.5451584436632
0.0	Nochnitsa	262.55204445174235	261.742020806593
0.0	Notaelurodon	252.37292931858252	252.07841995675102
0.0	Nothogomphodon	247.13037146249715	246.05409800574145
0.0	Notosyodon	261.1512537294157	260.4221348786319
0.0	Nshimbodon	254.68808085257064	254.38303033759044
0.0	Nythosaurus	242.90553343855348	242.49461177326287
0.0	Odontocyclops	260.57095839825996	253.9688391537917
0.0	Oedaleops	303.8475446955039	290.7208317361662
0.0	Oligokyphus	206.18636508834547	205.14506396865204
0.0	Olivierosuchus	250.097936748139	246.77482881200933
0.0	Ophiacodon	304.00081253831695	262.27589164945323
0.0	Ophidostoma	255.6467011591546	255.34157624450705
0.0	Ordosiodon	245.33319863194052	242.50389460430642
0.0	Oromycter	285.3756496470578	284.7930954946235
0.0	Otsheria	266.47848212343746	265.52199383399983
0.0	Oudenodon_Temperate_S	261.92539354633885	252.09437792214442
0.0	Pachydectes	261.36795401080803	260.4922156348702
0.0	Palemydops	261.1825317325095	254.07513163247185
0.0	Pampaphoneus	266.9474540211006	263.90539341720785
0.0	Panchetocynodon	251.99301483592686	251.7054332419888
0.0	Parabradysaurus	271.4100658528849	266.5770655002277
0.0	Paraburnetia	254.69408831530978	254.38074728510114
0.0	Paragalerhinus	258.435515577611	258.1216226284866
0.0	Parakannemeyeria_Temperate_N	246.28519566473636	242.34769018467125
0.0	Parasuminia	261.7544308071297	260.9617700397154
0.0	Paratraversodon	240.9753070679273	225.93529958918498
0.0	Pardosuchus	261.60219385943697	260.7090193907875
0.0	Pascualgnathus	235.0775536777084	233.05898128416652
0.0	Patranomodon	266.5845396272975	264.66130499522575
0.0	Pelanomodon	260.62958922372735	251.61664629722685
0.0	Pelictosuchus	257.24055868229294	250.7742587769715
0.0	Pentasauropus_Temperate_S	238.83373567058283	220.31232498660262
0.0	Pentasauropus_Tropical_N	221.6566632585688	220.60833311263988
0.0	Pentasaurus	221.39615618370368	220.24313592145282
0.0	Peramodon	262.1191657228061	256.98613774420613
0.0	Perplexisaurus	267.21497515675213	259.4036493077873
0.0	Phocosaurus	260.9943010350352	260.12007386306317
0.0	Phreatophasma	273.4211608959224	272.48409602728066
0.0	Phthinosaurus	267.94472569828855	264.7894437945847
0.0	Placerias	236.532787140974	209.0863094586031
0.0	Planitorostris	240.8741953548919	240.6645367210684
0.0	Platycraniellus	253.01764595260306	246.78924594764862
0.0	Platycyclops	258.0453385625099	257.7340521059034
0.0	Platypodosaurus	259.3525471680096	253.78108134560443
0.0	Plinthogomphodon	220.96657601517967	219.87446648021162
0.0	Polonodon	230.85153083357173	229.63789572834244
0.0	Polycynodon	254.52621099471978	254.21990458559267
0.0	Porosteognathus	262.4183521255786	260.77342993760203
0.0	Pravoslavlevia	260.4920510801708	259.8634800712525
0.0	Pristerodon_Temperate_S	262.19672255834416	254.1099084579091
0.0	Pristerognathoides	264.69188299734435	259.8983885907705
0.0	Pristerognathus	264.1957209817278	260.4070274623664
0.0	Pristerosaurus	261.347885103077	260.4953435674971
0.0	Probainognathus	242.01851662682162	233.07894525377543
0.0	Proburnetia	264.7972616552617	263.8564466932223
0.0	Procynosuchus_Temperate_N	259.2740588782433	254.05404980617635
0.0	Procynosuchus_Temperate_S	260.6512440527614	248.71165225011535
0.0	Prodicynodon	257.3405958413368	255.90279309105634
0.0	Progalesaurus	251.4764060690709	251.1986571254423
0.0	Promoschorhynchus	257.7091370664074	252.0042301863573
0.0	Prosictodon	266.8507603181804	265.65401313349486
0.0	Protheriodon	239.04953838215786	238.83182303063495
0.0	Protuberum	243.3183111789357	235.26218355072703
0.0	Prozostrodon	233.85874756132554	219.92350291930788
0.0	Pseudotherium	235.00081468065915	233.62875684449622
0.0	Pseudotriconodon_Temperate_N	216.21352801624076	202.7335645843796
0.0	Pseudotriconodon_Tropical_N	224.01913030320316	222.9501927418555
0.0	Ptomalestes	262.4026976231053	260.69621402376555
0.0	Purlovia	260.54875588964205	256.4396200860683
0.0	Putillosaurus	250.1157796606889	249.8570523186886
0.0	Pyozia	273.1363597580601	272.23338702396023
0.0	Rabidosaurus	246.95370359253934	244.066643738458
0.0	Raranimus	272.56360584036275	271.60620829128163
0.0	Rastodon	262.34703661125155	261.3724215057787
0.0	Rechnisaurus	247.11108317591933	246.08849594366103
0.0	Redondagnathus	217.46125782482093	216.4764611628223
0.0	Regisaurus	252.35480933606593	248.51516746608226
0.0	Reiszia	268.65340783125004	263.48046887819186
0.0	Remigiomontanus	301.41917436496806	300.4881321043515
0.0	Repelinosaurus	250.39233329107617	250.12119747857267
0.0	Rewaconodon_Temperate_S	234.32139351338597	230.15892595522507
0.0	Rewaconodon_Tropical_S	221.10512129188788	220.00305520606008
0.0	Rhachiocephalus	260.12741202198475	254.07880081868234
0.0	Rhadiodromus	245.18376194684515	241.9608511556311
0.0	Rhinodicynodon	242.35492827811936	242.04533509455217
0.0	Rhopalodon	265.7443195518471	263.84906172861633
0.0	Riebeeckosaurus	260.21303215578547	259.5818211094233
0.0	Riograndia	224.8412758310289	207.96536027275687
0.0	Riojanodon	228.94658898027023	227.56497562462926
0.0	Robertia	264.1821297673992	258.95747570293656
0.0	Rosieria	207.78339619162023	205.67348213973008
0.0	Ruberodon	235.45912729259473	234.23518938180263
0.0	Rubidgea	260.7958725913451	252.54542226710356
0.0	Ruhuhucerberus	258.7918577212305	255.48102212978128
0.0	Ruthenosaurus	289.96794837352485	289.2703448228958
0.0	Ruthiromia	303.238157575628	302.31898597984184
0.0	Sangusaurus	247.15959637875434	240.77776589165126
0.0	Santacruzgnathus	228.3785888604064	227.09667764834106
0.0	Santacruzodon	236.4241398796	226.36560436807824
0.0	Santagnathus	227.6058094615967	208.29881589709993
0.0	Sauroctonus_Temperate_N	263.7741194213978	262.89981282715854
0.0	Sauroctonus_Temperate_S	255.52250806119068	255.22029901414703
0.0	Sauroscaptor	260.4891889332678	254.84767682553948
0.0	Scalenodon	246.8431316471884	241.1731171574714
0.0	Scalenodontoides	223.81822764264476	200.48208739877415
0.0	Scalopocephalus	255.34312806305402	255.03326659633697
0.0	Scalopodontes	260.4743411434962	259.85463782247103
0.0	Scalopognathus	251.41975707700593	251.16341770567226
0.0	Scaloporhinus	253.89436151309985	253.5817515604363
0.0	Scaloposaurus	257.98727804213246	248.7267197029632
0.0	Scaloposuchus	258.16343899481006	257.85084014613903
0.0	Scylacoides	258.5264275592131	258.20416558966406
0.0	Scylacops	257.91402424268904	254.81385460411275
0.0	Scylacosaurus	265.4101774588293	256.7372915357318
0.0	Scylacosuchus	260.38261083831355	259.7810292842319
0.0	Scymnosaurus	264.2135693023523	259.512751246715
0.0	Secodontosaurus	289.8275907862849	276.5546143698213
0.0	Sesamondontoides	245.01204772492179	244.57063020483596
0.0	Shaanbeikannemeyeria	246.51704063116927	245.75090563308422
0.0	Shansiodon_Temperate_N	246.60094842005662	241.8125590009386
0.0	Shansiodon_Temperate_S	243.41061142734316	242.99197484710382
0.0	Shashajaia	305.00357885373404	304.04256577465065
0.0	Shiguaignathus	258.8526901277316	258.52477486886875
0.0	Silphedosuchus	248.23713979661994	247.97389163689903
0.0	Silphoictidoides	258.2996652059626	253.89663942617912
0.0	Sinoconodon	207.9567385278501	207.16150382780268
0.0	Sinognathus	243.90628454926787	243.5017214563126
0.0	Sinokannemeyeria	247.94236671725668	238.60960385198993
0.0	Sinophoneus	272.079977082511	266.42884527143565
0.0	Sintocephalus	255.507028789322	255.1983653868712
0.0	Siriusgnathus	232.2321239310144	213.20832634130144
0.0	Sludica	265.1024372345518	259.5689118298879
0.0	Smilesaurus	260.4521611520648	255.72902298675533
0.0	Sphenacodon	302.87388613413594	285.49935675317954
0.0	Stahleckeria	242.83771209140653	236.73507209179724
0.0	Steppesaurus	279.60978373093343	278.7168725792233
0.0	Stereophallodon	290.10591513153383	289.362667300782
0.0	Stereorhachis	307.0421128268937	306.1576684308176
0.0	Struthiocephaloides	263.8890260283331	262.03706133909253
0.0	Struthiocephalus	264.5595965634829	259.5959273475454
0.0	Styracocephalus	264.3853079767834	259.7763207737714
0.0	Suchogorgon	264.23752424247806	259.99085164625757
0.0	Suminia	264.3958398711567	259.475914556897
0.0	Sungeodon	251.8166012379248	251.5478017297909
0.0	Sycosaurus	260.1684758125568	253.0050773194561
0.0	Syodon	277.2319119741546	260.7554670038825
0.0	Syops	259.2867705303558	254.01519439543327
0.0	Sysphinctostoma	244.4083315745745	242.12395707554217
0.0	Tambacarnifex	289.63589124966273	288.99262980844577
0.0	Tamboeria	261.5722409691415	260.6758817126011
0.0	Taoheodon	257.8988029203341	257.6008105064744
0.0	Tapinocaninus	265.2677042297016	264.11371066969656
0.0	Tapinocephalus	262.778297011886	259.76270320498395
0.0	Tappenosaurus	278.76517215695975	271.39911114743666
0.0	Taurocephalus	261.5385972715942	260.670675369947
0.0	Tenuacaptor	305.4503748003071	304.4770242460665
0.0	Tessellatia	220.08535560195682	218.94573453478975
0.0	Tetraceratops	274.9815036943288	274.0081318952179
0.0	Tetracynodon	260.41657717084473	246.67324766610108
0.0	Tetragonias	247.06096113597962	246.38086670590909
0.0	Theriognathus	260.20043625816663	246.70591012155347
0.0	Therioherpeton	227.82692702766707	226.36859658993538
0.0	Therioides	263.2974904459522	262.25698220290235
0.0	Theroteinus	205.0097389382805	204.16120653517984
0.0	Thliptosaurus	254.86572768112794	254.5564010489994
0.0	Thomasia	208.65526591390966	201.49750488325765
0.0	Thrinaxodon	251.73834203185447	247.32835595576222
0.0	Tiarajudens	265.8451069846067	264.689429268731
0.0	Tigrisuchus	255.64558344617603	253.32234543496875
0.0	Tikitherium	235.06840947696674	233.7684407966837
0.0	Titanophoneus	267.5833106122224	260.68612820628135
0.0	Titanosuchus	271.5876072491644	259.38819600451626
0.0	Traversodon	240.72880052596304	235.45813207076833
0.0	Traversodontoides	242.24374970047083	241.9540999268305
0.0	Trichasaurus	278.98201472392043	278.0845954760827
0.0	Tricuspes	214.31427072094712	201.3070871448748
0.0	Trirachodon	246.74263103728873	242.09624592458766
0.0	Tritylodon	212.90097621265673	211.9956134356015
0.0	Trochorhinus	261.94461592151237	261.0265656637912
0.0	Trochosaurus	265.05117713619325	260.0804744894359
0.0	Trochosuchus	264.89610166391435	263.72725633240015
0.0	Tropidostoma	265.9149209876804	253.74689898868007
0.0	Trucidocynodon	237.21769883311592	222.08327916476944
0.0	Turfanodon_Temperate_N	257.5378912866607	252.16887369618655
0.0	Ufudocyclops	244.2845668283017	242.15519465012113
0.0	Ulemica	267.4858282327941	260.26422408822424
0.0	Ulemosaurus	267.123528942671	260.21993033052314
0.0	Uniserium	204.40332829187113	203.56330114520966
0.0	Uralocynodon	258.2421344918402	257.9462627626995
0.0	Uralokannemeyeria	245.38904451159343	244.06364367294964
0.0	Urumchia	252.0000707773123	251.72339160434555
0.0	Ustia	261.4721010255648	260.6909191551084
0.0	Varanodon	265.5046251648082	264.4800557884903
0.0	Varanops	290.5982063963433	279.5740128826512
0.0	Varanosaurus	288.21792005840524	273.1225909350985
0.0	Vaughnictis	297.7862416749308	288.7163761860363
0.0	Venyukovia	264.8290147535403	263.89410667799433
0.0	Vetusodon	255.87284484534896	255.56154772721538
0.0	Viatkogorgon	264.0571773324663	259.8254419027986
0.0	Viatkosuchus	261.60088964737037	260.7027502920595
0.0	Vinceria	246.4775295191837	244.17488849370594
0.0	Vivaxosaurus	264.95060354717737	256.1368808225998
0.0	Wadiasaurus	243.17131957476286	242.75912736524077
0.0	Walteria	262.1297568039149	261.2211862629403
0.0	Wantulignathus	260.98132563969335	260.1696937533658
0.0	Watongia	266.37019607708356	265.29249336576976
0.0	Woutersia	205.88746636627968	204.61888435122222
0.0	Woznikella	234.27793066861113	226.24763472088742
0.0	Xiyukannemeyeria	247.0174011560076	236.66840299605212
0.0	Xyrospondylus	305.40041770533327	303.13129198402765
0.0	Yikezhaogia	242.2112440991981	241.92214508241162
0.0	Zambiasaurus	242.47838946989592	242.1332410749411
