clade	species	ts	te
0.0	Abajudon	273.09431879764395	259.1721787436737
0.0	Abdalodon	255.31420223973106	255.03736218956132
0.0	Acratophorus	234.0541450474487	230.9997053573075
0.0	Adelobasileus	217.00571438940403	216.1806746339057
0.0	Aelurognathus_Temperate_S	259.8936151147969	251.68997202197144
0.0	Aelurosaurus	272.52696396088874	253.03877304344647
0.0	Aelurosuchus	244.9351600228511	244.4401333310324
0.0	Aerosaurus	302.41528515261973	292.27429145790484
0.0	Akidnognathus	259.4414247546617	251.4519358407808
0.0	Alemoatherium	209.4073754744526	208.45664346305955
0.0	Aleodon	244.7612986401781	227.378531514759
0.0	Alepognathus	263.3462079183615	262.4618849919046
0.0	Alierasaurus	273.479863369608	272.54479111389236
0.0	Alopecideops	260.60398212408654	259.9435810991927
0.0	Alopecodon	265.5603769290179	259.5126160592048
0.0	Alopecognathus	263.1781336298144	259.9435257772948
0.0	Alopecorhinus	255.85217073705937	255.574335681472
0.0	Aloposaurus	260.64090237055655	255.27797194670632
0.0	Alrausuchus	272.01834675112923	263.6747464682326
0.0	Ameghinichnus	219.10590378758266	218.2836322660472
0.0	Andescynodon	246.94725425923536	227.58487375352166
0.0	Angelosaurus	283.1122196889757	267.4329059784493
0.0	Angonisaurus	246.4962071013488	246.04602148740685
0.0	Annatherapsidus	264.780477869533	257.73245002323694
0.0	Anningia	260.8899285405531	260.1775152880206
0.0	Anomocephalus	266.89329688504995	265.8608419435795
0.0	Antecosuchus	247.45190895980087	244.31167398935565
0.0	Anteosaurus_Temperate_N	261.75970537709856	261.0616958158572
0.0	Anteosaurus_Temperate_S	264.06594446218924	259.62997074705027
0.0	Apsisaurus	293.53594296980935	292.5125955506959
0.0	Archaeosyodon	266.5103353084864	265.636646472458
0.0	Archaeothyris	309.7509623340321	307.13093836973167
0.0	Archaeovenator	303.43608005670853	302.43718700848297
0.0	Arctognathus	259.73787769920324	254.53210141413854
0.0	Arctops	261.5750073024685	251.30320939033786
0.0	Arctotraversodon	236.50021804189456	226.32647426450595
0.0	Arisierpeton	290.3253758247837	289.4439219853189
0.0	Aulacephalodon	260.1083717683374	251.76804722846694
0.0	Aulacocephalus	259.92794608711904	259.3112211366452
0.0	Australobarbarus	264.96459909121876	259.9510412736438
0.0	Australosyodon	266.6828713231885	265.6697671126106
0.0	Avenantia	260.5095023795618	259.8740152123807
0.0	Baldwinonus	303.44908355823276	293.3739415032166
0.0	Basilodon	261.2643558096703	254.0246681824298
0.0	Bauria	246.73338766434588	242.04694320897565
0.0	Beishanodon	248.2166717123446	247.9444253993804
0.0	Biarmosuchoides	266.50397138759985	265.64113469897484
0.0	Biarmosuchus	271.97078994456837	264.21090681435953
0.0	Biseridens	273.8016489421972	269.0449260284443
0.0	Blattoidealestes	262.81393151198984	261.97656127703476
0.0	Bohemiclavulus	301.7830728519844	300.8130008061975
0.0	Bolodon	206.72494645155862	205.99288931237479
0.0	Bolotridon	245.45131688049187	244.9528037578584
0.0	Bonacynodon	241.0799997336482	234.5021293611184
0.0	Boreogomphodon	236.59927402744458	221.28815169854414
0.0	Botucaraitherium	213.33782726300336	212.33297404266176
0.0	Brachyprosopus	263.6901973639113	259.36245164503254
0.0	Brachyzostrodon	209.42935800483994	202.81659928923605
0.0	Brasilitherium	225.54223880836025	208.3473812788636
0.0	Brasilodon	226.14983586952732	208.4351970745281
0.0	Brontopus	259.78528949559313	252.79327098000437
0.0	Bulbasaurus	259.644413393303	253.4023607376262
0.0	Bullacephalus	266.8795052510374	265.8163728336357
0.0	Burnetia	255.45546033762105	255.17552948267664
0.0	Cabarzia	295.62876588293614	294.66176638942704
0.0	Callibrachion	285.06630803892523	284.3218248198738
0.0	Candelariodon	240.79550281469852	240.58856777520296
0.0	Caodeyao	257.75433842766694	257.4836474954076
0.0	Casea	282.38687611025756	277.298402296662
0.0	Caseoides	283.56751278343285	275.03350491546877
0.0	Caseopsis	280.821776589615	275.6522121369538
0.0	Cerdodon	269.18729173307736	268.1204220692856
0.0	Cerdorhinus	259.3021572762934	258.900806789423
0.0	Cerdosuchus	258.5953590674066	258.298542733543
0.0	Chalepotherium	202.8006916277829	202.0665595905374
0.0	Chaliminia	224.87289782735033	210.1475629667904
0.0	Charassognathus	255.91643220049534	255.63854552020445
0.0	Charruodon	220.9544937188762	220.1135766998683
0.0	Chiniquodon	242.34213489804807	226.68465528799746
0.0	Choerosaurus	274.8968754278935	256.4482534116093
0.0	Chthomaloporus	266.44357834172064	265.6045226004631
0.0	Chthonosaurus	264.7759543878506	258.44079814258134
0.0	Cistecephaloides	258.5160530913165	258.2331701637153
0.0	Cistecephalus	259.7768359512069	254.0585613920403
0.0	Cistecynodon	246.40859492823392	245.9453081932527
0.0	Clelandina	260.4762049632723	252.00941245342133
0.0	Clepsydrops	307.0305731557496	281.30596862983265
0.0	Colobodectes	263.3383349545647	252.1505044921047
0.0	Compsodon	261.39995639602773	252.1826595297106
0.0	Cotylorhynchus	283.1856059963197	265.61043757540114
0.0	Counillonia	251.74982554701785	251.46887316631464
0.0	Cricodon	247.37871984233257	242.2024005618841
0.0	Criocephalosaurus	265.40073259590866	261.3954818585766
0.0	Cromptodon	242.28843057609535	241.96666721298462
0.0	Cryptocynodon	261.02558588970993	253.42881093412052
0.0	Cryptovenator	299.2543650479597	298.25891139954956
0.0	Ctenorhachis	286.5526138035113	285.8464206400909
0.0	Ctenospondylus	294.5366892163196	286.83547535382263
0.0	Cutleria	294.63016263731805	288.6687937777639
0.0	Cynariognathus	265.2960914779969	259.91811515706354
0.0	Cyniscops	256.149403326649	255.87097506063918
0.0	Cynognathus	247.69237237348605	225.8412867074475
0.0	Cynosaurus	259.3265467097647	251.72452956567145
0.0	Cyonosaurus	260.40351443262455	251.87491068606934
0.0	Dadadon	234.80185851552048	229.78390314505768
0.0	Dalongkoua	253.64561077726466	253.38432114750077
0.0	Daptocephalus	262.63498297121896	251.80901289855277
0.0	Daqingshanodon	252.9044327502281	252.63949182906785
0.0	Datheosaurus	298.84348364658604	297.8679100334389
0.0	Davletkulia	268.2604125700377	267.35446826457587
0.0	Deccanodon	231.76080432352802	230.61792198473964
0.0	Delectosaurus	260.1685673336096	258.5816628382165
0.0	Delphinognathus	261.42197732959283	260.66398458735995
0.0	Deuterosaurus	265.5098772376063	259.4915461845287
0.0	Diademodon	247.20344788546555	234.4856226550463
0.0	Dicynodon_Temperate_N	264.4837892092785	260.2315173931109
0.0	Dicynodon_Temperate_S	297.3821098590271	240.74866895417546
0.0	Dicynodontipus_Temperate_N	246.8397110527934	246.4564186121833
0.0	Dicynodontipus_Temperate_S	261.27647419179897	235.32356964558642
0.0	Dicynodontoides_Temperate_S	259.82876488398057	249.96322865067947
0.0	Diegocanis	236.99196351943903	236.4510094259388
0.0	Digalodon	259.2124157326256	252.45117793246985
0.0	Diictodon_Temperate_N	253.72151287264037	253.4635677372296
0.0	Diictodon_Temperate_S	263.95256615121735	251.89556399734076
0.0	Diictodontoides	256.8097915372573	256.52941838445247
0.0	Dimacrodon	278.38856444178714	267.30395074283166
0.0	Dimetrodon	297.91472153724754	270.6426541020025
0.0	Dinanomodon	258.973085408108	248.69620061088622
0.0	Dinodontosaurus	242.1103343978398	235.30209391593718
0.0	Dinogorgon	259.45382801899143	254.02271244104782
0.0	Dinosaurus	266.4308878282179	265.50140712265124
0.0	Dolichuranus	245.1150522666625	244.6242051072019
0.0	Dolomitipes	253.0483994809891	247.0493268463972
0.0	Driveria	276.15473025995925	275.21063051860665
0.0	Dromatherium	215.97421572236178	215.1001450727351
0.0	Dvinia	260.0802077429556	256.3495278081527
0.0	Ecteninion	233.9557352364762	232.83396993437555
0.0	Edaphosaurus	304.4175387985765	274.5935362862467
0.0	Elcabrosaurus	302.82315955048404	301.82293568765544
0.0	Elephantosaurus	240.84506326023563	240.64281248374812
0.0	Elliotsmithia	264.43803088799456	263.47061985219324
0.0	Elph	263.7986431416498	261.66750191125016
0.0	Emydochampsa	257.39718993014594	257.1240253261122
0.0	Emydops	265.05536956578044	254.08753870565351
0.0	Emydorhinus	257.71836667650325	255.9882788477895
0.0	Emydorhynchus	256.5731786764731	256.291399964275
0.0	Emyduranus	260.7444126367755	256.3499383238826
0.0	Endothiodon_Temperate_S	289.3030864129657	253.9638230239468
0.0	Endothiodon_Tropical_S	254.91396173640396	252.07881470401813
0.0	Ennatosaurus_Temperate_N	273.2740190298417	265.2548219944621
0.0	Ennatosaurus_Tropical_N	261.538313923056	260.79153645845963
0.0	Eocasea	299.61862431614105	298.6295986755407
0.0	Eodicynodon	273.8196330480468	261.3403289854147
0.0	Eoraetia	205.95556797144417	205.1909942944139
0.0	Eosimops	265.9045761333805	255.16065606032188
0.0	Eothyris	285.47487163375126	284.72302391406714
0.0	Eozostrodon	208.83448484995344	201.38681100024505
0.0	Ericiolacerta	251.91446275594697	245.74042068807293
0.0	Eriphostoma	265.3629644988338	253.93406255984573
0.0	Estemmenosuchus	267.4045751822243	264.07938593472915
0.0	Eubrachiosaurus	233.8920427567642	232.88731925088726
0.0	Euchambersia	256.4297174736673	256.1552972000878
0.0	Euptychognathus	258.0627284743311	257.78747298889857
0.0	Euromycter	277.62311864664997	276.6471523076647
0.0	Exaeretodon_Temperate_S	241.41944045826943	207.99756994120028
0.0	Exaeretodon_Tropical_N	242.69017282774237	242.29469943458642
0.0	Fluctuodon	208.8171638272133	208.0223266443013
0.0	Galechirus	265.3892535568095	261.39983560234157
0.0	Galeops	263.0646715026562	258.0509287609596
0.0	Galesaurus	252.2726164093037	246.72249621118942
0.0	Gaumia	214.38542299126613	202.21127554245876
0.0	Geikia_Temperate_N	253.59753332931209	253.32780515462568
0.0	Geikia_Temperate_S	258.0787857106146	253.86649633112523
0.0	Glanosuchus	266.62131823716885	260.3177542152613
0.0	Glaucosaurus	283.0994675921091	282.20941913959814
0.0	Gomphodontosuchus	232.80352534550056	208.7086740480307
0.0	Gondwanadon	233.7031437602231	232.61165025507304
0.0	Gordonia	253.59204461094006	251.916329249083
0.0	Gorgodon	274.75001772528674	266.96396628493426
0.0	Gorgonops	263.9040881104671	254.1318573898167
0.0	Gorochovetzia	259.0452431180284	258.7349083603826
0.0	Gorynychus	262.16985245164227	259.2234674876676
0.0	Habayia	204.79319565383892	204.0366359909075
0.0	Hahnia	208.8972841388753	208.10948371143638
0.0	Hallautherium	203.74994701240706	203.00841891204058
0.0	Haptodus	306.6441644888294	285.3742996673529
0.0	Haramiyavia	209.19744646609414	206.1500293017537
0.0	Hazhenia	248.04027421529116	247.75468898445877
0.0	Heleosaurus	260.5380416229764	259.89005765426094
0.0	Helvetiodon	206.8719142766189	206.1106183975701
0.0	Herpetoskylax	260.52052411433493	254.67597650628238
0.0	Hipposaurus	263.1134217761169	260.615579510407
0.0	Hofmeyria	261.5596569392094	254.5072045760043
0.0	Homodontosaurus	261.3615970413508	252.48753939146218
0.0	Hwanghocynodon	256.9705018650442	256.704176767834
0.0	Hyaenasuchus	263.81206153261525	262.9138209851052
0.0	Hypselohaptodus	294.8426758405996	293.8455377287497
0.0	Hypsiprymnopsis	208.6140376374079	207.8108615346518
0.0	Ianthasaurus	304.92113040187286	303.43219519604185
0.0	Ianthodon	304.3312789728417	303.3215279580646
0.0	Ichibengops	255.21008395796807	253.57012280007365
0.0	Icticephalus	257.644400324613	257.36885733800807
0.0	Ictidochampsa	253.01422706206446	252.73621814150505
0.0	Ictidognathus	255.9849867058767	254.97017625840022
0.0	Ictidorhinus	253.66223306931278	253.37966556473427
0.0	Ictidosaurus	268.07909186145605	262.78045805617626
0.0	Ictidosuchops	260.0499771944152	252.0453013849126
0.0	Ictidosuchus	257.5625966650775	257.2812435986534
0.0	Idelesaurus	263.6836110570977	262.9213831525565
0.0	Impidens	244.8023801916204	244.30055311330665
0.0	Inostrancevia_Temperate_N	265.0264783678515	257.13840225929516
0.0	Inostrancevia_Temperate_S	259.23533389797234	258.8595067859358
0.0	Interpresosaurus	258.8991670914179	258.60634820694327
0.0	Irajatherium	222.0010931711965	213.01380315697276
0.0	Ischigualastia	236.02451500690637	229.25766924526863
0.0	Isengops	254.8451706167656	254.56563680405117
0.0	Jachaleria	240.34005718979608	207.82187008213393
0.0	Jimusaria_Temperate_N	254.64431016687223	251.21779455134234
0.0	Jiufengia	259.77986226177586	259.232862581565
0.0	Jonkeria	264.824356024918	254.3364475247232
0.0	Julognathus	261.1775737712024	260.5223561483131
0.0	Kamagorgon	276.6006245526826	265.6330910625407
0.0	Kannemeyeria	251.86053611476956	241.79001291198583
0.0	Karenites	260.6600183123019	259.2479657811942
0.0	Kataigidodon	227.38291779419694	226.41348842359488
0.0	Katumbia	260.6335776122233	255.04343354264165
0.0	Kawingasaurus	260.49603483365075	254.85500435788978
0.0	Kembawacela	260.47079682284027	255.27442428491466
0.0	Kenomagnathus	304.6472138610077	303.65179361503266
0.0	Keratocephalus	264.6413672750396	259.5648083428871
0.0	Keyseria	257.19272993984663	256.91344413082527
0.0	Kitchinganomodon	256.7980878282394	253.09219276158655
0.0	Knoxosaurus	284.10230927973305	274.47493923898395
0.0	Kombuisia	244.72734099239133	241.98871396345385
0.0	Kotelcephalon	262.5779832436732	261.867399256536
0.0	Kuehneotherium	207.96909175597847	202.38268758809224
0.0	Kunpania	256.2359146387489	255.97229534229024
0.0	Kwazulusaurus	253.7585215083379	253.47667929949552
0.0	Lalieudorhynchus	265.4071782762751	264.5600678535096
0.0	Langbergia	251.53203444165996	247.22653447980974
0.0	Lanthanostegus	263.1576014625207	260.6500282161168
0.0	Lemurosaurus	259.3947717455989	254.20435851001676
0.0	Lende	255.34980295853325	255.0706381139966
0.0	Leogorgon	261.7835269897013	260.3246189709263
0.0	Leontosaurus	260.94377129683585	251.21185624956888
0.0	Lepagia	209.47222070106994	203.90089679639706
0.0	Leucocephalus	258.30586745999074	258.0221914801657
0.0	Lisowicia	212.0882942918985	211.26009972696392
0.0	Lobalopex	256.8995061907131	256.6195080532229
0.0	Lophorhinus	254.68868034044723	254.40452198015444
0.0	Luangwa	247.36867547258814	241.30110519212985
0.0	Lumkuia	242.96748681753624	242.51820327861495
0.0	Lupeosaurus	295.060332877202	294.08066910318024
0.0	Lycaenodon	258.3443942369804	255.413563926255
0.0	Lycaenops	260.3786098397232	252.3080712100515
0.0	Lycedops	263.2989849649838	262.45005036179714
0.0	Lycideops	254.34433554891612	254.06626108177625
0.0	Lycosaurus	265.5953949481704	257.74863771637797
0.0	Lycosuchus	264.27231375625377	263.31748241232833
0.0	Lystrosaurus_Temperate_N	254.29321148335617	247.9236362112003
0.0	Lystrosaurus_Temperate_S	264.27090653437205	247.20789100316244
0.0	Macromerion	301.79831266372395	300.4013586631201
0.0	Madysaurus	230.34890395891267	229.42419334586123
0.0	Malasaurus	259.6782767389059	259.17843899014434
0.0	Mandagomphodon	247.78968597976927	241.59600406485131
0.0	Martensius	290.13717900625977	289.2688925070731
0.0	Massetognathus	242.69328215154482	230.47714639674126
0.0	Mastersonia	272.72394423372464	271.7585387089513
0.0	Maubeugia	208.13888562906925	207.35752583917218
0.0	Megawhaitsia	259.5242282745672	258.7715482391792
0.0	Melanedaphodon	309.3118413880729	308.33462278683726
0.0	Menadon	243.52583993350848	226.32436115940106
0.0	Mesenosaurus_Temperate_N	273.12083622091023	264.0213323063915
0.0	Mesenosaurus_Tropical_S	289.9001130035649	289.07950793696295
0.0	Meurthodon	202.07793696080154	201.31047498009198
0.0	Microconodon	236.16607122897443	208.02399147218978
0.0	Microgomphodon	251.02326906964166	242.2228485717521
0.0	Microhelodon	246.9428755433101	246.53878678127768
0.0	Microscalenodon	205.85402965388423	201.746290511875
0.0	Microsyodon	271.6017320292886	266.2884478361094
0.0	Microurania	266.41001155282544	258.05222570155655
0.0	Microvaranops	265.1821315755017	259.48667646509546
0.0	Microwhaitsia	257.3113866143888	254.02434887759833
0.0	Milosaurus	303.5475299796823	302.54898966368
0.0	Minicynodon	214.6286324715933	213.68737354251894
0.0	Mirotenthes	260.8021932536885	255.9803203778706
0.0	Mitredon	204.499824581732	203.76858937121932
0.0	Mobaceras	268.6206487087089	267.55514675935086
0.0	Moghreberia	237.89511416315722	200.6893570895241
0.0	Mojo	203.23795243080488	202.48502702368927
0.0	Molybdopygus	267.1404030909925	266.2838708229837
0.0	Morganucodon	207.7306262396853	200.86672095512355
0.0	Mormosaurus	266.28214478689074	262.87481497753095
0.0	Moschops	264.6223290686463	259.3344955586552
0.0	Moschorhinus	259.05110308250727	247.42188896254893
0.0	Moschowhaitsia	260.3600387413914	258.0777578514243
0.0	Muchia	260.6331301337271	260.04797990436447
0.0	Mucrotherium	205.61692960235834	204.8827077859443
0.0	Mupashi	254.5386365120761	254.26343604912995
0.0	Mycterosaurus	289.52030011987966	274.20439978014804
0.0	Myosauroides	258.4845528754063	258.20326990776215
0.0	Myosaurus	252.28444703468634	246.90069476945945
0.0	Nanictidops	254.8338890238366	254.5573508248939
0.0	Nanictocephalus	254.61627591631296	254.3375811929189
0.0	Nanictosaurus	261.31411921779335	254.92722297609362
0.0	Nanocynodon	260.40633725636286	259.84781514635574
0.0	Nanogomphodon	237.85922992598364	237.62299480856555
0.0	Neosaurus	290.47003528429815	289.5995980424534
0.0	Niaftasuchus	270.1536388391038	265.5579754151755
0.0	Niassodon	258.058997641226	257.7816611662387
0.0	Nikkasaurus	273.49568608491774	263.9470307774573
0.0	Nitosaurus	299.73494399373567	298.753659954029
0.0	Niuksenitia	262.2399810740438	261.51895266122705
0.0	Nochnitsa	261.59293716154735	260.9139801290467
0.0	Notaelurodon	252.3464100828687	252.05888378508791
0.0	Nothogomphodon	244.13638921605815	242.25574692827945
0.0	Notosyodon	261.1316611759841	260.4867970056541
0.0	Nshimbodon	259.9142724350973	259.2979760111945
0.0	Nythosaurus	244.27345624015229	243.77120742877565
0.0	Odontocyclops	259.97920208328986	253.91661453959426
0.0	Oedaleops	304.52761833695354	295.99776824318155
0.0	Oligokyphus	202.93825750064528	201.971771656789
0.0	Olivierosuchus	252.6641896932469	246.46252716703933
0.0	Ophiacodon	303.96236601913284	273.0389321309067
0.0	Ophidostoma	255.19244358068318	254.90990965046018
0.0	Ordosiodon	246.21007177383757	242.16889679701467
0.0	Oromycter	284.43793990503724	283.60209614708214
0.0	Otsheria	266.35020332364104	265.4854114597624
0.0	Oudenodon_Temperate_S	263.41833417649457	252.02832479569128
0.0	Pachydectes	262.346758265783	261.52660048247134
0.0	Palemydops	258.15738412177393	255.9510020403983
0.0	Pampaphoneus	267.14285958752674	259.4590892038981
0.0	Panchetocynodon	251.77982652715576	251.4992129362919
0.0	Parabradysaurus	272.2371650874628	269.4441260196472
0.0	Paraburnetia	258.48569840487477	258.19389571563937
0.0	Paragalerhinus	259.8247513489961	259.2162523059139
0.0	Parakannemeyeria_Temperate_N	247.09123463338605	242.04664276619204
0.0	Parasuminia	260.2762996369051	259.7509959252181
0.0	Paratraversodon	239.87884209438027	235.66003231182773
0.0	Pardosuchus	264.42700063003673	263.4536377674113
0.0	Pascualgnathus	236.34551314043534	226.05631826315425
0.0	Patranomodon	265.40144495347755	264.0228691836228
0.0	Pelanomodon	259.2647089219989	251.48301301767702
0.0	Pelictosuchus	259.8534491802936	251.88787319098387
0.0	Pentasauropus_Temperate_S	245.10929780284076	200.9393921518864
0.0	Pentasauropus_Tropical_N	225.18785432778168	224.40597417324952
0.0	Pentasaurus	211.81505621482245	210.84144250970644
0.0	Peramodon	259.249538209425	256.3445957663185
0.0	Perplexisaurus	266.044598395447	259.698311641445
0.0	Phocosaurus	263.6647316397872	259.9813510246697
0.0	Phreatophasma	273.0709329502339	272.16400605709026
0.0	Phthinosaurus	273.7933169771474	264.71264658957114
0.0	Placerias	236.77871528030204	211.45057645152903
0.0	Planitorostris	239.04516897373531	238.849292079996
0.0	Platycraniellus	252.97149499796961	246.409054194606
0.0	Platycyclops	257.61947155710794	257.33529828314096
0.0	Platypodosaurus	260.5100798599965	254.05230079609296
0.0	Plinthogomphodon	231.65093097050195	230.62722878891637
0.0	Polonodon	231.80179640885373	230.83897688857394
0.0	Polycynodon	258.9647529140705	258.63972738195616
0.0	Porosteognathus	264.4337519809114	261.13598306122867
0.0	Pravoslavlevia	264.11193512855215	263.3277143640698
0.0	Pristerodon_Temperate_S	264.40224202774783	254.3981781123114
0.0	Pristerognathoides	265.16755782479925	255.37227416077715
0.0	Pristerognathus	263.85959644708186	259.50151258762844
0.0	Pristerosaurus	262.0638075652889	261.26707977827834
0.0	Probainognathus	240.51214158804072	231.80945979278772
0.0	Proburnetia	261.0528234437866	260.4152581859815
0.0	Procynosuchus_Temperate_N	259.8944829438805	256.32707196171543
0.0	Procynosuchus_Temperate_S	260.26415203244466	248.46262527700375
0.0	Prodicynodon	258.5462804487543	254.42489677017187
0.0	Progalesaurus	251.5498656821058	251.25788541521365
0.0	Promoschorhynchus	261.4544619150797	251.54839606961738
0.0	Prosictodon	261.2269510380811	260.4884713608014
0.0	Protheriodon	240.05026828628849	239.848130984671
0.0	Protuberum	241.89970850392086	234.9700843134731
0.0	Prozostrodon	237.2112102047993	217.990634933559
0.0	Pseudotherium	230.6119544939699	229.43774312099285
0.0	Pseudotriconodon_Temperate_N	217.51567241333208	200.13932420893397
0.0	Pseudotriconodon_Tropical_N	210.43148371172558	209.5423711937396
0.0	Ptomalestes	263.360303362134	261.05338721453364
0.0	Purlovia	257.87513056045515	257.3731687083444
0.0	Putillosaurus	250.17779331443876	249.9039789425008
0.0	Pyozia	268.4604023538571	267.5974322994349
0.0	Rabidosaurus	247.14747540747504	242.51692322381453
0.0	Raranimus	271.6947947942066	270.75885537357317
0.0	Rastodon	260.2334371461711	259.66965356153514
0.0	Rechnisaurus	247.03718699707977	242.06679432329048
0.0	Redondagnathus	209.51577433202996	208.64711023090152
0.0	Regisaurus	250.7554138216786	246.826310456689
0.0	Reiszia	271.22970656957744	264.74124031872316
0.0	Remigiomontanus	294.41090203763895	293.4227515278355
0.0	Repelinosaurus	248.4642451857218	248.17594921692216
0.0	Rewaconodon_Temperate_S	233.5773563565092	230.2401245447335
0.0	Rewaconodon_Tropical_S	211.19949219644786	210.31321969789101
0.0	Rhachiocephalus	259.89886233152623	253.9494114560952
0.0	Rhadiodromus	244.44917273804765	241.95207141130732
0.0	Rhinodicynodon	246.34858577281526	245.9166987260155
0.0	Rhopalodon	266.5838006667214	264.3908801593014
0.0	Riebeeckosaurus	263.0049879088139	262.1439681663511
0.0	Riograndia	227.4249462965056	209.96870370712145
0.0	Riojanodon	233.8622508583172	232.7095272856019
0.0	Robertia	264.6099631974724	255.45475844322604
0.0	Rosieria	204.1522614082141	201.5794203983253
0.0	Ruberodon	229.30153618108193	228.25577430417937
0.0	Rubidgea	260.52100630893773	254.2856747188474
0.0	Ruhuhucerberus	259.1524976583314	255.84317255796347
0.0	Ruthenosaurus	277.0364931271128	276.0722658759573
0.0	Ruthiromia	299.5728610714249	298.57334941878855
0.0	Sangusaurus	248.3722174801686	236.55629514958127
0.0	Santacruzgnathus	227.72108707540795	226.74067982362442
0.0	Santacruzodon	236.33781221759904	228.1760391589557
0.0	Santagnathus	226.4882956491325	208.5831911747251
0.0	Sauroctonus_Temperate_N	264.04870636077464	263.2640641724337
0.0	Sauroctonus_Temperate_S	258.8948541713218	258.58110388281506
0.0	Sauroscaptor	259.8005831510418	254.09432272731902
0.0	Scalenodon	246.7980096629028	241.56437634976066
0.0	Scalenodontoides	222.78707156735132	200.7082546685317
0.0	Scalopocephalus	257.7669563990184	257.4842349928963
0.0	Scalopodontes	260.97065610998214	260.3197063010441
0.0	Scalopognathus	251.49908721569727	251.2309507608031
0.0	Scaloporhinus	256.7032463088827	256.42716633466546
0.0	Scaloposaurus	261.3983476919569	246.84564483514123
0.0	Scaloposuchus	252.48411878240722	252.19893205497632
0.0	Scylacoides	258.3721411824663	258.09107782451537
0.0	Scylacops	260.89253916118935	253.40860001887918
0.0	Scylacosaurus	261.7866984505294	256.316928715032
0.0	Scylacosuchus	260.5118851293695	259.93627477972717
0.0	Scymnosaurus	264.56752349752804	259.85365982076075
0.0	Secodontosaurus	288.7665895136051	279.1729660595594
0.0	Sesamondontoides	245.28931064910765	244.79100261398452
0.0	Shaanbeikannemeyeria	247.45566581952338	242.69384666551838
0.0	Shansiodon_Temperate_N	246.97619974305292	241.75832934418816
0.0	Shansiodon_Temperate_S	244.67879612975102	244.17449791124986
0.0	Shashajaia	282.0243158328552	281.1015791412815
0.0	Shiguaignathus	256.0779939794481	255.8137039925278
0.0	Silphedosuchus	250.95969390005112	250.6867359188774
0.0	Silphoictidoides	260.98612351813705	257.629568003337
0.0	Sinoconodon	204.98134721355117	204.22451113166758
0.0	Sinognathus	245.2926674211464	244.83819929536324
0.0	Sinokannemeyeria	246.63021803631284	237.51811058242018
0.0	Sinophoneus	273.2447644661429	266.60812974069836
0.0	Sintocephalus	259.1027275911551	258.75710367791845
0.0	Siriusgnathus	230.98677729289022	211.0674485327452
0.0	Sludica	264.13359457543595	261.56584378642424
0.0	Smilesaurus	256.00063139780923	253.87882797912525
0.0	Sphenacodon	302.85511818840246	286.3284997339452
0.0	Stahleckeria	247.80108415840445	236.45366525228064
0.0	Steppesaurus	268.33112330368294	267.36414606443276
0.0	Stereophallodon	292.5594973466675	291.59117521896104
0.0	Stereorhachis	304.87230930326285	303.9252568695514
0.0	Struthiocephaloides	265.18051081738673	262.1209104614989
0.0	Struthiocephalus	264.491916759985	259.66578061487195
0.0	Styracocephalus	261.7315692355266	259.4714177614004
0.0	Suchogorgon	264.13222924609755	262.5964024415033
0.0	Suminia	264.2987839212342	259.4432039768181
0.0	Sungeodon	251.7072719887134	251.439384995967
0.0	Sycosaurus	259.95546844150476	256.3429197808408
0.0	Syodon	275.9914807639935	261.18176769115644
0.0	Syops	256.7837105447389	253.71425521126224
0.0	Sysphinctostoma	246.157748889987	242.76088356595508
0.0	Tambacarnifex	287.52416444649526	286.83640625291764
0.0	Tamboeria	260.906277985675	260.200503738804
0.0	Taoheodon	253.79313065283284	253.52411193305963
0.0	Tapinocaninus	265.25867741668327	264.3033869939758
0.0	Tapinocephalus	262.98606965175304	259.6365418549158
0.0	Tappenosaurus	284.23397404065446	274.30629150657114
0.0	Taurocephalus	260.4716783308925	259.84665543914497
0.0	Tenuacaptor	306.1072684014429	305.1320864902609
0.0	Tessellatia	220.3062929652929	219.45584332291511
0.0	Tetraceratops	278.27201295563265	277.3137580027443
0.0	Tetracynodon	258.4412966443195	246.37319415035114
0.0	Tetragonias	247.5308065794035	241.6113817271124
0.0	Theriognathus	259.89843811677156	242.8699417647894
0.0	Therioherpeton	227.9155200588181	226.94181359426972
0.0	Therioides	261.59644068438706	260.8206342704382
0.0	Theroteinus	201.9319557326953	201.1908949803586
0.0	Thliptosaurus	257.1155823782556	256.8406214210939
0.0	Thomasia	218.03513639538258	200.91122276485436
0.0	Thrinaxodon	251.95165491405365	247.42543158136473
0.0	Tiarajudens	261.29665905383627	260.53371901243867
0.0	Tigrisuchus	260.88935003626625	255.7648088173898
0.0	Tikitherium	231.61759760002695	230.50605797144084
0.0	Titanophoneus	266.4210818884154	259.3942888394831
0.0	Titanosuchus	268.37685122899825	260.0223912714808
0.0	Traversodon	243.06489563507873	239.15400788103761
0.0	Traversodontoides	247.1074763660618	246.75024083468125
0.0	Trichasaurus	276.9669694329667	276.0006784818689
0.0	Tricuspes	214.22482166347922	201.33129826313626
0.0	Trirachodon	247.42118286364976	244.51791102086963
0.0	Tritylodon	202.23617974185896	201.3885941706556
0.0	Trochorhinus	263.4999236002118	262.62290045849846
0.0	Trochosaurus	263.62649923834357	259.9493994415084
0.0	Trochosuchus	260.9400117940404	260.2257023215445
0.0	Tropidostoma	260.5946044087464	254.82528721398614
0.0	Trucidocynodon	232.84248415582857	213.28897440216892
0.0	Turfanodon_Temperate_N	260.9389090031538	252.17014605294924
0.0	Ufudocyclops	246.48209453145583	242.46061328049873
0.0	Ulemica	267.81918929829226	259.20668998465464
0.0	Ulemosaurus	267.6718682381777	259.922883965052
0.0	Uniserium	206.15080204506972	205.39504390150023
0.0	Uralocynodon	264.4628122449434	263.66472211289016
0.0	Uralokannemeyeria	245.73075652291232	242.74899390413452
0.0	Urumchia	251.96850149437427	251.69525102082366
0.0	Ustia	260.2903421978985	259.76542981953185
0.0	Varanodon	268.9670411071856	268.01643519092977
0.0	Varanops	291.4287152016033	274.29877359180904
0.0	Varanosaurus	289.02098142089676	271.8592558310447
0.0	Vaughnictis	294.5472633917313	284.97930686126034
0.0	Venyukovia	265.18521968173945	264.4012244348267
0.0	Vetusodon	256.50067856881327	256.22119617482855
0.0	Viatkogorgon	263.42127265685747	261.62925879354907
0.0	Viatkosuchus	264.93270517431523	259.6377196933008
0.0	Vinceria	247.37231084177427	241.30938901226384
0.0	Vivaxosaurus	264.20586919991257	255.306706915439
0.0	Wadiasaurus	242.9679917665144	242.52887281129156
0.0	Walteria	264.66505718637524	263.6680075064407
0.0	Wantulignathus	270.472016845469	269.4210925031395
0.0	Watongia	268.4999159548551	267.5240819342427
0.0	Woutersia	208.37904923318249	202.15806223109843
0.0	Woznikella	237.0038993841506	231.9795055849854
0.0	Xiyukannemeyeria	247.43023794240835	235.9928907903862
0.0	Xyrospondylus	306.05245746200774	303.1971381384427
0.0	Yikezhaogia	242.40385692708426	242.07200764330017
0.0	Zambiasaurus	244.07219268210025	243.58109329056464
