clade	species	ts	te
0.0	Abajudon	273.75012702769493	262.08279711612334
0.0	Abdalodon	255.38934300599914	255.08334607544168
0.0	Acratophorus	237.16936256846867	225.7291365654797
0.0	Adelobasileus	217.90591084216544	217.02739091731272
0.0	Aelurognathus_Temperate_S	259.6330881180177	251.86484146605383
0.0	Aelurosaurus	271.7417725245585	253.91953015793896
0.0	Aelurosuchus	246.95009156053365	246.63191769315526
0.0	Aerosaurus	301.1828681143281	286.8520873368419
0.0	Akidnognathus	259.3980655355506	254.637874120914
0.0	Alemoatherium	209.17263796915063	208.275888907323
0.0	Aleodon	247.9035932825982	231.81051410301927
0.0	Alepognathus	260.18089948907175	259.607324971757
0.0	Alierasaurus	273.2418438294011	272.3247874713234
0.0	Alopecideops	263.5890953092433	262.6640597150323
0.0	Alopecodon	265.1739831704003	260.9510316695348
0.0	Alopecognathus	265.4017151563059	260.257623927979
0.0	Alopecorhinus	261.3003171145761	260.5183822564062
0.0	Aloposaurus	260.6596514862378	254.71373223391797
0.0	Alrausuchus	273.63386171574894	265.00695873738215
0.0	Ameghinichnus	225.08745017405548	224.1847153238992
0.0	Andescynodon	247.88876923776306	225.82047458002572
0.0	Angelosaurus	280.87156182695566	269.1172713966945
0.0	Angonisaurus	245.5042669617066	245.15613593819654
0.0	Annatherapsidus	262.7970972562812	256.7613527700675
0.0	Anningia	263.13329850357104	262.2381697753215
0.0	Anomocephalus	266.3660893843672	265.31759977843836
0.0	Antecosuchus	247.80217414055042	241.63307573169405
0.0	Anteosaurus_Temperate_N	262.00929173290973	261.2879212224862
0.0	Anteosaurus_Temperate_S	264.63661175939365	259.51477373934085
0.0	Apsisaurus	294.6368271440696	293.75419881072423
0.0	Archaeosyodon	266.91754513940947	266.04932078938043
0.0	Archaeothyris	309.84868635766935	306.90377042183263
0.0	Archaeovenator	300.8470291963897	299.96946829126983
0.0	Arctognathus	260.4510881959235	252.792473832757
0.0	Arctops	260.47365369282056	253.5400742014655
0.0	Arctotraversodon	237.028493932681	231.62517767171417
0.0	Arisierpeton	285.8560362654924	285.14853781358005
0.0	Aulacephalodon	259.4676270378943	252.21393307361924
0.0	Aulacocephalus	254.83248520750683	254.5251761606285
0.0	Australobarbarus	261.74280955001996	259.8208237726
0.0	Australosyodon	266.61447366105796	265.53450344568677
0.0	Avenantia	260.6139531811877	259.9298498404148
0.0	Baldwinonus	304.4280689262688	297.3370645584776
0.0	Basilodon	260.8712272648121	253.6505910170805
0.0	Bauria	246.4129396475912	241.9663329148582
0.0	Beishanodon	250.37552250913237	250.12502869727265
0.0	Biarmosuchoides	265.8040379588854	264.9544783242416
0.0	Biarmosuchus	270.8266273145527	264.01828951264395
0.0	Biseridens	273.0026887112278	267.62430531735254
0.0	Blattoidealestes	254.56624037064603	254.26260366646838
0.0	Bohemiclavulus	301.60336252286083	300.7658093464191
0.0	Bolodon	206.23706820028974	205.47922557474047
0.0	Bolotridon	245.36235247246677	245.01037061174432
0.0	Bonacynodon	242.1622654293105	234.7575287452029
0.0	Boreogomphodon	234.5060890511913	217.37275751734722
0.0	Botucaraitherium	227.29735783390942	226.20804137347145
0.0	Brachyprosopus	264.5965852062793	259.2932298693724
0.0	Brachyzostrodon	207.7251779772637	203.58794913516587
0.0	Brasilitherium	226.89212903881813	211.6543210011866
0.0	Brasilodon	225.9183163134673	208.55653460935764
0.0	Brontopus	255.3919315716286	253.50417602043234
0.0	Bulbasaurus	260.322677994434	254.63876788173528
0.0	Bullacephalus	260.01479181954613	259.48371645211313
0.0	Burnetia	254.85241737841625	254.54785185216974
0.0	Cabarzia	297.3865766794228	296.57387021904117
0.0	Callibrachion	284.9957795604701	284.27215352046363
0.0	Candelariodon	241.60665752855212	241.390603639361
0.0	Caodeyao	257.1245511360539	256.8312724033874
0.0	Casea	284.66474889793454	272.26976999450164
0.0	Caseoides	281.5854988502962	266.04440268164626
0.0	Caseopsis	278.55852210412036	266.4784968415586
0.0	Cerdodon	267.18273061197954	266.09579950510073
0.0	Cerdorhinus	254.9071961969491	254.6005530260455
0.0	Cerdosuchus	257.9808185560515	257.6658589375248
0.0	Chalepotherium	202.2069689493233	201.48870652357783
0.0	Chaliminia	227.41354421602938	222.71346635519333
0.0	Charassognathus	254.59833210631098	254.29773681923893
0.0	Charruodon	212.59109748738643	211.69689484219373
0.0	Chiniquodon	241.69324188689953	226.01283316784796
0.0	Choerosaurus	267.9208883207198	258.0150038871642
0.0	Chthomaloporus	265.01584918701406	264.23903337892284
0.0	Chthonosaurus	262.61694431448444	259.0725936522962
0.0	Cistecephaloides	257.2761695107285	256.977305723819
0.0	Cistecephalus	259.7950874350003	254.1273341831219
0.0	Cistecynodon	243.69804960691167	243.3568140383376
0.0	Clelandina	261.25686094510206	250.9907455330393
0.0	Clepsydrops	306.9804433391794	284.0348273169909
0.0	Colobodectes	264.0140931220007	250.96151666163306
0.0	Compsodon	258.37152473539027	252.79963693878912
0.0	Cotylorhynchus	283.6274964309466	264.0809020085512
0.0	Counillonia	251.73798953928915	251.4662346728473
0.0	Cricodon	247.76259391761306	227.84522955570705
0.0	Criocephalosaurus	263.7660039688746	261.504347319644
0.0	Cromptodon	246.39851970596845	246.05913050066417
0.0	Cryptocynodon	258.4391515806279	253.97983420702562
0.0	Cryptovenator	302.11699882139794	301.2722995125542
0.0	Ctenorhachis	286.5165108164812	285.8223738529429
0.0	Ctenospondylus	293.2730629676499	283.2700345608307
0.0	Cutleria	300.1591961202765	290.2849498155312
0.0	Cynariognathus	264.60057274049257	260.125295584739
0.0	Cyniscops	258.4553740005263	258.14396354913447
0.0	Cynognathus	247.55779915638246	230.93799993698028
0.0	Cynosaurus	260.06114722294944	252.51086607623353
0.0	Cyonosaurus	260.1842996273322	251.694636234668
0.0	Dadadon	242.8869414378402	226.10806499108398
0.0	Dalongkoua	253.8930458397577	253.60562808000583
0.0	Daptocephalus	263.31861533456964	251.8582012424465
0.0	Daqingshanodon	256.79162236403334	256.50007484973196
0.0	Datheosaurus	298.85093701838326	298.02201618309925
0.0	Davletkulia	267.50929236067407	266.6313183456275
0.0	Deccanodon	212.90007092310904	212.0437650401302
0.0	Delectosaurus	258.0664952360675	256.22710045713893
0.0	Delphinognathus	264.2437140776391	263.239242220089
0.0	Deuterosaurus	266.43742359665015	260.4461273275984
0.0	Diademodon	247.39064945433444	228.74159803762348
0.0	Dicynodon_Temperate_N	261.49167104605135	259.91347751141376
0.0	Dicynodon_Temperate_S	298.9815099824442	236.07134736058288
0.0	Dicynodontipus_Temperate_N	243.12274857434426	242.79437041803376
0.0	Dicynodontipus_Temperate_S	256.1752086661094	237.69946171192615
0.0	Dicynodontoides_Temperate_S	260.64616039682176	250.76963374651356
0.0	Diegocanis	234.69611666150132	233.58964757914825
0.0	Digalodon	259.19006931823543	253.02563779455818
0.0	Diictodon_Temperate_N	252.61403408204754	252.33271952246153
0.0	Diictodon_Temperate_S	264.02598295404584	251.8485375538046
0.0	Diictodontoides	256.21859596415135	255.91109613618573
0.0	Dimacrodon	282.9983365977719	272.88674198284485
0.0	Dimetrodon	298.4205063523434	265.4478797733151
0.0	Dinanomodon	260.10384315914655	250.7739297762598
0.0	Dinodontosaurus	242.0919608855654	236.60071761234573
0.0	Dinogorgon	260.499631995727	254.40345751902333
0.0	Dinosaurus	267.0459754804102	265.4464639591584
0.0	Dolichuranus	243.63995866486337	243.29858023966236
0.0	Dolomitipes	252.79101234016022	249.02727719318494
0.0	Driveria	271.8196054587637	270.85999911737844
0.0	Dromatherium	222.88771960790697	221.98152590475462
0.0	Dvinia	263.48892838326293	260.91171869978336
0.0	Ecteninion	235.35367490492226	234.33588460757863
0.0	Edaphosaurus	303.1012177591077	255.62640194668745
0.0	Elcabrosaurus	299.63902811305326	298.798718375103
0.0	Elephantosaurus	240.65630781302994	240.45952937672038
0.0	Elliotsmithia	260.3655126469885	259.7392939218878
0.0	Elph	262.7493877504102	257.8665560633222
0.0	Emydochampsa	254.8354244585785	254.5317283273799
0.0	Emydops	272.06183854528456	252.72812982289102
0.0	Emydorhinus	260.71375980847756	253.40186089987108
0.0	Emydorhynchus	254.43210474960486	254.1255939908067
0.0	Emyduranus	256.3974967694101	254.82386868751078
0.0	Endothiodon_Temperate_S	263.10505497755054	252.97277158539737
0.0	Endothiodon_Tropical_S	261.26517975019806	251.09837899684285
0.0	Ennatosaurus_Temperate_N	273.0978469215709	264.65744480043037
0.0	Ennatosaurus_Tropical_N	261.6277734464911	260.88474136243764
0.0	Eocasea	301.0897584466382	300.2390055592118
0.0	Eodicynodon	271.20690614866163	262.4761614584078
0.0	Eoraetia	203.53178984538027	202.79517393237833
0.0	Eosimops	263.3564340280943	258.59625102442976
0.0	Eothyris	284.83238532129286	284.12081416648965
0.0	Eozostrodon	206.59974829716901	205.07796597162934
0.0	Ericiolacerta	252.61074309238927	248.6651478130152
0.0	Eriphostoma	265.4800980664288	253.94936976358048
0.0	Estemmenosuchus	269.1858776637087	264.3232946210989
0.0	Eubrachiosaurus	233.3510442801328	232.34343748206896
0.0	Euchambersia	255.47943147545047	255.1746911393623
0.0	Euptychognathus	258.60845046638804	258.2848459060587
0.0	Euromycter	273.7903593560733	272.8618801993334
0.0	Exaeretodon_Temperate_S	239.92024760818512	207.93084802646726
0.0	Exaeretodon_Tropical_N	245.480500981593	245.1435857909903
0.0	Fluctuodon	207.6234741882423	206.88968875359149
0.0	Galechirus	264.5368766042941	260.7077072696835
0.0	Galeops	265.8052621654482	253.57816602229306
0.0	Galesaurus	251.99600860648914	247.0109231655992
0.0	Gaumia	214.46237270855727	200.7276031705631
0.0	Geikia_Temperate_N	252.1046267158853	251.82308118536764
0.0	Geikia_Temperate_S	257.5340804486395	255.68274149639802
0.0	Glanosuchus	266.79634623144585	261.08938759734866
0.0	Glaucosaurus	289.3219369380927	288.59512129664
0.0	Gomphodontosuchus	235.96898031348067	232.26415221936756
0.0	Gondwanadon	236.29868846690596	235.4754717054103
0.0	Gordonia	254.36668411253245	252.25010337389637
0.0	Gorgodon	279.2205777041696	268.8545908834529
0.0	Gorgonops	265.03424256568246	253.4399512931385
0.0	Gorochovetzia	263.5515874339693	262.79029016835625
0.0	Gorynychus	263.93097610429646	260.5927572508288
0.0	Habayia	205.19680347958587	204.46159178920377
0.0	Hahnia	206.4874542237416	205.75550324997332
0.0	Hallautherium	205.2895833750273	204.5568623999722
0.0	Haptodus	306.0268344416093	284.8702902161206
0.0	Haramiyavia	209.18713107426413	204.9280369544837
0.0	Hazhenia	246.67057817876844	246.3526745683207
0.0	Heleosaurus	262.5859727958662	261.73848368423603
0.0	Helvetiodon	204.9415264482417	204.20462752544935
0.0	Herpetoskylax	260.5010712131075	253.4958749989844
0.0	Hipposaurus	262.7042889364555	261.8825929807271
0.0	Hofmeyria	260.0880966269132	253.750151516459
0.0	Homodontosaurus	259.9783356978421	254.03377744838576
0.0	Hwanghocynodon	255.41630061194198	255.11918803168967
0.0	Hyaenasuchus	260.64670453566373	259.97863251636795
0.0	Hypselohaptodus	295.95293685938293	295.13020174726535
0.0	Hypsiprymnopsis	205.76916530776492	205.00624716352564
0.0	Ianthasaurus	305.88486259478384	303.50130601714756
0.0	Ianthodon	305.91928069697155	305.0667584621364
0.0	Ichibengops	257.61273771948953	254.30735508074812
0.0	Icticephalus	256.18341148274374	255.87035426966102
0.0	Ictidochampsa	252.2958280955908	252.00955814577415
0.0	Ictidognathus	260.7797461815979	259.10241894991947
0.0	Ictidorhinus	254.40142788653225	254.09339083206928
0.0	Ictidosaurus	267.449119087636	261.9554906182861
0.0	Ictidosuchops	260.0970677912657	251.8178553755078
0.0	Ictidosuchus	259.9050803988956	259.2473350346608
0.0	Idelesaurus	264.34579002869515	263.5276588778955
0.0	Impidens	242.94702222563507	242.6090609574105
0.0	Inostrancevia_Temperate_N	264.5132862038236	258.01014181374325
0.0	Inostrancevia_Temperate_S	258.89285002410963	258.54589393470445
0.0	Interpresosaurus	258.1266106992193	257.8323371497949
0.0	Irajatherium	223.67114205224857	221.865129911864
0.0	Ischigualastia	235.28300974617574	226.7060930273778
0.0	Isengops	255.71573592117926	255.4142082542407
0.0	Jachaleria	241.00398953177464	207.5398023011635
0.0	Jimusaria_Temperate_N	254.26119237402781	251.44323730132848
0.0	Jiufengia	255.97160457100196	255.67867010425243
0.0	Jonkeria	264.973886916738	255.46924924934635
0.0	Julognathus	262.9379521802984	262.19465973066764
0.0	Kamagorgon	275.13379667721875	273.59135362778704
0.0	Kannemeyeria	249.02875186165514	241.75907353526858
0.0	Karenites	264.07448428036946	262.013307685426
0.0	Kataigidodon	218.40753599137568	217.53103880771465
0.0	Katumbia	261.24420055405164	254.37231964013674
0.0	Kawingasaurus	258.76585604907143	256.4378411177061
0.0	Kembawacela	260.6526208783912	253.47298861105307
0.0	Kenomagnathus	305.6176713439095	304.74270270997107
0.0	Keratocephalus	263.0111727253674	259.3795879095486
0.0	Keyseria	259.0570615842673	258.67689786306164
0.0	Kitchinganomodon	259.8728697570964	253.07916492150227
0.0	Knoxosaurus	281.65663339229604	271.85671538150984
0.0	Kombuisia	246.24689822944387	244.90892347980514
0.0	Kotelcephalon	260.8702644157764	260.2294817358389
0.0	Kuehneotherium	206.0608202718305	201.79881211712345
0.0	Kunpania	258.99985656528685	258.6572217605475
0.0	Kwazulusaurus	258.21588342609385	257.9051088682983
0.0	Lalieudorhynchus	265.266574669312	264.41088485094116
0.0	Langbergia	250.66723699762858	246.78961888198336
0.0	Lanthanostegus	263.84457079953734	261.53408771946283
0.0	Lemurosaurus	256.4312262031021	253.83629806571184
0.0	Lende	255.0570526617731	254.74602588917222
0.0	Leogorgon	260.9934373554493	260.1698002753642
0.0	Leontosaurus	258.40058961618297	252.5149291234855
0.0	Lepagia	207.02500957272574	201.04500831152316
0.0	Leucocephalus	254.7809476560485	254.4752653743075
0.0	Lisowicia	225.7919786515443	224.96336922637326
0.0	Lobalopex	255.78227140410215	255.47628563957707
0.0	Lophorhinus	254.4239651958634	254.1126124524574
0.0	Luangwa	248.0503897417824	227.15860266252284
0.0	Lumkuia	243.84789760343068	243.49163342090938
0.0	Lupeosaurus	297.6121245327212	296.7195355288369
0.0	Lycaenodon	260.2791057805706	254.08248669674626
0.0	Lycaenops	259.3968221333097	254.1766083812417
0.0	Lycedops	260.24971725583407	259.6552171611098
0.0	Lycideops	259.32850260964364	258.8791556835768
0.0	Lycosaurus	263.01354809493074	254.18530368685268
0.0	Lycosuchus	261.1911126137069	260.41798931564296
0.0	Lystrosaurus_Temperate_N	253.8155955450448	250.97377950444027
0.0	Lystrosaurus_Temperate_S	262.0000531305923	247.24390624472315
0.0	Macromerion	301.74753069525855	300.5321743693308
0.0	Madysaurus	235.32865670490645	234.51206937155519
0.0	Malasaurus	259.41591097865074	258.98488393133306
0.0	Mandagomphodon	244.65101825947596	242.5879736409119
0.0	Martensius	285.21254287150225	284.53997309894754
0.0	Massetognathus	242.07141015196973	229.6228608805759
0.0	Mastersonia	283.2666650355565	282.4715594621445
0.0	Maubeugia	205.2056127101347	204.4726637279208
0.0	Megawhaitsia	258.04310588603124	257.36289606064037
0.0	Melanedaphodon	309.1383476278761	308.2445831983309
0.0	Menadon	236.63027814356113	231.66292752128754
0.0	Mesenosaurus_Temperate_N	272.9688185038302	264.1007979892309
0.0	Mesenosaurus_Tropical_S	283.99600601848397	283.1727453665987
0.0	Meurthodon	205.05344415675663	204.3245221500392
0.0	Microconodon	229.19303095726372	214.77084983201462
0.0	Microgomphodon	251.83610483566724	241.76168332819066
0.0	Microhelodon	246.01193191234006	245.65298603104125
0.0	Microscalenodon	208.69467407268496	203.362643867011
0.0	Microsyodon	277.5178136298645	271.33262060314735
0.0	Microurania	264.6784854961457	256.80290365406046
0.0	Microvaranops	264.7327285048728	259.5211547860969
0.0	Microwhaitsia	256.31192603938064	253.3945936126124
0.0	Milosaurus	304.6017607172884	303.7353141123973
0.0	Minicynodon	216.99089685090996	216.07248508094057
0.0	Mirotenthes	258.6895160855057	253.45699096334656
0.0	Mitredon	204.0142482626348	203.28551651489423
0.0	Mobaceras	270.1452535419799	269.0145730610635
0.0	Moghreberia	233.19662818247008	215.77902285923454
0.0	Mojo	206.5420530372874	205.79970987559645
0.0	Molybdopygus	265.3186359787347	264.5195630791163
0.0	Morganucodon	206.4644648188318	202.3268880373492
0.0	Mormosaurus	264.7480689898664	260.06951915845775
0.0	Moschops	264.57564297652885	258.50360332963226
0.0	Moschorhinus	260.04996482341875	248.1832175454785
0.0	Moschowhaitsia	260.3406828738408	257.16850155976874
0.0	Muchia	262.822810747506	262.0951037004801
0.0	Mucrotherium	201.9569509447216	201.21168045369686
0.0	Mupashi	257.5961529363021	257.2895441634512
0.0	Mycterosaurus	286.639575457968	271.83403635405494
0.0	Myosauroides	259.7340118473286	259.12552043124145
0.0	Myosaurus	252.1353623398543	246.99831826857334
0.0	Nanictidops	258.6503163710196	258.3198919750308
0.0	Nanictocephalus	257.4562798719735	257.14373510837817
0.0	Nanictosaurus	258.4646918306481	256.38048488858783
0.0	Nanocynodon	257.7957931304156	257.50851127309886
0.0	Nanogomphodon	239.3876267079084	239.18898140581737
0.0	Neosaurus	285.67147281217234	284.9703625860123
0.0	Niaftasuchus	274.1081779663205	263.4769069344698
0.0	Niassodon	258.186936522561	257.8819423332388
0.0	Nikkasaurus	270.9720663162669	263.74633247542505
0.0	Nitosaurus	300.63015319198814	299.74042331252826
0.0	Niuksenitia	260.2709763707806	259.7247715240479
0.0	Nochnitsa	263.5894434297575	262.8294946615241
0.0	Notaelurodon	256.9840692514259	256.67410699375483
0.0	Nothogomphodon	244.14308636159603	242.84047268027902
0.0	Notosyodon	262.09107984469904	261.3658450046198
0.0	Nshimbodon	254.99714565829402	254.6866534948737
0.0	Nythosaurus	246.6778091930876	246.3420846017015
0.0	Odontocyclops	259.1718049098888	254.88092145623207
0.0	Oedaleops	303.1785793442939	292.1302755377687
0.0	Oligokyphus	208.8777133175842	204.8400311623202
0.0	Olivierosuchus	251.04346089504597	247.3491634187719
0.0	Ophiacodon	303.3870357404533	273.2938259613101
0.0	Ophidostoma	257.2295449677486	256.922192907865
0.0	Ordosiodon	244.58766977584386	243.07254472348507
0.0	Oromycter	288.80671566762004	288.11100502871295
0.0	Otsheria	266.3257134834433	265.4754980550976
0.0	Oudenodon_Temperate_S	263.0402933381695	251.82975019426365
0.0	Pachydectes	260.78323867409256	260.08282571967
0.0	Palemydops	257.46813213563314	255.11486989306383
0.0	Pampaphoneus	267.2028734581966	260.0312491185595
0.0	Panchetocynodon	251.10698436932475	250.8413488520154
0.0	Parabradysaurus	272.5176103969658	267.8804008854053
0.0	Paraburnetia	256.86442728052054	256.5517228667324
0.0	Paragalerhinus	253.80197003265974	253.4945978059319
0.0	Parakannemeyeria_Temperate_N	247.40104129972235	240.6532814518865
0.0	Parasuminia	260.9915680737734	260.32654611258556
0.0	Paratraversodon	241.08935935355376	227.6226800822712
0.0	Pardosuchus	260.85812841544924	260.1317313588192
0.0	Pascualgnathus	237.09785518603388	227.9923025244413
0.0	Patranomodon	267.8370554924353	264.29050034352446
0.0	Pelanomodon	260.188016975522	251.7388398827659
0.0	Pelictosuchus	256.9398030257394	251.83794815171294
0.0	Pentasauropus_Temperate_S	242.95225975228402	203.71691478333827
0.0	Pentasauropus_Tropical_N	221.04285853573018	220.1570197595568
0.0	Pentasaurus	204.04249074470545	203.20157214588323
0.0	Peramodon	262.94409311272295	260.5685558676601
0.0	Perplexisaurus	264.7936684575088	259.8838453907021
0.0	Phocosaurus	265.4337464706148	260.2981842723567
0.0	Phreatophasma	269.47506252416804	268.5657484905584
0.0	Phthinosaurus	273.48373854875484	264.84927094137174
0.0	Placerias	236.8561262811292	208.72167946694373
0.0	Planitorostris	241.24594449014091	241.0471221831561
0.0	Platycraniellus	250.34828549509425	246.8652853928567
0.0	Platycyclops	258.3282287085077	258.020373972434
0.0	Platypodosaurus	258.29807465374915	254.0787714768987
0.0	Plinthogomphodon	210.10805586117488	209.27933081845055
0.0	Polonodon	233.56975950393732	232.59034824526037
0.0	Polycynodon	255.89871562090624	255.596005786483
0.0	Porosteognathus	267.03371060847286	265.2610849062456
0.0	Pravoslavlevia	259.0037226266256	258.6740297661496
0.0	Pristerodon_Temperate_S	263.52100311033894	254.08550807451056
0.0	Pristerognathoides	264.65388073053975	259.65508933315783
0.0	Pristerognathus	264.5370405081569	259.5282849194597
0.0	Pristerosaurus	263.09766082459004	262.21198202813616
0.0	Probainognathus	240.90395925159558	234.60055885171602
0.0	Proburnetia	263.2963277757669	262.54681186755784
0.0	Procynosuchus_Temperate_N	260.00084618681836	253.62624177560033
0.0	Procynosuchus_Temperate_S	259.6443389187752	246.76110179254826
0.0	Prodicynodon	257.67556013568674	255.0006636993328
0.0	Progalesaurus	251.69065901323154	251.4194862836936
0.0	Promoschorhynchus	260.0428407203064	253.16638021871523
0.0	Prosictodon	266.70058716438933	265.6116159005941
0.0	Protheriodon	242.03145139166136	241.75874404871476
0.0	Protuberum	240.85693469335507	235.32921428185887
0.0	Prozostrodon	234.2712621190437	207.36908230974626
0.0	Pseudotherium	234.02206751528416	232.91971852547294
0.0	Pseudotriconodon_Temperate_N	215.13878019705294	203.51555997749534
0.0	Pseudotriconodon_Tropical_N	221.35883852806754	220.47180001057995
0.0	Ptomalestes	264.2089206626602	259.6371515642197
0.0	Purlovia	259.26812415016	256.1928885083377
0.0	Putillosaurus	249.6842097473288	249.42728911201587
0.0	Pyozia	267.4798863729194	266.5839168530939
0.0	Rabidosaurus	245.5017895019177	244.23160289580196
0.0	Raranimus	272.0710434761798	271.19580234374973
0.0	Rastodon	262.45252118777023	261.620887956346
0.0	Rechnisaurus	245.6060279324144	243.30383719621392
0.0	Redondagnathus	222.58072762833842	221.63934068564367
0.0	Regisaurus	252.88987356523444	249.87739156603723
0.0	Reiszia	269.91368155128237	263.6636274726909
0.0	Remigiomontanus	297.7234128598315	296.8680119785507
0.0	Repelinosaurus	251.12063688438528	250.8611592128049
0.0	Rewaconodon_Temperate_S	227.93127677905824	226.7064905524365
0.0	Rewaconodon_Tropical_S	222.57408581893327	221.70044870495136
0.0	Rhachiocephalus	259.9101960705705	254.01187292276052
0.0	Rhadiodromus	246.532922534654	242.61757565787875
0.0	Rhinodicynodon	243.72492436255382	243.40119614542806
0.0	Rhopalodon	267.03161588014035	264.92960560919744
0.0	Riebeeckosaurus	262.0336736003121	261.2085470376925
0.0	Riograndia	226.69100469741394	209.2967396828527
0.0	Riojanodon	228.32598251160277	227.25191241586776
0.0	Robertia	265.0204750764301	256.24129524806676
0.0	Rosieria	209.16918337975434	204.44332897301464
0.0	Ruberodon	233.7443901291436	232.6506844283374
0.0	Rubidgea	258.6760946952339	251.5104890690861
0.0	Ruhuhucerberus	261.34446292896354	255.05502745349773
0.0	Ruthenosaurus	289.1101741625415	288.3884778034535
0.0	Ruthiromia	304.1313709427152	303.2546215984543
0.0	Sangusaurus	244.9224778397421	240.91832937937536
0.0	Santacruzgnathus	229.14797810699557	228.04896329829086
0.0	Santacruzodon	235.31624464863845	226.64524131274615
0.0	Santagnathus	227.1398656690206	208.47284888130108
0.0	Sauroctonus_Temperate_N	263.2744124246493	262.53216858076814
0.0	Sauroctonus_Temperate_S	258.1460654861366	257.83722542383885
0.0	Sauroscaptor	258.69888635329386	254.31331119797466
0.0	Scalenodon	246.40619830042962	240.0443472097689
0.0	Scalenodontoides	226.98739569381902	201.09751623466977
0.0	Scalopocephalus	258.18124282046006	257.87036438679075
0.0	Scalopodontes	262.65901106527684	261.9249511866717
0.0	Scalopognathus	251.99743920409807	251.72858029997928
0.0	Scaloporhinus	254.60027883537214	254.2978562244928
0.0	Scaloposaurus	261.2540404940116	246.61495948020564
0.0	Scaloposuchus	258.07504674421114	257.76169513005095
0.0	Scylacoides	258.48173157997456	258.16311569001095
0.0	Scylacops	259.94576927782225	254.2414329744658
0.0	Scylacosaurus	266.44213167754924	253.88949035452978
0.0	Scylacosuchus	260.4399945605998	259.867055246627
0.0	Scymnosaurus	264.6296014126789	259.57039726291106
0.0	Secodontosaurus	290.8787299585323	280.35321054230144
0.0	Sesamondontoides	242.70837251935723	242.37873877483088
0.0	Shaanbeikannemeyeria	246.64424902598128	243.44629602203642
0.0	Shansiodon_Temperate_N	246.79109494472584	241.86133337087313
0.0	Shansiodon_Temperate_S	243.12777482106415	242.7848528672365
0.0	Shashajaia	288.82642171325256	288.1201666261148
0.0	Shiguaignathus	254.0182453875864	253.72997412007135
0.0	Silphedosuchus	249.2141829375159	248.96323599938904
0.0	Silphoictidoides	258.2209623107199	254.4855063868991
0.0	Sinoconodon	208.16085725587138	207.4014165641439
0.0	Sinognathus	242.77157519838678	242.46258380017153
0.0	Sinokannemeyeria	246.1425279793636	242.4215859194247
0.0	Sinophoneus	271.7574658429376	267.21801433634226
0.0	Sintocephalus	257.46005161157325	257.15355409239936
0.0	Siriusgnathus	231.14137971039128	208.4191889361297
0.0	Sludica	264.60370428395663	261.6256801589046
0.0	Smilesaurus	260.4575986530396	254.11899743166526
0.0	Sphenacodon	304.160413813537	285.37424754065853
0.0	Stahleckeria	241.9744176713214	235.70973338341537
0.0	Steppesaurus	279.069922966884	278.2134477046658
0.0	Stereophallodon	294.50477211896134	293.64417503523475
0.0	Stereorhachis	305.6846329886107	304.83451308099603
0.0	Struthiocephaloides	264.29889174139134	263.0657314479317
0.0	Struthiocephalus	263.8532318839704	259.56590028586686
0.0	Styracocephalus	262.41151225882084	259.91248550636107
0.0	Suchogorgon	264.8477015256052	260.03819477319433
0.0	Suminia	264.6205123423251	259.5021234025307
0.0	Sungeodon	251.5572230099645	251.30366542748172
0.0	Sycosaurus	260.43804891784833	255.36549028194185
0.0	Syodon	274.8081727444507	259.2704688706562
0.0	Syops	261.3148625560693	253.4947110231159
0.0	Sysphinctostoma	246.88918317028217	244.89772267083183
0.0	Tambacarnifex	288.977858839901	288.28202948383694
0.0	Tamboeria	263.76771682326194	262.89297017952833
0.0	Taoheodon	258.25667393133693	257.9627108006669
0.0	Tapinocaninus	267.21903017185144	266.1132747321954
0.0	Tapinocephalus	263.9090335157837	259.91862914592843
0.0	Tappenosaurus	274.2923180183018	267.67961931994745
0.0	Taurocephalus	263.49276715432427	262.5944502495913
0.0	Tenuacaptor	304.4988928992238	303.63472696665264
0.0	Tessellatia	212.8571892349946	211.97628107615452
0.0	Tetraceratops	281.45551366355386	280.613261819065
0.0	Tetracynodon	259.47321463456444	248.339592342459
0.0	Tetragonias	245.72189756917643	241.05685400191672
0.0	Theriognathus	260.0446618308	246.38127980804043
0.0	Therioherpeton	224.5581728566726	223.58707529676803
0.0	Therioides	262.74041648358315	261.8722370568905
0.0	Theroteinus	202.51512188110996	201.78235953629937
0.0	Thliptosaurus	259.31841399646095	258.886226243897
0.0	Thomasia	218.86720378731727	201.0116128586674
0.0	Thrinaxodon	251.9282229490232	247.24679960909086
0.0	Tiarajudens	272.702979579726	271.70419392030954
0.0	Tigrisuchus	260.7636216488797	255.58425659090705
0.0	Tikitherium	230.1371427095565	229.03998928581493
0.0	Titanophoneus	267.5906511988133	259.36519042649826
0.0	Titanosuchus	265.0009410135356	259.56881841710737
0.0	Traversodon	241.63933194691816	234.79461739829728
0.0	Traversodontoides	242.5364062519412	242.24367069025797
0.0	Trichasaurus	275.00456236295423	274.1404312036702
0.0	Tricuspes	214.51291616499327	200.6828174043314
0.0	Trirachodon	247.43969570386835	242.72655081375177
0.0	Tritylodon	206.27169572207194	205.41629900504526
0.0	Trochorhinus	260.3851754290193	259.7543275510148
0.0	Trochosaurus	265.34036899682155	259.3398371839141
0.0	Trochosuchus	262.9105356380952	262.0403762533525
0.0	Tropidostoma	264.6562773110742	253.94769903557432
0.0	Trucidocynodon	232.95633524606617	220.2589218901191
0.0	Turfanodon_Temperate_N	260.3486214513348	251.05538898666543
0.0	Ufudocyclops	247.72766447713715	241.856977208403
0.0	Ulemica	266.7545900407173	260.5312724978636
0.0	Ulemosaurus	265.8699562608245	259.6105767831246
0.0	Uniserium	206.87159895287732	206.15642153424807
0.0	Uralocynodon	262.15650929000645	261.44168145062736
0.0	Uralokannemeyeria	245.24616331441447	241.50188561354378
0.0	Urumchia	251.67100398967258	251.41216121219824
0.0	Ustia	264.6918768416002	263.8681479669381
0.0	Varanodon	268.90919362546117	267.9356277334584
0.0	Varanops	288.0236305386743	281.02648274542923
0.0	Varanosaurus	288.82091398633474	272.5446232816347
0.0	Vaughnictis	294.73781053486425	285.6920242204384
0.0	Venyukovia	267.3210897474979	266.43290618810045
0.0	Vetusodon	255.33930421221152	255.0311516865826
0.0	Viatkogorgon	264.47723586397734	262.18169064039614
0.0	Viatkosuchus	263.96983158457624	259.92978700139804
0.0	Vinceria	245.96440556383487	242.37138456053844
0.0	Vivaxosaurus	264.85094147526723	256.70229024588065
0.0	Wadiasaurus	242.9728268076313	242.63602677519617
0.0	Walteria	262.4285848995797	261.59061761143505
0.0	Wantulignathus	262.62785265269224	261.75078243095146
0.0	Watongia	271.5206423221436	270.5396486527912
0.0	Woutersia	208.3075969930734	202.23454981506436
0.0	Woznikella	235.0821765876705	229.20250914593788
0.0	Xiyukannemeyeria	247.35401237190644	237.25785323556633
0.0	Xyrospondylus	305.15932380429143	304.2755033598395
0.0	Yikezhaogia	244.8636365048651	244.5328151929651
0.0	Zambiasaurus	243.09849738012883	242.75742879765363
