Time	mean_z_trans	Mod_R_deltaTMyr_z_trans
232.25	0.382853707	-1.035018983
232.3	0.382853707	-1.035018983
232.4	0.382853707	-1.035018983
232.5	0.382853707	-1.035018983
232.6	0.382853707	-1.035018983
232.7	0.382853707	-1.035018983
232.8	0.382853707	-1.035018983
232.9	0.382853707	-1.035018983
233.0	0.382853707	-1.035018983
233.1	0.382853707	-1.035018983
233.2	0.382853707	-1.035018983
233.3	0.382853707	-1.035018983
233.4	0.382853707	-1.035018983
233.5	0.382853707	-1.035018983
233.6	0.382853707	-1.035018983
233.7	0.382853707	-1.035018983
233.8	0.382853707	-1.035018983
233.9	0.382853707	-1.035018983
234.0	0.382853707	-1.035018983
234.1	0.382853707	-1.035018983
234.2	0.382853707	-1.035018983
234.3	0.382853707	-1.035018983
234.4	0.382853707	-1.035018983
234.5	0.382853707	-1.035018983
234.6	0.382853707	-1.035018983
234.7	0.382853707	-1.035018983
234.8	0.382853707	-1.035018983
234.9	0.382853707	-1.035018983
235.0	0.382853707	-1.035018983
235.1	0.382853707	-1.035018983
235.2	0.382853707	-1.035018983
235.3	0.382853707	-1.035018983
235.4	0.382853707	-1.035018983
235.5	0.382853707	-1.035018983
235.6	0.382853707	-1.035018983
235.7	0.382853707	-1.035018983
235.8	0.382853707	-1.035018983
235.9	0.382853707	-1.035018983
236.0	0.382853707	-1.035018983
236.1	0.382853707	-1.035018983
236.2	0.382853707	-1.035018983
236.3	0.382853707	-1.035018983
236.4	0.382853707	-1.035018983
236.5	0.382853707	-1.035018983
236.6	0.382853707	-1.035018983
236.7	0.382853707	-1.035018983
236.8	0.382853707	-1.035018983
236.9	0.382853707	-1.035018983
237.0	0.382853707	-1.035018983
237.1	0.382853707	-1.035018983
237.2	0.382853707	-1.035018983
237.3	0.382853707	-1.035018983
237.4	0.382853707	-1.035018983
237.5	0.382853707	-1.035018983
237.6	0.382853707	-1.035018983
237.7	0.382853707	-1.035018983
237.8	0.382853707	-1.035018983
237.9	0.382853707	-1.035018983
238.0	0.382853707	-1.035018983
238.1	0.382853707	-1.035018983
238.2	0.382853707	-1.035018983
238.3	0.382853707	-1.035018983
238.4	0.382853707	-1.035018983
238.5	0.382853707	-1.035018983
238.6	0.382853707	-1.035018983
238.7	0.382853707	-1.035018983
238.8	0.382853707	-1.035018983
238.9	0.382853707	-1.035018983
239.0	0.742399336	0.831026493
239.1	0.742399336	0.831026493
239.2	0.742399336	0.831026493
239.3	0.742399336	0.831026493
239.4	0.742399336	0.831026493
239.5	0.742399336	0.831026493
239.6	0.742399336	0.831026493
239.7	0.742399336	0.831026493
239.8	0.742399336	0.831026493
239.9	0.742399336	0.831026493
240.0	0.742399336	0.831026493
240.1	0.742399336	0.831026493
240.2	0.742399336	0.831026493
240.3	0.742399336	0.831026493
240.4	0.742399336	0.831026493
240.5	0.742399336	0.831026493
240.6	0.742399336	0.831026493
240.7	0.742399336	0.831026493
240.8	0.742399336	0.831026493
240.9	0.742399336	0.831026493
241.0	0.742399336	0.831026493
241.1	0.742399336	0.831026493
241.2	0.742399336	0.831026493
241.3	0.742399336	0.831026493
241.4	0.742399336	0.831026493
241.5	0.742399336	0.831026493
241.6	0.742399336	0.831026493
241.7	0.742399336	0.831026493
241.8	0.742399336	0.831026493
241.9	0.742399336	0.831026493
242.0	0.742399336	0.831026493
242.1	0.742399336	0.831026493
242.2	0.742399336	0.831026493
242.3	0.742399336	0.831026493
242.4	0.742399336	0.831026493
242.5	0.742399336	0.831026493
242.6	0.742399336	0.831026493
242.7	0.742399336	0.831026493
242.8	0.742399336	0.831026493
242.9	0.742399336	0.831026493
243.0	0.742399336	0.831026493
243.1	0.742399336	0.831026493
243.2	0.742399336	0.831026493
243.3	0.742399336	0.831026493
243.4	0.742399336	0.831026493
243.5	0.742399336	0.831026493
243.6	0.742399336	0.831026493
243.7	0.742399336	0.831026493
243.8	0.742399336	0.831026493
243.9	0.742399336	0.831026493
244.0	0.94087146	0.084910612
244.1	0.94087146	0.084910612
244.2	0.94087146	0.084910612
244.3	0.94087146	0.084910612
244.4	0.94087146	0.084910612
244.5	0.94087146	0.084910612
244.6	0.94087146	0.084910612
244.7	0.94087146	0.084910612
244.8	0.94087146	0.084910612
244.9	0.94087146	0.084910612
245.0	0.94087146	0.084910612
245.1	0.94087146	0.084910612
245.2	0.94087146	0.084910612
245.3	0.94087146	0.084910612
245.4	0.94087146	0.084910612
245.5	0.94087146	0.084910612
245.6	0.94087146	0.084910612
245.7	0.94087146	0.084910612
245.8	0.94087146	0.084910612
245.9	0.94087146	0.084910612
246.0	0.94087146	0.084910612
246.1	0.94087146	0.084910612
246.2	0.94087146	0.084910612
246.3	0.94087146	0.084910612
246.4	0.94087146	0.084910612
246.5	0.94087146	0.084910612
246.6	0.94087146	0.084910612
246.7	0.94087146	0.084910612
246.8	0.94087146	0.084910612
246.9	0.94087146	0.084910612
247.0	0.94087146	0.084910612
247.1	0.94087146	0.084910612
247.2	0.94087146	0.084910612
247.3	0.94087146	0.084910612
247.4	0.94087146	0.084910612
247.5	0.94087146	0.084910612
247.6	0.94087146	0.084910612
247.7	0.94087146	0.084910612
247.8	0.94087146	0.084910612
247.9	0.94087146	0.084910612
248.0	0.94087146	0.084910612
248.1	0.94087146	0.084910612
248.2	0.94087146	0.084910612
248.3	0.94087146	0.084910612
248.4	0.94087146	0.084910612
248.5	0.94087146	0.084910612
248.6	0.94087146	0.084910612
248.7	0.94087146	0.084910612
248.8	0.94087146	0.084910612
248.9	0.94087146	0.084910612
249.0	0.94087146	0.084910612
249.1	0.94087146	0.084910612
249.2	0.94087146	0.084910612
249.3	0.94087146	0.084910612
249.4	0.94087146	0.084910612
249.5	0.94087146	0.084910612
249.6	0.94087146	0.084910612
249.7	0.94087146	0.084910612
249.8	0.94087146	0.084910612
249.9	0.94087146	0.084910612
250.0	0.94087146	0.084910612
250.1	0.94087146	0.084910612
250.2	0.94087146	0.084910612
250.3	0.94087146	0.084910612
250.4	0.94087146	0.084910612
250.5	1.590873654	1.430727745
250.6	1.590873654	1.430727745
250.7	1.590873654	1.430727745
250.8	1.590873654	1.430727745
250.9	1.590873654	1.430727745
251.0	1.590873654	1.430727745
251.1	1.590873654	1.430727745
251.2	1.590873654	1.430727745
251.3	1.590873654	1.430727745
251.4	1.590873654	1.430727745
251.5	1.590873654	1.430727745
251.6	1.590873654	1.430727745
251.7	1.590873654	1.430727745
251.8	1.590873654	1.430727745
251.9	1.590873654	1.430727745
252.0	1.590873654	1.430727745
252.1	1.590873654	1.430727745
252.2	1.590873654	1.430727745
252.3	1.590873654	1.430727745
252.4	1.590873654	1.430727745
252.5	1.590873654	1.430727745
252.6	1.590873654	1.430727745
252.7	1.590873654	1.430727745
252.8	1.590873654	1.430727745
252.9	1.590873654	1.430727745
253.0	1.590873654	1.430727745
253.1	1.590873654	1.430727745
253.2	1.590873654	1.430727745
253.3	1.590873654	1.430727745
253.4	1.590873654	1.430727745
253.5	1.590873654	1.430727745
253.6	1.590873654	1.430727745
253.7	1.590873654	1.430727745
253.8	1.590873654	1.430727745
253.9	1.590873654	1.430727745
254.0	1.590873654	1.430727745
254.1	1.590873654	1.430727745
254.2	1.590873654	1.430727745
254.3	1.590873654	1.430727745
254.4	1.590873654	1.430727745
254.5	1.590873654	1.430727745
254.6	1.590873654	1.430727745
254.7	1.590873654	1.430727745
254.8	1.590873654	1.430727745
254.9	1.590873654	1.430727745
255.0	1.590873654	1.430727745
255.1	1.590873654	1.430727745
255.2	1.590873654	1.430727745
255.3	1.590873654	1.430727745
255.4	1.590873654	1.430727745
255.5	1.590873654	1.430727745
255.6	1.590873654	1.430727745
255.7	1.590873654	1.430727745
255.8	1.590873654	1.430727745
255.9	1.590873654	1.430727745
256.0	1.590873654	1.430727745
256.1	1.590873654	1.430727745
256.2	1.590873654	1.430727745
256.3	1.590873654	1.430727745
256.4	1.590873654	1.430727745
256.5	1.590873654	1.430727745
256.6	1.590873654	1.430727745
256.7	1.590873654	1.430727745
256.8	1.590873654	1.430727745
256.9	1.590873654	1.430727745
257.0	-0.427245263	-1.475899184
257.1	-0.427245263	-1.475899184
257.2	-0.427245263	-1.475899184
257.3	-0.427245263	-1.475899184
257.4	-0.427245263	-1.475899184
257.5	-0.427245263	-1.475899184
257.6	-0.427245263	-1.475899184
257.7	-0.427245263	-1.475899184
257.8	-0.427245263	-1.475899184
257.9	-0.427245263	-1.475899184
258.0	-0.427245263	-1.475899184
258.1	-0.427245263	-1.475899184
258.2	-0.427245263	-1.475899184
258.3	-0.427245263	-1.475899184
258.4	-0.427245263	-1.475899184
258.5	-0.427245263	-1.475899184
258.6	-0.427245263	-1.475899184
258.7	-0.427245263	-1.475899184
258.8	-0.427245263	-1.475899184
258.9	-0.427245263	-1.475899184
259.0	-0.427245263	-1.475899184
259.1	-0.427245263	-1.475899184
259.2	-0.427245263	-1.475899184
259.3	-0.427245263	-1.475899184
259.4	-0.427245263	-1.475899184
259.5	-0.427245263	-1.475899184
259.6	-0.427245263	-1.475899184
259.7	-0.427245263	-1.475899184
259.8	-0.427245263	-1.475899184
259.9	-0.427245263	-1.475899184
260.0	-0.427245263	-1.475899184
260.1	-0.427245263	-1.475899184
260.2	-0.427245263	-1.475899184
260.3	-0.427245263	-1.475899184
260.4	-0.427245263	-1.475899184
260.5	-0.427245263	-1.475899184
260.6	-0.427245263	-1.475899184
260.7	-0.427245263	-1.475899184
260.8	-0.427245263	-1.475899184
260.9	-0.427245263	-1.475899184
261.0	-0.427245263	-1.475899184
261.1	-0.427245263	-1.475899184
261.2	-0.427245263	-1.475899184
261.3	-0.427245263	-1.475899184
261.4	-0.427245263	-1.475899184
261.5	-0.427245263	-1.475899184
261.6	-0.427245263	-1.475899184
261.7	-0.427245263	-1.475899184
261.8	-0.427245263	-1.475899184
261.9	-0.427245263	-1.475899184
262.0	-0.427245263	-1.475899184
262.1	-0.427245263	-1.475899184
262.2	-0.427245263	-1.475899184
262.3	-0.427245263	-1.475899184
262.4	-0.427245263	-1.475899184
262.5	-0.427245263	-1.475899184
262.6	-0.427245263	-1.475899184
262.7	-0.427245263	-1.475899184
262.8	-0.427245263	-1.475899184
262.9	-0.427245263	-1.475899184
263.0	-0.427245263	-1.475899184
263.1	-0.427245263	-1.475899184
263.2	-0.427245263	-1.475899184
263.3	-0.427245263	-1.475899184
263.4	-0.427245263	-1.475899184
263.5	-0.427245263	-1.475899184
263.6	-0.427245263	-1.475899184
263.7	-0.427245263	-1.475899184
263.8	-0.427245263	-1.475899184
263.9	-0.427245263	-1.475899184
264.0	-0.427245263	-1.475899184
264.1	-0.427245263	-1.475899184
264.2	-0.427245263	-1.475899184
264.3	-0.427245263	-1.475899184
264.4	-0.427245263	-1.475899184
264.5	-0.427245263	-1.475899184
264.6	-0.427245263	-1.475899184
264.7	-0.427245263	-1.475899184
264.8	-0.427245263	-1.475899184
264.9	-0.427245263	-1.475899184
265.0	-0.427245263	-1.475899184
265.1	-0.427245263	-1.475899184
265.2	-0.427245263	-1.475899184
265.3	-0.427245263	-1.475899184
265.4	-0.427245263	-1.475899184
265.5	-1.435390012	1.184505421
265.6	-1.435390012	1.184505421
265.7	-1.435390012	1.184505421
265.8	-1.435390012	1.184505421
265.9	-1.435390012	1.184505421
266.0	-1.435390012	1.184505421
266.1	-1.435390012	1.184505421
266.2	-1.435390012	1.184505421
266.3	-1.435390012	1.184505421
266.4	-1.435390012	1.184505421
266.5	-1.435390012	1.184505421
266.6	-1.435390012	1.184505421
266.7	-1.435390012	1.184505421
266.8	-1.435390012	1.184505421
266.9	-1.435390012	1.184505421
267.0	-1.435390012	1.184505421
267.1	-1.435390012	1.184505421
267.2	-1.435390012	1.184505421
267.3	-1.435390012	1.184505421
267.4	-1.435390012	1.184505421
267.5	-1.435390012	1.184505421
267.6	-1.435390012	1.184505421
267.7	-1.435390012	1.184505421
267.8	-1.435390012	1.184505421
267.9	-1.435390012	1.184505421
268.0	-1.435390012	1.184505421
268.1	-1.435390012	1.184505421
268.2	-1.435390012	1.184505421
268.3	-1.435390012	1.184505421
268.4	-1.435390012	1.184505421
268.5	-1.435390012	1.184505421
268.6	-1.435390012	1.184505421
268.7	-1.435390012	1.184505421
268.8	-1.435390012	1.184505421
268.9	-1.435390012	1.184505421
269.0	-1.435390012	1.184505421
269.1	-1.435390012	1.184505421
269.2	-1.435390012	1.184505421
269.3	-1.435390012	1.184505421
269.4	-1.435390012	1.184505421
269.5	-1.435390012	1.184505421
269.6	-1.435390012	1.184505421
269.7	-1.435390012	1.184505421
269.8	-1.435390012	1.184505421
269.9	-1.435390012	1.184505421
270.0	-1.435390012	1.184505421
270.1	-1.435390012	1.184505421
270.2	-1.435390012	1.184505421
270.3	-1.435390012	1.184505421
270.4	-1.435390012	1.184505421
270.5	-0.767960511	-0.712796116
270.6	-0.767960511	-0.712796116
270.7	-0.767960511	-0.712796116
270.8	-0.767960511	-0.712796116
270.9	-0.767960511	-0.712796116
271.0	-0.767960511	-0.712796116
271.1	-0.767960511	-0.712796116
271.2	-0.767960511	-0.712796116
271.3	-0.767960511	-0.712796116
271.4	-0.767960511	-0.712796116
271.5	-0.767960511	-0.712796116
271.6	-0.767960511	-0.712796116
271.7	-0.767960511	-0.712796116
271.8	-0.767960511	-0.712796116
271.9	-0.767960511	-0.712796116
272.0	-0.767960511	-0.712796116
272.1	-0.767960511	-0.712796116
272.2	-0.767960511	-0.712796116
272.3	-0.767960511	-0.712796116
272.4	-0.767960511	-0.712796116
272.5	-0.767960511	-0.712796116
272.6	-0.767960511	-0.712796116
272.7	-0.767960511	-0.712796116
272.8	-0.767960511	-0.712796116
272.9	-0.767960511	-0.712796116
273.0	-0.767960511	-0.712796116
273.1	-0.767960511	-0.712796116
273.2	-0.767960511	-0.712796116
273.3	-0.767960511	-0.712796116
273.4	-0.767960511	-0.712796116
273.5	-0.767960511	-0.712796116
273.6	-0.767960511	-0.712796116
273.7	-0.767960511	-0.712796116
273.8	-0.767960511	-0.712796116
273.9	-0.767960511	-0.712796116
274.0	-0.767960511	-0.712796116
274.1	-0.767960511	-0.712796116
274.2	-0.767960511	-0.712796116
274.3	-0.767960511	-0.712796116
274.4	-0.767960511	-0.712796116
274.5	-0.767960511	-0.712796116
274.6	-0.767960511	-0.712796116
274.7	-0.767960511	-0.712796116
274.8	-0.767960511	-0.712796116
274.9	-0.767960511	-0.712796116
275.0	-0.767960511	-0.712796116
275.1	-0.767960511	-0.712796116
275.2	-0.767960511	-0.712796116
275.3	-0.767960511	-0.712796116
275.4	-0.767960511	-0.712796116
275.5	-0.767960511	-0.712796116
275.6	-0.767960511	-0.712796116
275.7	-0.767960511	-0.712796116
275.8	-0.767960511	-0.712796116
275.9	-0.767960511	-0.712796116
276.0	-0.767960511	-0.712796116
276.1	-0.767960511	-0.712796116
276.2	-0.767960511	-0.712796116
276.3	-0.767960511	-0.712796116
276.4	-0.767960511	-0.712796116
276.5	-0.767960511	-0.712796116
276.6	-0.767960511	-0.712796116
276.7	-0.767960511	-0.712796116
276.8	-0.767960511	-0.712796116
276.9	-0.767960511	-0.712796116
277.0	-0.767960511	-0.712796116
277.1	-0.767960511	-0.712796116
277.2	-0.767960511	-0.712796116
277.3	-0.767960511	-0.712796116
277.4	-0.767960511	-0.712796116
277.5	-0.767960511	-0.712796116
277.6	-0.767960511	-0.712796116
277.7	-0.767960511	-0.712796116
277.8	-0.767960511	-0.712796116
277.9	-0.767960511	-0.712796116
278.0	-0.767960511	-0.712796116
278.1	-0.767960511	-0.712796116
278.2	-0.767960511	-0.712796116
278.3	-0.767960511	-0.712796116
278.4	-0.767960511	-0.712796116
278.5	-0.767960511	-0.712796116
278.6	-0.767960511	-0.712796116
278.7	-0.767960511	-0.712796116
278.8	-0.767960511	-0.712796116
278.9	-0.767960511	-0.712796116
279.0	-0.767960511	-0.712796116
279.1	-0.767960511	-0.712796116
279.2	-0.767960511	-0.712796116
279.3	-0.767960511	-0.712796116
279.4	-0.767960511	-0.712796116
279.5	-0.767960511	-0.712796116
279.6	-0.767960511	-0.712796116
279.7	-0.767960511	-0.712796116
279.8	-0.767960511	-0.712796116
279.9	-0.767960511	-0.712796116
280.0	-0.767960511	-0.712796116
280.1	-0.767960511	-0.712796116
280.2	-0.767960511	-0.712796116
280.3	-0.767960511	-0.712796116
280.4	-0.767960511	-0.712796116
280.5	-0.767960511	-0.712796116
280.6	-0.767960511	-0.712796116
280.7	-0.767960511	-0.712796116
280.8	-0.767960511	-0.712796116
280.9	-0.767960511	-0.712796116
281.0	-0.767960511	-0.712796116
281.1	-0.767960511	-0.712796116
281.2	-0.767960511	-0.712796116
281.3	-0.767960511	-0.712796116
281.4	-0.767960511	-0.712796116
281.5	-0.767960511	-0.712796116
281.6	-0.767960511	-0.712796116
281.7	-0.767960511	-0.712796116
281.8	-0.767960511	-0.712796116
281.9	-0.767960511	-0.712796116
282.0	-0.767960511	-0.712796116
282.1	-0.767960511	-0.712796116
282.2	-0.767960511	-0.712796116
282.3	-0.767960511	-0.712796116
282.4	-0.767960511	-0.712796116
282.5	-0.767960511	-0.712796116
282.6	-0.767960511	-0.712796116
282.7	-0.767960511	-0.712796116
282.8	-0.767960511	-0.712796116
282.9	-0.767960511	-0.712796116
283.0	-0.767960511	-0.712796116
283.1	-0.767960511	-0.712796116
283.2	-0.767960511	-0.712796116
283.3	-0.767960511	-0.712796116
283.4	-0.767960511	-0.712796116
283.5	-0.767960511	-0.712796116
283.6	-0.767960511	-0.712796116
283.7	-0.767960511	-0.712796116
283.8	-0.767960511	-0.712796116
283.9	-0.767960511	-0.712796116
284.0	-0.767960511	-0.712796116
284.1	-0.767960511	-0.712796116
284.2	-0.767960511	-0.712796116
284.3	-0.767960511	-0.712796116
284.4	-0.767960511	-0.712796116
284.5	-0.767960511	-0.712796116
284.6	-0.767960511	-0.712796116
284.7	-0.767960511	-0.712796116
284.8	-0.767960511	-0.712796116
284.9	-0.767960511	-0.712796116
285.0	-0.767960511	-0.712796116
285.1	-0.767960511	-0.712796116
285.2	-0.767960511	-0.712796116
285.3	-0.767960511	-0.712796116
285.4	-0.767960511	-0.712796116
285.5	-0.767960511	-0.712796116
285.6	-0.767960511	-0.712796116
285.7	-0.767960511	-0.712796116
285.8	-0.767960511	-0.712796116
285.9	-0.767960511	-0.712796116
286.0	-0.767960511	-0.712796116
286.1	-0.767960511	-0.712796116
286.2	-0.767960511	-0.712796116
286.3	-0.767960511	-0.712796116
286.4	-0.767960511	-0.712796116
286.5	-0.767960511	-0.712796116
286.6	-0.767960511	-0.712796116
286.7	-0.767960511	-0.712796116
286.8	-0.767960511	-0.712796116
286.9	-0.767960511	-0.712796116
287.0	-0.767960511	-0.712796116
287.1	-0.767960511	-0.712796116
287.2	-0.767960511	-0.712796116
287.3	-0.767960511	-0.712796116
287.4	-0.767960511	-0.712796116
287.5	-0.767960511	-0.712796116
287.6	-0.767960511	-0.712796116
287.7	-0.767960511	-0.712796116
287.8	-0.767960511	-0.712796116
287.9	-0.767960511	-0.712796116
288.0	-0.767960511	-0.712796116
288.1	-0.767960511	-0.712796116
288.2	-0.767960511	-0.712796116
288.3	-0.767960511	-0.712796116
288.4	-0.767960511	-0.712796116
288.5	-0.767960511	-0.712796116
288.6	-0.767960511	-0.712796116
288.7	-0.767960511	-0.712796116
288.8	-0.767960511	-0.712796116
288.9	-0.767960511	-0.712796116
289.0	-0.767960511	-0.712796116
289.1	-0.767960511	-0.712796116
289.2	-0.767960511	-0.712796116
289.3	-0.767960511	-0.712796116
289.4	-0.767960511	-0.712796116
289.5	-0.767960511	-0.712796116
289.6	-0.767960511	-0.712796116
289.7	-0.767960511	-0.712796116
289.8	-0.767960511	-0.712796116
289.9	-0.767960511	-0.712796116
290.0	-0.767960511	-0.712796116
290.1	-0.767960511	-0.712796116
290.2	-0.767960511	-0.712796116
290.3	-0.767960511	-0.712796116
290.4	-0.767960511	-0.712796116
290.5	-0.767960511	-0.712796116
290.6	-0.767960511	-0.712796116
290.7	-0.767960511	-0.712796116
290.8	-0.767960511	-0.712796116
290.9	-0.767960511	-0.712796116
291.0	-0.767960511	-0.712796116
291.1	-0.767960511	-0.712796116
291.2	-0.767960511	-0.712796116
291.3	-0.767960511	-0.712796116
291.4	-0.767960511	-0.712796116
291.5	-0.767960511	-0.712796116
291.6	-0.767960511	-0.712796116
291.7	-0.767960511	-0.712796116
291.8	-0.767960511	-0.712796116
291.9	-0.767960511	-0.712796116
292.0	-1.026402371	-0.307455988
292.1	-1.026402371	-0.307455988
292.2	-1.026402371	-0.307455988
292.3	-1.026402371	-0.307455988
292.4	-1.026402371	-0.307455988
292.5	-1.026402371	-0.307455988
292.6	-1.026402371	-0.307455988
292.7	-1.026402371	-0.307455988
292.8	-1.026402371	-0.307455988
292.9	-1.026402371	-0.307455988
293.0	-1.026402371	-0.307455988
293.1	-1.026402371	-0.307455988
293.2	-1.026402371	-0.307455988
293.3	-1.026402371	-0.307455988
293.4	-1.026402371	-0.307455988
293.5	-1.026402371	-0.307455988
293.6	-1.026402371	-0.307455988
293.7	-1.026402371	-0.307455988
293.8	-1.026402371	-0.307455988
293.9	-1.026402371	-0.307455988
294.0	-1.026402371	-0.307455988
294.1	-1.026402371	-0.307455988
294.2	-1.026402371	-0.307455988
294.3	-1.026402371	-0.307455988
294.4	-1.026402371	-0.307455988
294.5	-1.026402371	-0.307455988
294.6	-1.026402371	-0.307455988
294.7	-1.026402371	-0.307455988
294.8	-1.026402371	-0.307455988
294.9	-1.026402371	-0.307455988
295.0	-1.026402371	-0.307455988
295.1	-1.026402371	-0.307455988
295.2	-1.026402371	-0.307455988
295.3	-1.026402371	-0.307455988
295.4	-1.026402371	-0.307455988
295.5	-1.026402371	-0.307455988
295.6	-1.026402371	-0.307455988
295.7	-1.026402371	-0.307455988
295.8	-1.026402371	-0.307455988
295.9	-1.026402371	-0.307455988
296.0	-1.026402371	-0.307455988
296.1	-1.026402371	-0.307455988
296.2	-1.026402371	-0.307455988
296.3	-1.026402371	-0.307455988
296.4	-1.026402371	-0.307455988
296.5	-1.026402371	-0.307455988
296.6	-1.026402371	-0.307455988
296.7	-1.026402371	-0.307455988
296.8	-1.026402371	-0.307455988
296.9	-1.026402371	-0.307455988
297.0	-1.026402371	-0.307455988
297.1	-1.026402371	-0.307455988
297.2	-1.026402371	-0.307455988
297.3	-1.026402371	-0.307455988
297.4	-1.026402371	-0.307455988
297.5	-1.026402371	-0.307455988
297.6	-1.026402371	-0.307455988
297.7	-1.026402371	-0.307455988
297.8	-1.026402371	-0.307455988
297.9	-1.026402371	-0.307455988
298.0	-1.026402371	-0.307455988
298.1	-1.026402371	-0.307455988
298.2	-1.026402371	-0.307455988
298.3	-1.026402371	-0.307455988
298.4	-1.026402371	-0.307455988
298.5	-1.026402371	-0.307455988
298.6	-1.026402371	-0.307455988
298.7	-1.026402371	-0.307455988
298.8	-1.026402371	-0.307455988
298.9	-1.026402371	-0.307455988
299.0	-1.026402371	-0.307455988
299.1	-1.026402371	-0.307455988
299.2	-1.026402371	-0.307455988
299.3	-1.026402371	-0.307455988
299.4	-1.026402371	-0.307455988
299.5	-1.026402371	-0.307455988
299.6	-1.026402371	-0.307455988
299.7	-1.026402371	-0.307455988
299.8	-1.026402371	-0.307455988
299.9	-1.026402371	-0.307455988
300.0	-1.026402371	-0.307455988
