clade	species	ts	te
0.0	Abajudon	106.99186388288288	83.53285183183183
0.0	Abdalodon	81.2883304004004	80.97867692592592
0.0	Acratophorus	62.397026260260255	52.662901458458464
0.0	Adelobasileus	41.50525092092092	40.56464928428429
0.0	Aelurognathus_Temperate_S	84.66010380680682	77.20261253053052
0.0	Aelurosaurus	97.79690343643644	78.9897422942943
0.0	Aelurosuchus	70.77140616816817	70.42100343243243
0.0	Aerosaurus	128.29846412312313	114.47123977777778
0.0	Akidnognathus	83.64811302002002	79.00289858258257
0.0	Alemoatherium	48.47451615215215	47.36746155855856
0.0	Aleodon	71.02994632532533	52.36969434534535
0.0	Alepognathus	86.87677824024026	86.077166008008
0.0	Alierasaurus	102.55944755655655	101.50940945945946
0.0	Alopecideops	87.23171784984984	86.45955538538539
0.0	Alopecodon	89.3639338058058	85.6898903983984
0.0	Alopecognathus	89.82511411211212	84.87559800200201
0.0	Alopecorhinus	83.82936709109109	83.29111114914915
0.0	Aloposaurus	84.95150224424425	77.62003127127127
0.0	Alrausuchus	98.01935996496498	90.03994098398397
0.0	Ameghinichnus	42.68883044744745	41.62548880980981
0.0	Andescynodon	71.78626872272272	44.85080005305305
0.0	Angelosaurus	105.94799571171171	91.69029239539539
0.0	Angonisaurus	69.36507008808809	68.98343060560562
0.0	Annatherapsidus	89.64096925025027	82.23331812312311
0.0	Anningia	88.61022328328329	87.67545729329329
0.0	Anomocephalus	92.05991191291291	90.96174318718718
0.0	Antecosuchus	71.54758087887889	66.55997321821822
0.0	Anteosaurus_Temperate_N	89.27494185985987	88.30548415915916
0.0	Anteosaurus_Temperate_S	89.62546431431431	84.65185651951953
0.0	Apsisaurus	118.21984842742744	117.31453813613614
0.0	Archaeosyodon	92.03352351951952	90.8897019029029
0.0	Archaeothyris	134.6629878658659	132.35258715315317
0.0	Archaeovenator	127.4510903993994	126.49280542642641
0.0	Arctognathus	84.78763926126128	78.82580311111111
0.0	Arctops	84.86852568468468	78.95044746046047
0.0	Arctotraversodon	60.96423352352352	53.86317937037037
0.0	Arisierpeton	110.71466419119118	110.02462841441441
0.0	Aulacephalodon	84.79095010910912	77.03756658158159
0.0	Aulacocephalus	82.32169827927929	81.9933507987988
0.0	Australobarbarus	88.82400783283283	84.72055023223224
0.0	Australosyodon	91.9480680850851	90.83464906706706
0.0	Avenantia	87.03346325625624	86.22560832132132
0.0	Baldwinonus	128.07699936136135	119.96908101801803
0.0	Basilodon	85.17993269369369	78.82108178678678
0.0	Bauria	72.35152140940941	66.83058878378378
0.0	Beishanodon	73.81303207007007	73.53072943543543
0.0	Biarmosuchoides	91.80514568168168	90.69654486486488
0.0	Biarmosuchus	99.32822208808808	89.02801822322323
0.0	Biseridens	98.5989432152152	92.62790367467468
0.0	Blattoidealestes	84.69609387187188	84.08160450850852
0.0	Bohemiclavulus	126.56247810810811	125.63529666766766
0.0	Bolodon	31.74992556056056	30.806108372372375
0.0	Bolotridon	71.42956008208208	71.06050889589591
0.0	Bonacynodon	67.2448534954955	57.61207761861861
0.0	Boreogomphodon	59.25308456956957	42.88160263863864
0.0	Botucaraitherium	45.27545159859861	44.29784117917918
0.0	Brachyprosopus	90.03617642442444	84.47062255155154
0.0	Brachyzostrodon	33.395054790790795	27.197026877877878
0.0	Brasilitherium	51.107579239239236	34.7405415075075
0.0	Brasilodon	52.037938368368366	34.1903128058058
0.0	Brontopus	84.9754551951952	77.62474138338338
0.0	Bulbasaurus	85.3578987037037	79.36962469569569
0.0	Bullacephalus	88.81758093993994	87.9095502032032
0.0	Burnetia	80.84700218518518	80.54780149549549
0.0	Cabarzia	122.2765090920921	121.28752803903905
0.0	Callibrachion	111.86893056556556	111.14976831031032
0.0	Candelariodon	64.65937757657657	64.28207992492493
0.0	Caodeyao	80.51120921021021	80.21146406206205
0.0	Casea	109.66951317817819	97.53918588088088
0.0	Caseoides	106.48462372772772	93.03662390790791
0.0	Caseopsis	104.52254326026026	94.01156457757757
0.0	Cerdodon	91.60228924824823	90.58244493993995
0.0	Cerdorhinus	81.84974792792792	81.55637802002002
0.0	Cerdosuchus	82.87755617417417	82.53366256956957
0.0	Chalepotherium	28.64653041841842	27.711431938938937
0.0	Chaliminia	48.97767403803804	41.60860268968969
0.0	Charassognathus	81.20439250650651	80.89010291091091
0.0	Charruodon	44.67172655755756	43.682121409409405
0.0	Chiniquodon	67.3144907967968	44.81935423523524
0.0	Choerosaurus	95.21518503103103	80.87135526926927
0.0	Chthomaloporus	90.89290749249248	89.8643565055055
0.0	Chthonosaurus	88.17463377277276	83.22765321821822
0.0	Cistecephaloides	82.23499692592593	81.94597943043043
0.0	Cistecephalus	84.75125055755755	79.0965262952953
0.0	Cistecynodon	69.86883598998999	69.50515517017017
0.0	Clelandina	85.2879671951952	77.8199226116116
0.0	Clepsydrops	131.83390271671672	105.2603209049049
0.0	Colobodectes	89.66801575675676	76.7069152832833
0.0	Compsodon	84.61119630630631	77.31058279479481
0.0	Cotylorhynchus	108.62206167067066	91.3532437077077
0.0	Counillonia	75.549482013013	75.26157874274276
0.0	Cricodon	72.35946012312313	58.82749148748749
0.0	Criocephalosaurus	89.2782105935936	85.10643761761762
0.0	Cromptodon	70.99411012512513	70.62065477677679
0.0	Cryptocynodon	84.67465173273273	79.99183297797798
0.0	Cryptovenator	125.75774148048049	124.81175525725725
0.0	Ctenorhachis	110.65618485685687	109.92578038838839
0.0	Ctenospondylus	118.88547227927928	109.947298001001
0.0	Cutleria	123.243311995996	112.6656022072072
0.0	Cynariognathus	89.21179954654654	85.02183147647648
0.0	Cyniscops	82.01390396096097	81.69610662662663
0.0	Cynognathus	72.51666235135134	52.9177211951952
0.0	Cynosaurus	84.98208393393394	77.4059313973974
0.0	Cyonosaurus	85.08928823023025	77.02764094694695
0.0	Dadadon	65.07940702502503	54.427635870870866
0.0	Dalongkoua	78.41459469869869	78.1239085915916
0.0	Daptocephalus	89.2249035975976	76.80706508208208
0.0	Daqingshanodon	80.06630876076076	79.78590365165164
0.0	Datheosaurus	124.54003567067068	123.61736026226227
0.0	Davletkulia	94.33370453553555	93.28605058858858
0.0	Deccanodon	49.318322698698694	48.292207375375376
0.0	Delectosaurus	83.83485597497499	81.94726634034033
0.0	Delphinognathus	87.58708542742744	86.76983857857859
0.0	Deuterosaurus	92.17776143043045	85.81264369769771
0.0	Diademodon	72.53275453153152	56.62061931331331
0.0	Dicynodon_Temperate_N	89.98956704504505	87.7441623043043
0.0	Dicynodon_Temperate_S	111.93682426926927	62.956041313313314
0.0	Dicynodontipus_Temperate_N	71.15719700400402	70.81449978778778
0.0	Dicynodontipus_Temperate_S	82.801078992993	62.11805998498498
0.0	Dicynodontoides_Temperate_S	85.68817483483483	75.12925755655657
0.0	Diegocanis	57.22497504904904	56.02576867167168
0.0	Digalodon	85.30256536236236	77.61881075575576
0.0	Diictodon_Temperate_N	78.22623973373373	77.92639644644645
0.0	Diictodon_Temperate_S	92.31991001701701	77.0722921001001
0.0	Diictodontoides	81.36445893493493	81.06441873073074
0.0	Dimacrodon	107.57708552552553	95.45684201601601
0.0	Dimetrodon	123.65123927527527	87.8578500810811
0.0	Dinanomodon	85.08414393293295	73.81551415115115
0.0	Dinodontosaurus	67.10394497597598	57.700082952952954
0.0	Dinogorgon	85.16382895895897	78.68421158458459
0.0	Dinosaurus	92.04881405005005	89.58375736436437
0.0	Dolichuranus	69.85583196496496	69.49972195095096
0.0	Dolomitipes	77.66738178978979	73.22396942842843
0.0	Driveria	99.30370491091092	98.29000282382383
0.0	Dromatherium	44.046846465465464	42.991151756756764
0.0	Dvinia	87.50775505205206	83.6958781891892
0.0	Ecteninion	56.66425643243243	55.477772524524525
0.0	Edaphosaurus	128.8705075115115	92.09326731131132
0.0	Elcabrosaurus	126.42453231731731	125.47752271471471
0.0	Elephantosaurus	64.323245993994	63.94365153053053
0.0	Elliotsmithia	87.04260721621621	86.21892621321321
0.0	Elph	89.49169381981983	82.74139856656657
0.0	Emydochampsa	82.04791093693694	81.72907404804805
0.0	Emydops	96.61437264564566	78.9986526946947
0.0	Emydorhinus	84.68155115315315	77.91892612712712
0.0	Emydorhynchus	80.57175437037037	80.29065607907908
0.0	Emyduranus	83.22377528028028	79.85820252952954
0.0	Endothiodon_Temperate_S	96.48204248348348	78.65948011911912
0.0	Endothiodon_Tropical_S	83.648444995996	77.30737358658658
0.0	Ennatosaurus_Temperate_N	98.15001785185186	89.28662306606607
0.0	Ennatosaurus_Tropical_N	88.29600481481481	87.41777854054054
0.0	Eocasea	127.52134357657657	126.60373289489489
0.0	Eodicynodon	96.5593367087087	87.15650255555556
0.0	Eoraetia	31.254424050050048	30.349875260260262
0.0	Eosimops	89.7119032982983	81.20274126826827
0.0	Eothyris	113.0038009009009	112.3052175945946
0.0	Eozostrodon	32.54829924824825	28.46064592192192
0.0	Ericiolacerta	77.05008085785786	73.1589577967968
0.0	Eriphostoma	90.02488253153152	77.85444815615615
0.0	Estemmenosuchus	95.23601648648649	89.07160791091091
0.0	Eubrachiosaurus	58.22672194694695	57.079138408408404
0.0	Euchambersia	81.2689005035035	80.96923476476476
0.0	Euptychognathus	82.55931229429429	82.17144993893893
0.0	Euromycter	109.06554753853855	108.2364833993994
0.0	Exaeretodon_Temperate_S	65.49519013213214	32.96796033333334
0.0	Exaeretodon_Tropical_N	69.59183221821823	69.22526923823824
0.0	Fluctuodon	30.410116211211214	29.474924223223223
0.0	Galechirus	88.92913264664664	84.51864095695694
0.0	Galeops	89.2155698028028	80.86125337637637
0.0	Galesaurus	77.22630845545547	71.91549853153154
0.0	Gaumia	41.49871033933934	26.8415648028028
0.0	Geikia_Temperate_N	77.77603666366367	77.49661097597598
0.0	Geikia_Temperate_S	84.82382647747747	79.45017693993992
0.0	Glanosuchus	91.95662655355355	85.49944783583582
0.0	Glaucosaurus	107.47712452652652	106.58373786586587
0.0	Gomphodontosuchus	58.54457957557557	48.86643872772773
0.0	Gondwanadon	57.208663838838845	55.8837478038038
0.0	Gordonia	79.02208252052051	76.78111833033034
0.0	Gorgodon	103.45074796596596	93.93654638038038
0.0	Gorgonops	90.14377058258259	78.2913513093093
0.0	Gorochovetzia	86.13526284684684	85.43391035535535
0.0	Gorynychus	89.08782306306306	86.0155346056056
0.0	Habayia	30.27188968268268	29.299948687687685
0.0	Hahnia	28.9010351031031	27.921364222222223
0.0	Hallautherium	30.279265693693695	29.299171825825823
0.0	Haptodus	131.03725215815814	110.94266325325326
0.0	Haramiyavia	33.90945953253253	27.957247981981983
0.0	Hazhenia	72.32542509109109	72.00644837537538
0.0	Heleosaurus	86.89403107307307	86.10007074874875
0.0	Helvetiodon	28.454682956956955	27.48454165865866
0.0	Herpetoskylax	84.38672736136135	80.68037295895896
0.0	Hipposaurus	88.61504770470471	85.7175289029029
0.0	Hofmeyria	84.63049402402403	78.54441741641642
0.0	Homodontosaurus	84.03669414614615	78.58041864964964
0.0	Hwanghocynodon	81.41733016916916	81.10858471871872
0.0	Hyaenasuchus	86.96710997797798	86.18594504904905
0.0	Hypselohaptodus	121.4219723093093	120.45561114414414
0.0	Hypsiprymnopsis	29.897113694694696	28.927574653653657
0.0	Ianthasaurus	131.07823734534534	128.72837944144143
0.0	Ianthodon	130.172505978979	129.24493217417418
0.0	Ichibengops	84.8100225855856	78.96871548148148
0.0	Icticephalus	81.73848370270271	81.42893626426425
0.0	Ictidochampsa	80.65280544144146	80.35976502302302
0.0	Ictidognathus	86.67852577277277	80.79483365265264
0.0	Ictidorhinus	83.1729312932933	82.75073015915916
0.0	Ictidosaurus	92.47793157357358	85.64601319219219
0.0	Ictidosuchops	84.91254965765765	77.1219318948949
0.0	Ictidosuchus	83.26227571971972	82.80458665665664
0.0	Idelesaurus	87.971420002002	87.04283743243244
0.0	Impidens	69.47195941341342	69.10681652152154
0.0	Inostrancevia_Temperate_N	90.16600023923924	81.10576602802801
0.0	Inostrancevia_Temperate_S	82.55556728228228	82.20451353753752
0.0	Interpresosaurus	83.42029175875875	83.0872888038038
0.0	Irajatherium	48.518530045045054	40.048871256256255
0.0	Ischigualastia	61.433381983983985	51.84204835635635
0.0	Isengops	81.57714963163163	81.26295610610612
0.0	Jachaleria	65.91533844944945	33.20417051151152
0.0	Jimusaria_Temperate_N	81.47631053053053	76.27039682582583
0.0	Jiufengia	81.30286613613615	81.00950320420421
0.0	Jonkeria	89.85014702902902	81.84562948748749
0.0	Julognathus	87.6851752172172	86.81599336836835
0.0	Kamagorgon	100.86645302402401	95.11787003503504
0.0	Kannemeyeria	75.6429505085085	66.97361669169169
0.0	Karenites	89.23647788288288	85.69524696096096
0.0	Kataigidodon	41.53997418818819	40.52725728428428
0.0	Katumbia	84.71937038538537	79.32338138438439
0.0	Kawingasaurus	84.65157077677677	79.44382004104105
0.0	Kembawacela	84.66339574474475	78.64965497897897
0.0	Kenomagnathus	130.11102586886886	129.18984946046047
0.0	Keratocephalus	89.59547554554554	85.10493055155155
0.0	Keyseria	79.9934810760761	79.67826035935936
0.0	Kitchinganomodon	84.65510122222224	79.01334454654655
0.0	Knoxosaurus	105.73421319719719	95.76182537737736
0.0	Kombuisia	71.53498646646646	68.72797758058059
0.0	Kotelcephalon	87.54037632532533	86.6985698138138
0.0	Kuehneotherium	32.927627156156156	26.589677359359357
0.0	Kunpania	80.80005813413413	80.49062146546547
0.0	Kwazulusaurus	81.0806684994995	80.77842714014014
0.0	Lalieudorhynchus	89.84159813213213	88.89232471871873
0.0	Langbergia	75.8962169069069	72.01077673573575
0.0	Lanthanostegus	88.96386776776777	86.39808625025026
0.0	Lemurosaurus	83.90114923623624	78.90330244344345
0.0	Lende	81.86033217317316	81.55939072872873
0.0	Leogorgon	87.6722054004004	83.83502137337338
0.0	Leontosaurus	84.9496021031031	76.91303096596597
0.0	Lepagia	33.09043080980981	26.09308312312312
0.0	Leucocephalus	82.13759132132131	81.83160854054054
0.0	Lisowicia	37.19279800900901	36.276626130130126
0.0	Lobalopex	82.71159666366366	82.4148284114114
0.0	Lophorhinus	81.12841618518517	80.83470190990992
0.0	Luangwa	72.45306069069068	55.39542205005005
0.0	Lumkuia	70.74317542242241	70.4039027057057
0.0	Lupeosaurus	121.60354752252252	120.68383129429431
0.0	Lycaenodon	83.99855502602604	80.52339492392392
0.0	Lycaenops	84.57927741141141	78.49729486186186
0.0	Lycedops	85.78091761361361	85.10420151451451
0.0	Lycideops	80.99671942142142	80.6808812022022
0.0	Lycosaurus	88.79386654854855	81.2485112902903
0.0	Lycosuchus	87.50528418718719	86.63637605805806
0.0	Lystrosaurus_Temperate_N	78.94420742742741	74.26201145945944
0.0	Lystrosaurus_Temperate_S	86.37506231731732	72.17219114714715
0.0	Macromerion	126.78730751951952	125.44783283483483
0.0	Madysaurus	60.85655491791792	59.96669517817818
0.0	Malasaurus	83.31136475675676	82.97349857757757
0.0	Mandagomphodon	70.78081286786787	67.88754579379379
0.0	Martensius	112.39005191791793	111.67216122422421
0.0	Massetognathus	67.37758073773774	56.31895447247248
0.0	Mastersonia	104.94476474374375	103.99718691291291
0.0	Maubeugia	30.388819690690692	29.432801131131132
0.0	Megawhaitsia	84.91682372972971	81.78637803303303
0.0	Melanedaphodon	134.00894853753755	133.10145823323322
0.0	Menadon	64.4891586016016	52.81351992892893
0.0	Mesenosaurus_Temperate_N	98.14344286586586	89.12312559059059
0.0	Mesenosaurus_Tropical_S	111.66101615515515	110.88364617317318
0.0	Meurthodon	29.99433881081081	29.102791610610613
0.0	Microconodon	56.88985832632633	37.009104144144146
0.0	Microgomphodon	75.25924303903903	66.89374810910911
0.0	Microhelodon	70.08345184584586	69.713401002002
0.0	Microscalenodon	32.50450718418418	28.227772633633634
0.0	Microsyodon	100.27359367167166	93.8180137947948
0.0	Microurania	89.45087931031031	82.05648075075075
0.0	Microvaranops	89.45119771271271	85.04371383283284
0.0	Microwhaitsia	82.9991833933934	79.26708153553554
0.0	Milosaurus	128.70169263663664	127.70732293293294
0.0	Minicynodon	46.781823031031024	45.79630314614615
0.0	Mirotenthes	83.7798063963964	79.24229991091092
0.0	Mitredon	30.51282898998999	29.606554213213215
0.0	Mobaceras	92.93555206106106	91.91477704604605
0.0	Moghreberia	60.7746025955956	31.309197237237235
0.0	Mojo	31.850812184184182	30.874196357357352
0.0	Molybdopygus	91.05569875375375	90.0328254064064
0.0	Morganucodon	32.826940734734734	27.31860458158158
0.0	Mormosaurus	92.17915984784786	86.52514602302303
0.0	Moschops	89.83817381581581	82.4743880930931
0.0	Moschorhinus	84.99546953253254	72.32052017217217
0.0	Moschowhaitsia	85.21376876476477	82.00376656256256
0.0	Muchia	87.1718909189189	86.35297116616616
0.0	Mucrotherium	28.915501825825825	27.953836853853854
0.0	Mupashi	81.35260674074073	81.06714785685686
0.0	Mycterosaurus	113.71222357757757	101.73119418418419
0.0	Myosauroides	82.46088758958959	82.09798515415416
0.0	Myosaurus	76.81270072772773	71.90139752952953
0.0	Nanictidops	83.16160056656656	82.85608616516517
0.0	Nanictocephalus	81.8653418948949	81.55048723323323
0.0	Nanictosaurus	84.09638026926928	77.68801442342343
0.0	Nanocynodon	87.90580734334334	87.0778598028028
0.0	Nanogomphodon	64.06524873773775	63.82669354354355
0.0	Neosaurus	116.37150309509508	115.5085102002002
0.0	Niaftasuchus	98.08496646746747	90.0546335935936
0.0	Niassodon	83.20231592492492	82.81942494894895
0.0	Nikkasaurus	96.92781754154154	91.65829062862862
0.0	Nitosaurus	126.11405053553554	125.18175212412413
0.0	Niuksenitia	87.70896554354354	86.87826643643643
0.0	Nochnitsa	87.54838378278279	86.73776095595595
0.0	Notaelurodon	80.2926824044044	79.98923146246247
0.0	Nothogomphodon	71.24838707207209	68.1586826886887
0.0	Notosyodon	88.62253682682682	87.73751941241242
0.0	Nshimbodon	81.0810001041041	80.73923923523523
0.0	Nythosaurus	70.25060949849849	69.85753189389389
0.0	Odontocyclops	85.02111135535534	79.42880295695694
0.0	Oedaleops	127.52833783483484	113.22947620920921
0.0	Oligokyphus	33.21136661361361	28.160606649649647
0.0	Olivierosuchus	75.53537574774775	71.9743811021021
0.0	Ophiacodon	128.58163455555555	88.72389985285285
0.0	Ophidostoma	81.85358739839842	81.5645614964965
0.0	Ordosiodon	70.57890827727728	68.1045082942943
0.0	Oromycter	112.61025570570571	111.83962638438439
0.0	Otsheria	91.29953686686687	90.21890353153152
0.0	Oudenodon_Temperate_S	87.36812731031031	76.98239804204204
0.0	Pachydectes	86.39431857557558	85.65177442742743
0.0	Palemydops	84.43702537137138	80.72405335135134
0.0	Pampaphoneus	91.60466794894894	86.91224954154156
0.0	Panchetocynodon	76.45513983083083	76.17614296196196
0.0	Parabradysaurus	99.17662903403402	93.52367229229229
0.0	Paraburnetia	82.23798574674674	81.94109887687686
0.0	Paragalerhinus	80.32026783383384	80.01232472972973
0.0	Parakannemeyeria_Temperate_N	71.87712262262262	65.86394857957958
0.0	Parasuminia	87.15102536736737	86.32990759159159
0.0	Paratraversodon	66.6496522792793	60.05814762862863
0.0	Pardosuchus	87.77036473773774	86.89545589889889
0.0	Pascualgnathus	60.3110387987988	55.34186395895895
0.0	Patranomodon	92.29164069869869	89.6106488108108
0.0	Pelanomodon	84.85356334834836	77.21515826326326
0.0	Pelictosuchus	83.43343951951951	77.58395228528529
0.0	Pentasauropus_Temperate_S	66.2591376036036	35.030256542542546
0.0	Pentasauropus_Tropical_N	44.34464823823824	43.33967764764765
0.0	Pentasaurus	38.583013580580584	37.60531331331331
0.0	Peramodon	89.09515083783785	83.8563407947948
0.0	Perplexisaurus	91.36912734034033	84.7386413163163
0.0	Phocosaurus	88.48493889889892	85.45125081781782
0.0	Phreatophasma	96.82768206006006	95.79684711811812
0.0	Phthinosaurus	95.7308356726727	89.6127366896897
0.0	Placerias	59.62819371871872	33.41690943743744
0.0	Planitorostris	63.899075826826824	63.429898296296294
0.0	Platycraniellus	76.8906941861862	71.70828087287289
0.0	Platycyclops	82.85341581881882	82.57005525125125
0.0	Platypodosaurus	84.31362102602603	79.00033697097098
0.0	Plinthogomphodon	42.7919062042042	41.76412795195195
0.0	Polonodon	56.74051578878879	55.509071009009006
0.0	Polycynodon	80.91441685785784	80.6129795975976
0.0	Porosteognathus	90.44168765265266	86.54222935835836
0.0	Pravoslavlevia	86.63344953953953	85.87927955855855
0.0	Pristerodon_Temperate_S	88.36769508808808	79.18421936136137
0.0	Pristerognathoides	89.73355642942943	83.36680323123122
0.0	Pristerognathus	89.47909324624625	84.89263727627629
0.0	Pristerosaurus	88.19669683583585	87.32550497297298
0.0	Probainognathus	66.39704011511512	54.44227552152152
0.0	Proburnetia	88.30965342942943	87.38828785685686
0.0	Procynosuchus_Temperate_N	85.20970108508507	80.3280002032032
0.0	Procynosuchus_Temperate_S	85.08187657957957	73.82677352352351
0.0	Prodicynodon	83.0898985945946	80.05196875375374
0.0	Progalesaurus	76.68998506606607	76.40541033733734
0.0	Promoschorhynchus	84.80730540840841	78.6003162012012
0.0	Prosictodon	91.29576178578579	90.30159932932932
0.0	Protheriodon	65.0128306016016	64.78142334234235
0.0	Protuberum	66.8788403893894	61.080860386386384
0.0	Prozostrodon	57.911215527527524	38.2002012062062
0.0	Pseudotherium	58.208557257257254	56.963830767767774
0.0	Pseudotriconodon_Temperate_N	40.718703323323325	26.912475861861864
0.0	Pseudotriconodon_Tropical_N	45.42592327727728	44.34069546846847
0.0	Ptomalestes	89.23066194394394	85.29107074374375
0.0	Purlovia	85.02726272372372	82.05088859159159
0.0	Putillosaurus	74.25693362962963	73.95824324024025
0.0	Pyozia	94.70909354554554	93.65154431031031
0.0	Rabidosaurus	71.97928314614614	68.01011132232232
0.0	Raranimus	96.81526396096096	95.74020501201203
0.0	Rastodon	87.39685201601601	86.55092643443443
0.0	Rechnisaurus	70.87813048248249	68.78071285285284
0.0	Redondagnathus	45.428085344344346	44.2793656066066
0.0	Regisaurus	76.7107260950951	73.11975476676677
0.0	Reiszia	95.17689090490491	89.28703851551552
0.0	Remigiomontanus	124.17705656856857	123.25198555355355
0.0	Repelinosaurus	75.24260000700701	74.94981703203204
0.0	Rewaconodon_Temperate_S	58.96674324324324	54.41802953553554
0.0	Rewaconodon_Tropical_S	44.178251521521524	43.14291302702703
0.0	Rhachiocephalus	84.65718476376377	78.95656325825826
0.0	Rhadiodromus	71.15282943143143	67.45554399199199
0.0	Rhinodicynodon	68.74102550750752	68.39308534834835
0.0	Rhopalodon	91.89145507907908	89.27724280680683
0.0	Riebeeckosaurus	86.56724940740742	85.80599743343343
0.0	Riograndia	51.74089602602603	33.85391240540541
0.0	Riojanodon	57.507148847847844	56.5344958048048
0.0	Robertia	89.34866452452452	83.80113696096096
0.0	Rosieria	33.314934168168165	28.803205642642645
0.0	Ruberodon	58.176328091091094	56.87372405305305
0.0	Rubidgea	85.00632850450451	77.41868196296295
0.0	Ruhuhucerberus	83.30574443043044	79.74500656456456
0.0	Ruthenosaurus	111.20125450750751	110.35585807007007
0.0	Ruthiromia	128.2942451741742	127.30270999499498
0.0	Sangusaurus	71.30059167867867	65.56691744844845
0.0	Santacruzgnathus	56.71424366766767	55.51460414914914
0.0	Santacruzodon	60.93769956956957	52.948088007007016
0.0	Santagnathus	52.29509394194195	33.419652028028025
0.0	Sauroctonus_Temperate_N	87.70192773173171	86.91537616816817
0.0	Sauroctonus_Temperate_S	82.4676210860861	82.12546442642643
0.0	Sauroscaptor	84.75569067767768	79.36698665665665
0.0	Scalenodon	71.96043777577577	64.2423113003003
0.0	Scalenodontoides	51.46222406406406	28.053199665665662
0.0	Scalopocephalus	81.94229187787788	81.5866966056056
0.0	Scalopodontes	86.84254475375377	86.06815723523522
0.0	Scalopognathus	76.61690237337338	76.33223923723723
0.0	Scaloporhinus	80.76815011911911	80.47312174374375
0.0	Scaloposaurus	83.54527054654656	71.94225933333333
0.0	Scaloposuchus	82.11616220920922	81.76584303703703
0.0	Scylacoides	84.88955116316316	84.37432917617618
0.0	Scylacops	84.94542411811811	79.465382995996
0.0	Scylacosaurus	89.23762110110108	79.8971002902903
0.0	Scylacosuchus	86.10680023423423	85.42138224624624
0.0	Scymnosaurus	89.28712805405407	84.89757053253253
0.0	Secodontosaurus	114.93102064364365	101.36033236636638
0.0	Sesamondontoides	68.93668676476477	68.57555011411412
0.0	Shaanbeikannemeyeria	71.5284225065065	68.0063438048048
0.0	Shansiodon_Temperate_N	72.02989034334334	66.95329876376375
0.0	Shansiodon_Temperate_S	69.5245053093093	69.16764619519519
0.0	Shashajaia	113.48181875075075	112.62336243443443
0.0	Shiguaignathus	82.15949475475475	81.83569282482483
0.0	Silphedosuchus	74.51478455755755	74.23715748348349
0.0	Silphoictidoides	83.66989314714716	79.96387737137138
0.0	Sinoconodon	30.34924973273273	29.35286200700701
0.0	Sinognathus	68.54879863863864	68.18557841441441
0.0	Sinokannemeyeria	72.43758785385387	65.41563918318317
0.0	Sinophoneus	97.71095221921922	91.43061998298298
0.0	Sintocephalus	80.86219841441441	80.57229709309308
0.0	Siriusgnathus	58.92405777277278	37.31551982782783
0.0	Sludica	89.87648223223222	85.55283932132131
0.0	Smilesaurus	84.3669406016016	79.12432837637638
0.0	Sphenacodon	127.86021683483483	106.67389520120119
0.0	Stahleckeria	70.04330247747747	61.26091554454454
0.0	Steppesaurus	104.28548079579579	103.28569509009009
0.0	Stereophallodon	116.3845831011011	115.54150076276277
0.0	Stereorhachis	129.77257487087087	128.8414668848849
0.0	Struthiocephaloides	88.8966952062062	86.89479395395395
0.0	Struthiocephalus	89.44926315415415	84.77396014714715
0.0	Styracocephalus	88.77255207807808	85.30206343643644
0.0	Suchogorgon	89.52065787187188	85.04209923323323
0.0	Suminia	89.52699045645646	84.6291671091091
0.0	Sungeodon	76.6762988058058	76.40177939739739
0.0	Sycosaurus	84.79478303003003	79.02035553253253
0.0	Syodon	100.80394796196197	85.26590235935934
0.0	Syops	84.78834624024024	78.92107406506507
0.0	Sysphinctostoma	69.94856527227226	68.0617508198198
0.0	Tambacarnifex	112.8024971091091	112.12214343443445
0.0	Tamboeria	87.56023797997997	86.63792634734735
0.0	Taoheodon	80.32599975175175	80.035740012012
0.0	Tapinocaninus	91.34972425525527	90.35204067767769
0.0	Tapinocephalus	88.15536363263263	84.89710707207206
0.0	Tappenosaurus	105.00124493793794	93.39780844244244
0.0	Taurocephalus	87.5476230950951	86.66927053353353
0.0	Tenuacaptor	129.9220945135135	128.97870703803804
0.0	Tessellatia	42.825282726726726	41.78164645645646
0.0	Tetraceratops	102.74430522822823	101.79098636436437
0.0	Tetracynodon	84.17648523123123	72.58752682182181
0.0	Tetragonias	71.83951910910912	67.54019036436436
0.0	Theriognathus	84.97500902002002	70.72303435235234
0.0	Therioherpeton	53.46834542242243	52.47784102902903
0.0	Therioides	86.66449252052051	85.90853177377377
0.0	Theroteinus	29.534547327327324	28.55775985685686
0.0	Thliptosaurus	82.34571562062062	81.98169132532533
0.0	Thomasia	39.33498636136136	26.16667098098098
0.0	Thrinaxodon	76.87268169569569	72.20034262662662
0.0	Tiarajudens	91.89512933833832	90.90906216116117
0.0	Tigrisuchus	83.95373837737736	80.47092591291292
0.0	Tikitherium	57.92439761561562	56.66374544844845
0.0	Titanophoneus	92.43668490090091	85.10112168868869
0.0	Titanosuchus	92.7321485075075	84.5178068038038
0.0	Traversodon	66.43064914914913	61.60260651151151
0.0	Traversodontoides	69.0325685945946	68.70307801001002
0.0	Trichasaurus	104.62970243343342	103.6954322072072
0.0	Tricuspes	40.66271273173173	25.888364076076076
0.0	Trirachodon	72.18894993693694	67.09764320720721
0.0	Tritylodon	31.910737621621625	31.023161733733733
0.0	Trochorhinus	87.06785591791792	86.23318120420421
0.0	Trochosaurus	89.98949448148149	85.8043097837838
0.0	Trochosuchus	88.37037635835836	87.52793108508509
0.0	Tropidostoma	88.53547087187187	79.01459042842843
0.0	Trucidocynodon	59.83631453353353	40.07183700600601
0.0	Turfanodon_Temperate_N	84.39571864264265	76.44392911311311
0.0	Ufudocyclops	71.327881002002	67.1258982992993
0.0	Ulemica	92.27877265165164	85.37762690490491
0.0	Ulemosaurus	91.89154192092091	84.83062442642643
0.0	Uniserium	31.0342768998999	30.071940988988988
0.0	Uralocynodon	85.45754164064064	84.87385316116115
0.0	Uralokannemeyeria	71.18497372672672	67.77516124424425
0.0	Urumchia	76.70773923323323	76.41951475475474
0.0	Ustia	87.63739632232233	86.78122573373372
0.0	Varanodon	93.74227958358358	92.59809128728729
0.0	Varanops	115.13173377377377	102.64697046546546
0.0	Varanosaurus	113.25603783883885	99.22294813713714
0.0	Vaughnictis	121.35980055255254	112.56507016016015
0.0	Venyukovia	91.43927005205205	90.37461875675676
0.0	Vetusodon	81.03215676776776	80.72908076276278
0.0	Viatkogorgon	89.4116354094094	85.49617108008007
0.0	Viatkosuchus	88.27110378678678	84.88936494094094
0.0	Vinceria	72.17858200700701	68.28334145545546
0.0	Vivaxosaurus	89.16489757557558	81.72334666566567
0.0	Wadiasaurus	69.37662502102101	69.01869696696697
0.0	Walteria	87.75237851151151	86.87241238038038
0.0	Wantulignathus	91.1695279149149	90.16316887587588
0.0	Watongia	93.4564936066066	92.45763047447446
0.0	Woutersia	32.670102853853855	27.4276957987988
0.0	Woznikella	60.90203411411411	51.60326036836837
0.0	Xiyukannemeyeria	72.35724612412412	61.96278865265265
0.0	Xyrospondylus	130.45714442142142	128.59386256256255
0.0	Yikezhaogia	68.97448186086086	68.61929910610611
0.0	Zambiasaurus	69.53326761561561	69.17929832332332
