clade	species	ts	te
0.0	Abyssomedon	286.3349961154235	285.8184581900687
0.0	Acadiella	232.15213997059968	230.53707831458127
0.0	Acaenasuchus	226.25440204488936	209.01856561876244
0.0	Acallosuchus	221.53591738374868	220.28576224974725
0.0	Acerosodontosaurus	255.08631637993756	254.9645622114468
0.0	Acleistorhinus	279.24413026130287	278.09804599792216
0.0	Acrodenta	256.94644584044266	256.81404015753515
0.0	Actiosaurus	205.10782197435526	204.0858392196802
0.0	Adamanasuchus	217.30642611901237	216.07516657427308
0.0	Adelosaurus	256.16956723312484	256.05936220778005
0.0	Aenigmasaurus	249.96120881738685	249.257215071323
0.0	Aenigmaspina	231.96390103666704	230.3894546558184
0.0	Aenigmastropheus	256.27361436185953	256.1626797792975
0.0	Aetosauroides	234.67270017951307	210.23255867980757
0.0	Aetosaurus	226.53653050513893	208.51685487594304
0.0	Agkistrognathus	250.29543946114956	249.5525798503317
0.0	Agnosphitys	232.94279527589197	231.37712680173115
0.0	Alexeyisaurus	217.5500373942266	216.32876634373716
0.0	Alwalkeria	233.71570345714952	232.2446431095679
0.0	Amanasaurus	233.1756235066501	211.1307608461316
0.0	Ammorhynchus	247.4198514895388	244.73153019623552
0.0	Ammosaurus	201.57319742554915	199.29552233182594
0.0	Amotosaurus	247.35752708268978	243.64276221983576
0.0	Anarosaurus	246.88418214899053	242.60796069893
0.0	Anchisauripus_Temperate_N	222.23658493663265	198.0300074698719
0.0	Anchisauripus_Tropical_N	224.8751644173491	198.12691310876787
0.0	Ancistronychus	222.83934966616297	221.52687501244458
0.0	Angistorhinus	237.0780740903121	211.72900634887057
0.0	Anisodontosaurus	247.3388404050045	237.62424714693495
0.0	Anomoepus_Temperate_N	201.40183832891475	199.32759580104224
0.0	Anomoepus_Tropical_N	222.24051200198886	198.990681041456
0.0	Anomoiodon	247.49730452780585	243.3707966161402
0.0	Anshunsaurus	239.81777191603237	228.40792615266835
0.0	Anthodon	259.5720550280336	253.783748019078
0.0	Anticheiropus	200.8418020494228	199.83837028604762
0.0	Apachesuchus	220.1148114671719	218.82852670451894
0.0	Apatopus_Temperate_N	232.75345533621484	231.18818631702578
0.0	Apatopus_Tropical_N	226.92371931477012	201.6115679274881
0.0	Apatopus_Tropical_S	232.79916690164336	231.264301219858
0.0	Apatosuchus	215.66736375199727	214.44999090299893
0.0	Aphelosaurus	296.3647230488561	294.7994887241858
0.0	Araeoscelis	290.74508212570146	272.01429470673
0.0	Archeopelta	240.04886335103723	239.1505954354937
0.0	Archosaurus	260.458630868643	256.5479621655574
0.0	Arcticodactylus	219.06133046917188	217.8200396314737
0.0	Arganaceras	257.23801052432805	257.08685244680504
0.0	Arganasuchus	233.82819947377192	227.3373567538528
0.0	Argoides	201.643311680852	199.3811311052123
0.0	Arizonasaurus	247.17765620358006	244.89165420240226
0.0	Asilisaurus	247.21711415520176	241.93491667732977
0.0	Askeptosaurus	244.40236872700802	235.74182178673098
0.0	Asperoris	245.8364207017411	245.03180464695157
0.0	Asylosaurus	208.34002815566842	201.34662766246296
0.0	Atopodentatus	245.0583938297092	243.662719010689
0.0	Atreipus_Temperate_N	233.5999713752931	232.06023191225458
0.0	Atreipus_Tropical_N	231.63963536034845	215.82236519377992
0.0	Augustaburiania	250.60661735100388	246.80752912091245
0.0	Augustasaurus	243.3092956976189	242.52756699396656
0.0	Australothyris	261.9339671893354	261.4896453045145
0.0	Austriadactylus	213.80858081302014	209.95195472163024
0.0	Austriadraco	211.61507353848376	210.41851542038245
0.0	Avalonnectes	200.8321460591673	199.82419758301754
0.0	Avicranium	204.54157770733008	203.51351400480002
0.0	Azendohsaurus	232.17543766920744	230.57230539474884
0.0	Baeotherates	286.78449809430106	286.4514153712041
0.0	Baisesaurus	248.64647591735462	247.8516471131235
0.0	Barasaurus	260.73381371281897	247.94645575418613
0.0	Barberenasuchus	239.88868482845365	239.04329776655294
0.0	Barracudasauroides	246.72642975143057	241.9757170697119
0.0	Barracudasaurus	247.24041771919687	241.5457452511583
0.0	Barrancapus	222.85878067759643	221.62842372977474
0.0	Bashkyroleter	272.66450194653277	264.40168932335916
0.0	Batrachopus_Temperate_N	247.07062296784406	200.9934631305348
0.0	Batrachopus_Tropical_N	214.97732908286764	199.09012348307206
0.0	Batrachotomus	239.9708985906399	236.02646568436313
0.0	Belebey	270.3418979238992	264.21868962256247
0.0	Benggwigwishingasuchus	245.6523137552862	244.84088983506487
0.0	Bentonyx	245.79740826758075	244.9988968226314
0.0	Bergamodactylus	215.29962264937387	214.0730914295492
0.0	Besanosaurus	241.44365749844997	240.60285147336086
0.0	Blezingeria	244.1201788320537	243.30603044098262
0.0	Blomosaurus	251.78255434938166	251.29798771215235
0.0	Bobosaurus	236.0871345240502	234.7606467445305
0.0	Bolosaurus	296.3172082821031	276.1924382593029
0.0	Boreopricea	250.5381961044123	247.68006715505732
0.0	Brachychirotherium_Temperate_N	234.04799987018745	232.61213270087444
0.0	Brachychirotherium_Tropical_N	231.8069603758264	203.35744238420423
0.0	Brachychirotherium_Tropical_S	233.58938323105812	228.21508339351547
0.0	Bradysaurus	264.65972842863806	258.91605477920865
0.0	Brasinorhynchus	241.18082630067002	236.81807700327786
0.0	Brazilosaurus	291.512179864154	282.49027958371755
0.0	Bromsgroveia	247.18454149377217	241.9307199017878
0.0	Broomia	263.6497006076734	259.6000105573839
0.0	Bunostegos	252.77876974187492	252.60986932741474
0.0	Buriolestes	235.11258486557625	210.50830494839946
0.0	Bystrowisuchus	250.07963715293505	249.32160965762955
0.0	Callawayia	221.21761415730174	212.5484045929177
0.0	Calyptosuchus	233.99774234021493	208.37002118033536
0.0	Camelotia	207.64557892742135	202.83189609050103
0.0	Camposaurus	218.26973044140493	217.06280635328173
0.0	Candelaria	242.13282502854474	235.9924630632785
0.0	Captorhinikos	283.27798039281544	273.1256865806842
0.0	Captorhinoides	281.2398685060501	274.0544090185891
0.0	Captorhinus_Temperate_S	256.3449663151368	256.2309593677041
0.0	Captorhinus_Tropical_N	287.0962235964956	272.6100451221013
0.0	Captorhinus_Tropical_S	290.6981373393371	274.2674065883621
0.0	Cargninia	217.80832600797788	216.60492533450372
0.0	Carnufex	231.87197684839836	230.37170672470805
0.0	Cartorhynchus	248.45218656697296	247.6496534737275
0.0	Caseosaurus	215.51050843139367	214.3039583383593
0.0	Caviramus	207.2114102800031	206.1229616992967
0.0	Ceresiosaurus	242.24073288007645	237.11262545104944
0.0	Chalishevia	242.19204983725373	236.06623055695061
0.0	Chanaresuchus	242.06818668746322	236.23117261976242
0.0	Chaohusaurus	250.40696386716516	241.5901667544306
0.0	Chasmatosuchus	251.8127832772031	247.1284144686052
0.0	Chelyoposuchus	205.1210515943844	204.0885133859265
0.0	Chinchenia	240.77556016681297	239.82385016444627
0.0	Chindesaurus	225.65288893593265	211.9858258601651
0.0	Chinshakiangosaurus	200.7561327829087	199.7482789051212
0.0	Chirotherium_Temperate_N	235.80237352266138	202.27327108234533
0.0	Chirotherium_Temperate_S	241.34640340952674	237.10771570943012
0.0	Chirotherium_Tropical_N	252.32135213645705	212.60193164195158
0.0	Chromogisaurus	234.0010527844643	232.48495451037235
0.0	Clarazia	243.63066924938053	242.83910372651917
0.0	Claudiosaurus	260.5298130462228	250.45388666792965
0.0	Clevosaurus_Temperate_N	237.0425467880421	199.06679632662585
0.0	Clevosaurus_Temperate_S	233.54672253345038	208.74057782578697
0.0	Coahomasuchus	233.61227740378226	218.4622520826898
0.0	Coartaredens	247.10930528953656	242.1108341800909
0.0	Coburgosuchus	221.60948648986104	220.26666926398073
0.0	Coelodontognathus	250.41083045224948	246.6291877740308
0.0	Coelophysis_Tropical_N	227.8368462172913	199.9067558040645
0.0	Coelophysis_Tropical_S	217.05592704920056	215.84531955203946
0.0	Coelurosauravus_Temperate_N	256.9802178009311	256.8697942763364
0.0	Coelurosauravus_Temperate_S	258.3774923999711	251.86431110149
0.0	Coelurosaurichnus_Temperate_N	246.97817347830534	202.1643463635596
0.0	Coelurosaurichnus_Tropical_N	246.8234223777042	212.98139701341125
0.0	Coelurosaurichnus_Tropical_S	233.60220235883733	229.00951084542046
0.0	Coletta	249.4226423145924	248.63874919161327
0.0	Collilongus	249.4999291614129	248.7460319381105
0.0	Colobomycter	291.0703964496161	283.6033912103913
0.0	Colobops	217.38019129786997	216.15204119970227
0.0	Coloradisaurus	222.43970995333277	212.2991466254292
0.0	Coloradisuchus	217.73925337729307	216.50306397201078
0.0	Concavispina	231.5749651981911	229.96100033942594
0.0	Contectopalatus	243.21589029774776	242.41462036015957
0.0	Corosaurus	248.90076763745157	247.0358943336037
0.0	Cosesaurus	238.60053136791518	237.57159255132834
0.0	Crosbysaurus	227.50882069691886	209.17640385113168
0.0	Ctenosauriscus	248.66796598107754	247.87799785125395
0.0	Cyamodus	246.78187292808803	228.0111422125246
0.0	Cymatosaurus	247.10608974490827	242.27241149179432
0.0	Cymbospondylus_Temperate_N	245.53023572381917	235.90056354661718
0.0	Cymbospondylus_Tropical_N	249.57234270081892	237.3788976420627
0.0	Czatkowiella	249.40947725260278	248.6343779837443
0.0	Dactylosaurus	247.26712671571912	242.2458140484783
0.0	Daemonosaurus	205.74465344036048	204.7220787367415
0.0	Dagasuchus	234.02029378085317	232.53744543067143
0.0	Dawazisaurus	244.22267646941629	243.43275414729052
0.0	Decuriasuchus	244.01377040660452	236.2454244069934
0.0	Delatorrichnus	200.79427213455705	199.8009463705597
0.0	Delorhynchus	289.98298629494775	282.8568692551028
0.0	Deltadectes	218.97509105483394	203.5016116601629
0.0	Deltavjatia	264.8711182594251	259.6402381542573
0.0	Desmatosuchus	233.55427348473873	209.1232518619652
0.0	Diandongosaurus	244.62494867674084	243.8181976007622
0.0	Diandongosuchus	239.641097413849	238.70270276459738
0.0	Dianmeisaurus	245.41272168972992	242.69717276430845
0.0	Dianopachysaurus	244.66461645933842	243.85175222662474
0.0	Dimetropus	291.22874206947847	282.6030946382182
0.0	Dimorphodon	200.9775519801331	199.97019630405893
0.0	Dinocephalosaurus	244.98203104175602	243.5742628756764
0.0	Diphydontosaurus_Temperate_N	236.93159460482894	201.46543290669896
0.0	Diphydontosaurus_Tropical_N	215.31457670663005	214.1067508550984
0.0	Diphydontosaurus_Tropical_S	220.06853414640162	218.82828798778874
0.0	Dolabrosaurus	215.8980872548806	214.69697170481894
0.0	Dolerosaurus	230.10402218281317	228.51703937271523
0.0	Dolichobrachium	233.79391852391694	232.26071531133675
0.0	Doliovertebra	245.48139401863352	244.67667189538773
0.0	Dongusuchus	246.14263526568075	241.9607714667274
0.0	Dorosuchus	246.21168324039158	242.80438114871274
0.0	Doswellia	237.56618924918052	210.85485615915735
0.0	Dracoraptor	200.95034751888355	199.9523570468339
0.0	Drepanosaurus_Temperate_N	215.96011271460796	214.74242777996423
0.0	Drepanosaurus_Tropical_N	222.5793329214658	202.74273320399115
0.0	Dromomeron_Temperate_S	219.1160241936022	217.87716058487314
0.0	Dromomeron_Tropical_N	224.75333699049995	202.9731039827776
0.0	Dromomeron_Tropical_S	224.86857435978177	210.5288244374049
0.0	Dyoplax	232.0621790767564	230.48728544323825
0.0	Ebrachosuchus	233.32238644626054	231.8380745079612
0.0	Effigia	208.35625790363227	201.72721113034586
0.0	Efraasia	219.00276890412113	211.83809732534806
0.0	Eifelosaurus	246.1097429916221	245.28589069755216
0.0	Elachistosuchus	205.50335444830498	204.4750058277092
0.0	Elessaurus	249.32345334842606	248.57967995409953
0.0	Elginia	257.46974065142945	250.62984425218056
0.0	Embrithosaurus	264.9093133373927	259.61093616189066
0.0	Emeroleter	264.93030224116933	259.91014471028564
0.0	Endennasaurus	215.19686719636883	213.97870997064413
0.0	Energosuchus	241.61049013921266	236.29192496227736
0.0	Eodromaeus	231.00314596703296	229.4276641123346
0.0	Eohupehsuchus	248.39129497384417	247.58505426053617
0.0	Eohyosaurus	246.53221006896743	242.24532365909621
0.0	Eomurruna	251.8990365922288	250.9250497759864
0.0	Eoplesiosaurus	200.7936311400904	199.7981696000844
0.0	Eoraptor	235.62916666307405	229.54083681054234
0.0	Eorasaurus	262.4519960214891	261.98611018063536
0.0	Eorhynchochelys	231.72547663844043	230.16419105218944
0.0	Eosauropus_Temperate_N	224.48434344632716	214.43758288664316
0.0	Eosauropus_Tropical_N	224.33372240162666	210.77152242619363
0.0	Eretmorhipis	240.81928666829634	239.9764728111646
0.0	Erpetosuchus	218.2988247260414	217.0674423139702
0.0	Erythrosuchus	247.0702089975333	242.10561949814996
0.0	Erythrovenator	233.53189092798812	231.97249695443284
0.0	Eshanosaurus	200.79481410560115	199.78971415570174
0.0	Eubrontes_Temperate_N	226.52907913265702	199.01990774488604
0.0	Eubrontes_Tropical_N	226.0090149408993	199.14874850357225
0.0	Eucoelophysis	220.7642014291492	202.10664488434315
0.0	Eudibamus	286.884034523217	286.5954346065957
0.0	Eudimorphodon	219.58920412724586	201.0630084368271
0.0	Eumetabolodon	249.5864503806487	242.32102431402572
0.0	Eunotosaurus	264.7758100779675	259.71280467296305
0.0	Euparkeria	246.81372133650373	241.9543456947855
0.0	Eurhinosaurus	200.91313855259506	199.9193652347026
0.0	Eurycleidus	201.17339097846644	200.1835295557506
0.0	Eusaurosphargis	246.90485134662603	238.43132095357728
0.0	Euscolosuchus	234.02412425470283	232.5244484680385
0.0	Evazoum	232.74872038650426	202.75523192507697
0.0	Fasolasuchus	218.965551621818	217.68626134035935
0.0	Faxinalipterus	220.5326652907143	212.3071342711919
0.0	Feeserpeton	286.28902966231846	285.8780775324392
0.0	Feralisaurus	245.32972153212813	244.52743389169876
0.0	Fodonyx	247.28653696131067	241.944545421038
0.0	Fraserosphenodon_Temperate_N	232.71919705372278	231.04543543827154
0.0	Fraserosphenodon_Tropical_S	217.42901814167936	216.2111536385515
0.0	Fraxinisaura	238.83627926188066	237.89311911434572
0.0	Fugusuchus	246.71129345884955	245.9180851503017
0.0	Fuyuansaurus	239.5925175877288	238.7288774632607
0.0	Galesphyrus	258.3696860641006	255.0356054292492
0.0	Gamatavus	241.62861882210913	237.24118636349291
0.0	Gansurhinus	272.8399443906932	255.2216601713908
0.0	Garjainia_Temperate_N	250.35881168384088	247.05987470228555
0.0	Garjainia_Temperate_S	251.15760423813597	246.93472657071746
0.0	Garzapelta	218.50829470669677	217.30329451236125
0.0	Gecatogomphius	275.756358615618	268.2129755369171
0.0	Gephyrosaurus	207.19919591634354	202.24378703478925
0.0	Glaurung	256.0259942373471	255.91555114296827
0.0	Glyphoderma	238.90118848648322	237.89849986507633
0.0	Gnathovorax	232.99821935783734	218.34342264927386
0.0	Gojirasaurus	218.08732906358958	216.83166750453896
0.0	Gomphiosauridion	231.72799737889312	230.19117422431356
0.0	Gorgetosuchus	233.0040521883799	231.52004369328543
0.0	Gracilisuchus	241.50781390622114	236.47403069854107
0.0	Grallator_Temperate_N	233.64771558518427	198.48679793158814
0.0	Grallator_Temperate_S	233.01514090992123	216.28302541950467
0.0	Grallator_Tropical_N	234.28607858592878	199.21456038678207
0.0	Graoullyodon	206.74600377057527	205.68699453827267
0.0	Gregaripus	227.40682561421792	212.83915293083257
0.0	Gresslyosaurus	222.44118468045198	208.42902714157933
0.0	Grippia	250.79327072970813	247.08875723671378
0.0	Guaibasaurus	225.97607371003014	208.9903461899021
0.0	Gualosuchus	241.51413693316593	236.92654946502742
0.0	Guanlingsaurus	233.37255657357304	227.70567812042356
0.0	Guchengosuchus	245.23309673767483	244.42471824350272
0.0	Guizhouichthyosaurus	241.11127722004687	227.1586239206324
0.0	Gulosaurus	251.05590315934617	248.85606310815675
0.0	Gunakadeit	217.4341670736119	216.2205341230347
0.0	Gwyneddichnium	225.10193658736208	201.55162460974006
0.0	Gyposaurus	201.7005298839987	199.55125856092852
0.0	Halazhaisuchus	245.17049826499183	244.3574390302781
0.0	Haligonia_Temperate_N	207.4854995304059	202.3697939236658
0.0	Haligonia_Tropical_N	232.2966593350926	230.69530089710997
0.0	Hanosaurus	249.79393050685007	249.0276902249914
0.0	Helcura	201.696893921288	199.47505180384226
0.0	Helveticosaurus	242.14375158977322	241.39296789087652
0.0	Hemilopas	248.65694760072884	242.62196113471256
0.0	Hemiprotosuchus	223.11569048061648	214.30099462389583
0.0	Heptasuchus	232.31832493269926	230.79901270130782
0.0	Herrerasaurus	236.49345774133047	227.07751602307806
0.0	Hescheleria	243.08790643136032	242.3131107445416
0.0	Hesperosuchus	225.74976994032158	202.36307089637666
0.0	Heterodontichnites	233.61605051903916	216.19901205947846
0.0	Heteropelta	245.16747104976727	244.3672103811153
0.0	Himalayasaurus	215.4875581020456	214.2491330462227
0.0	Hispaniasaurus	239.96196109988998	239.12542182848702
0.0	Honghesaurus	244.60447772261915	243.79527985144276
0.0	Horaffia	240.12320299285548	236.11943856487292
0.0	Hovasaurus	259.61306168394094	249.86244323836934
0.0	Howesia	245.96902545834956	242.8200013694708
0.0	Hudsonelpidia	218.08435381695347	216.77658716129068
0.0	Hupehsuchus	250.9162327041078	237.58891962812925
0.0	Hwiccewyrm	236.52267389215436	227.3124741066901
0.0	Hyloidichnus	256.6026070666897	250.66846082397583
0.0	Hyperodapedon_Temperate_S	236.62831319151326	208.4091856554406
0.0	Hyperodapedon_Tropical_N	234.76574188174317	229.08003102835585
0.0	Hypselorhachis	244.99306069690775	244.19291233337037
0.0	Hypsognathus_Temperate_N	204.91920325636949	203.88398301108901
0.0	Hypsognathus_Tropical_N	233.23092022491363	202.76469263697373
0.0	Hypuronector	220.3691000881676	211.79578283405374
0.0	Icarosaurus	219.53568085966506	218.29518106631187
0.0	Ichthyosaurus_Temperate_N	208.46604513594596	199.27376511725686
0.0	Ichthyosaurus_Tropical_N	224.37265386259844	210.10888739155988
0.0	Ichthyotitan	205.58023961166234	204.5392143797709
0.0	Idiosaura	233.73669729201436	232.22107019891337
0.0	Ignotosaurus	232.30157417370188	230.73566367582973
0.0	Incertovenator	231.065487461794	229.56326224701388
0.0	Ingentia	219.032990450205	217.7804457517972
0.0	Isfjordosaurus	248.56403699921114	247.76427775040833
0.0	Ixalerpeton	236.52628797973315	215.02334879821996
0.0	Jaklapallisaurus	217.7786949205658	216.55912382813142
0.0	Jaxtasuchus	239.8247371599462	236.22867747416078
0.0	Jesairosaurus	245.96577068414092	245.15736321416912
0.0	Jingshanosaurus	201.8570468293759	198.92235528571427
0.0	Jushatyria	244.92844089462102	244.12840911905693
0.0	Kadimakara	251.8789969258659	250.94304392142135
0.0	Kalisuchus	251.6544606052067	251.10731468790763
0.0	Kapes_Temperate_N	251.28147035281498	243.8254509792442
0.0	Kapes_Tropical_N	247.06399695744392	242.60310536638187
0.0	Kayentapus_Temperate_N	201.55976373653039	199.29127794292162
0.0	Kayentapus_Tropical_N	227.98036613916824	199.54171117732417
0.0	Keichousaurus	249.64800563652926	235.82210376663073
0.0	Kholumolumo	227.19532011579017	209.7326783625707
0.0	Kinelia	258.0701901242236	257.9357797174747
0.0	Kintneria	223.6472441396682	210.4464217729642
0.0	Kitchingnathus	249.92718219732444	249.17109797869975
0.0	Kocurypelta	216.41407032110357	215.20174615831291
0.0	Koiloskiosaurus	246.8338514488605	246.0212535088945
0.0	Komlosaurus	201.66078776288626	199.2719907031078
0.0	Krzyzanowskisaurus	235.48222821218016	210.77674275694176
0.0	Kudnu	251.9141424782053	250.80075553463925
0.0	Kuehneosaurus	236.90086915871288	204.15778117122412
0.0	Kuehneosuchus	205.65553093278817	204.62337003498928
0.0	Kuruxuchampsa	231.93686741698244	230.38674735011497
0.0	Kwangsisaurus	251.0034637623863	247.2412955445616
0.0	Labidosaurikos	282.99012713547927	273.053753290281
0.0	Labidosauriscus	290.7640062874476	282.57626384630936
0.0	Labidosaurus	283.24589642503804	273.09066243907154
0.0	Lagerpeton	242.2650264768164	236.84887130924787
0.0	Lanceirosphenodon	217.409221552995	216.1972192992033
0.0	Langeronyx	247.53536654707273	239.5750735361504
0.0	Langobardisaurus	216.77100509052326	209.37083536380405
0.0	Lanthaniscus	271.21165961978465	265.6844179610996
0.0	Lanthanolania	267.8878472143691	266.98874147652754
0.0	Lanthanosuchus	263.16950545141617	262.64478617102407
0.0	Laquintasaura	200.88892497696642	199.88558337721528
0.0	Largocephalosaurus	245.21037382332025	243.5222676154624
0.0	Lariosaurus	249.35066586772075	235.96670625182503
0.0	Lasasaurus	250.46618602466697	249.74956635979288
0.0	Lavinipes	201.31257323632485	199.28565438552653
0.0	Lepidus	217.8622676963633	216.60424968979657
0.0	Leptonectes	201.66887876921965	199.43782194625496
0.0	Leptosuchus	227.40741338408202	208.41461664038488
0.0	Lessemsaurus_Temperate_S	227.24375588138759	208.88125159111766
0.0	Lewisuchus	241.75816735063722	229.73851822825807
0.0	Libognathus	217.03491553916152	215.81797241120455
0.0	Liliensternus	225.7772406358293	203.42275127501415
0.0	Lindwurmia	201.04819128609208	200.05172369311882
0.0	Litorosuchus	240.14148549421662	239.27809569342995
0.0	Lophostropheus	205.98175746120512	204.9276283880821
0.0	Lotosaurus	247.38611138152643	242.03091814723498
0.0	Lucasuchus	235.6282218466094	227.4051595702952
0.0	Lucianosaurus	218.6868177403638	217.443100908699
0.0	Lucianovenator	219.37968862027355	218.1284362844254
0.0	Lufengosaurus	201.66579589302103	199.2912909350326
0.0	Lukousaurus	201.4717366781075	199.28443839929332
0.0	Luopingosaurus	244.75858549603885	243.9446972237358
0.0	Luperosuchus	241.10424850060554	237.43010255897292
0.0	Macgowania	218.86992043168257	211.38188863737378
0.0	Machaeroprosopus	227.30106232739257	201.2912401695352
0.0	Macrocnemus	247.05126349913886	236.24773843649373
0.0	Macrocollum	223.61242781073122	211.82329921424682
0.0	Macroleter_Temperate_N	272.08319474094156	264.4662180798342
0.0	Macroleter_Tropical_N	268.14120888034313	267.2447399036879
0.0	Macroplacus	206.83087895091057	205.77176516471295
0.0	Macroplata	201.17272254628384	200.17614453177254
0.0	Maehary	223.64850613336813	214.10971977550858
0.0	Majiashanosaurus	249.12098047939423	248.34264572691922
0.0	Malerisaurus	220.38855974749725	212.12765175468616
0.0	Malutinisuchus	241.1445703721486	236.34180732143693
0.0	Mambawakale	244.5226297599529	243.72875936892635
0.0	Mandaphon	245.2239879781331	244.4218270243447
0.0	Mandasuchus	247.14284010844565	242.02868309137878
0.0	Marasuchus	242.64537461238456	236.21390724573607
0.0	Marcianosuchus	246.30270208966763	245.4885880658452
0.0	Massospondylus	233.93577973458594	232.45680714826833
0.0	Mbiresaurus	235.80305946869413	228.08834092177693
0.0	Megachirella	243.78951314622384	242.99481866875186
0.0	Megalancosaurus	217.10652805243393	209.4333314154713
0.0	Megalosauripus	201.0963629743886	200.09985646971634
0.0	Megalosaurus	204.39350852675028	203.3809686829187
0.0	Megapnosaurus	200.79563579364216	199.7913283877043
0.0	Mehliella	234.3878436332848	232.91886518312427
0.0	Melanorosaurus	218.5407667962644	217.27374484014265
0.0	Merriamosaurus	248.52407020480229	247.7289274966944
0.0	Mesodapedon	244.33930205072275	243.54995496525515
0.0	Mesosaurus_Antarctic	290.89637044350496	282.2142173999489
0.0	Mesosaurus_Temperate_S	290.63646318754655	283.1591509678997
0.0	Mesosuchus	247.15799079263104	242.1246303862487
0.0	Metamosaurus	286.5599381452683	286.19109744818275
0.0	Metashastasaurus	222.55264330959236	210.8700860850676
0.0	Microcnemus_Temperate_N	251.87979476331958	247.11796892438804
0.0	Microleter	286.5717384323603	286.18081308987877
0.0	Micromenodon	230.19337160934012	228.65191771097457
0.0	Microsphenodon	223.4373843869487	212.97538033581483
0.0	Mikadocephalus_Temperate_N	239.07075276761967	238.1457590925788
0.0	Mikadocephalus_Tropical_N	243.1068177858865	242.31777350160561
0.0	Milleretta	260.3898871923799	250.07350783419815
0.0	Millerinoides	255.3420389390215	255.20050137637085
0.0	Milleropsis	259.83043576296404	250.5093710484339
0.0	Millerosaurus	259.0087859157657	252.1449520546117
0.0	Miodentosaurus	235.01075733621482	229.1336836942855
0.0	Mixosaurus	247.156608249625	237.27211981933132
0.0	Moradisaurus	256.9607829536884	250.1548710003889
0.0	Mystriosuchus_Temperate_N	226.21556659121768	199.18731829370324
0.0	Mystriosuchus_Tropical_N	216.9242686640296	209.700200688241
0.0	Nambalia	222.75984080293114	210.4333789572662
0.0	Nanchangosaurus	249.3268054674052	239.65871693749932
0.0	Nanoparia	258.7480804178602	255.25024903526702
0.0	Neoaetosauroides	226.78371646616068	208.9504067535639
0.0	Neoprocolophon	244.64248000838893	243.83877099391103
0.0	Neusticosaurus	246.48278857986193	236.2562070024223
0.0	Nhandumirim	223.11817712102356	213.6858379772331
0.0	Nicrosaurus_Temperate_N	226.20914230378116	209.24906379973112
0.0	Nicrosaurus_Tropical_N	219.97762781645352	218.7607547286637
0.0	Nochelesaurus	264.4135549081434	259.8683580091668
0.0	Notatesseraeraptor	217.8229318692096	216.56101687684304
0.0	Noteosuchus	251.65942227623637	251.10989674083046
0.0	Nothosaurus_Temperate_N	247.4620538239869	203.8422964420938
0.0	Nothosaurus_Tropical_N	246.37966670324113	236.0696595423505
0.0	Nothosaurus_Tropical_S	248.68705995653286	238.469193948155
0.0	Nundasuchus	245.95722747903866	245.14599927916973
0.0	Nyasasaurus	247.0479615249392	242.74163749396106
0.0	Nycteroleter	270.50293241986026	265.7332512694697
0.0	Nyctiboetus	280.41317988888767	268.358452909499
0.0	Nyctiphruretus	273.99431938113764	260.2624989299325
0.0	Obirkovia	262.72711275785286	257.6701978904765
0.0	Odontochelys	232.31997651490576	227.76547755248393
0.0	Omphalosaurus_Temperate_N	249.3408773735819	236.97545480322
0.0	Omphalosaurus_Tropical_N	249.27738927705863	237.5664156006845
0.0	Opisthodontosaurus	291.07711332785925	283.0309699552217
0.0	Orenburgia	251.06590522285802	247.15390198567766
0.0	Orovenator	288.513722815698	283.04457100488895
0.0	Oryctorhynchus	235.2448651558573	229.9875788804209
0.0	Oryporan	250.9448469162102	248.06009091053235
0.0	Osmolskina	249.6435075102057	248.88303328679203
0.0	Otozoum	216.69042234905942	215.4793472119246
0.0	Owenetta	260.4589875211169	248.01743035744838
0.0	Ozimek	233.09299489233214	228.03254378353094
0.0	Pachypes	253.30879436430405	253.1954151030012
0.0	Pachypleurosaurus	243.45797216866856	236.43966788859876
0.0	Pachystropheus	208.01603756988413	201.92045734513718
0.0	Palacrodon_Temperate_S	250.26313346137175	243.638522840976
0.0	Palacrodon_Tropical_N	219.87375065497395	210.3776756492628
0.0	Palaeagama	252.84529410833457	252.61864681359796
0.0	Palaeochersis	224.5834094428605	213.54570577711974
0.0	Palaeosaurus	232.20341437299302	230.71678329711438
0.0	Palatodonta	245.25212039010432	244.44931903121142
0.0	Paleollanosaurus_Temperate_N	205.03826185060947	204.0181526623407
0.0	Paleollanosaurus_Tropical_S	216.22426935184833	215.01318768572983
0.0	Paliguana	249.1893974205491	248.41928091727686
0.0	Pamelaria	246.83108595208833	241.97224779739776
0.0	Pamelina	249.46974174716385	248.68825576855298
0.0	Pampadromaeus	233.68503351919466	215.12265557505083
0.0	Panguraptor	200.76403282970924	199.76448469005211
0.0	Panphagia	231.43774518175755	229.8337067534306
0.0	Pantydraco	233.8483481409015	232.38172117106856
0.0	Panzhousaurus	244.57120540720456	243.76030973661926
0.0	Pappochelys	239.20610417513527	238.381886448805
0.0	Parabrontopodus_Temperate_N	201.55988785875397	199.2959967386193
0.0	Parahupehsuchus	248.25369747794974	247.45229344222713
0.0	Paralonectes	251.1463670862343	239.26340765824065
0.0	Paraplacodus	247.68455495021055	236.50925540198224
0.0	Pararcus	245.03070672555248	244.22621441036014
0.0	Parasaurus	260.0775538412649	254.31150324545828
0.0	Parasuchus_Temperate_N	251.1245845391838	227.1112513524039
0.0	Parasuchus_Temperate_S	235.69424882222026	229.49329486439848
0.0	Parasuchus_Tropical_N	235.99918724278047	218.0247229849776
0.0	Parasuchus_Tropical_S	225.1527671054678	215.91203268981877
0.0	Paratypothorax_Temperate_N	225.78829976587517	210.60242415197948
0.0	Paratypothorax_Tropical_N	226.89068521404678	208.99273538133752
0.0	Paratypothorax_Tropical_S	220.168071679752	218.95821966076292
0.0	Pareiasaurus	264.96584201851135	251.17646695719955
0.0	Pareiasuchus	264.10580939806	253.8134025590729
0.0	Parringtonia	244.49796352841696	243.71420278408652
0.0	Partanosaurus	239.77345179370886	238.94415853902822
0.0	Parvinatator	245.63747085646503	244.83677592244356
0.0	Parvosuchus	239.50784481906467	238.66875471071899
0.0	Pectodens	244.7731247784642	243.97204774916386
0.0	Pelecymala	235.33300631877017	227.7686408116868
0.0	Pendraig	232.65748869851888	231.0773663814265
0.0	Pentaedrusaurus	247.10829132488138	246.32541492414364
0.0	Permotriturus	264.46834991403244	263.7751277624418
0.0	Pessopteryx	249.05963317503526	243.42702044977165
0.0	Peteinosaurus	216.10460377574196	213.21515421214679
0.0	Phaanthosaurus	251.92237963674037	251.057001621818
0.0	Phalarodon_Temperate_N	251.3664216485183	240.92388991265454
0.0	Phalarodon_Tropical_N	246.40466741157124	239.56919678884213
0.0	Phantomosaurus	244.6226578761431	243.81760122365804
0.0	Phonodus	251.61547130930347	251.056253530517
0.0	Pisanosaurus	232.61684200733336	230.97164910142337
0.0	Pistosaurus	246.4961803700819	236.5773477030745
0.0	Placochelys	236.52589634188158	214.2799694154824
0.0	Placodus_Temperate_N	247.02168216086844	236.6277728327759
0.0	Placodus_Tropical_N	245.9246016729519	243.12305018026868
0.0	Placodus_Tropical_S	248.1145988112757	238.77449302881146
0.0	Planocephalosaurus_Temperate_N	237.3240773137146	202.45785966069624
0.0	Planocephalosaurus_Tropical_S	215.794656838776	214.5761171641574
0.0	Plateosauravus	225.37596604005597	210.53975414257937
0.0	Plateosaurus_Temperate_N	227.06245630929234	200.15716237370415
0.0	Plateosaurus_Temperate_S	224.54500945276058	210.65769808545653
0.0	Platypterna	219.55753745732727	198.4563655931622
0.0	Plectropterna	201.66135148483872	199.24185502476695
0.0	Plesiornis	201.0954545227947	200.09557300926676
0.0	Plesiosaurus	208.29217900876677	199.5688079963444
0.0	Polesinesuchus	233.19838822730256	231.68717159016217
0.0	Polonosuchus	229.95391762292914	228.41776367864094
0.0	Polymorphodon	239.1907268028534	238.33696741106013
0.0	Poposaurus	235.84866081066457	203.3697413144257
0.0	Postosuchus	232.65249631889242	201.77938985987623
0.0	Powellvenator	219.92612558853986	218.67897682559803
0.0	Pravusuchus	217.78704157033968	216.57392281759797
0.0	Preondactylus	216.0069829332326	210.52979921426905
0.0	Prestosuchus	242.09833680653114	231.31663199237772
0.0	Procerosuchus	240.0699641290348	239.22677040360443
0.0	Procolina	249.64832343590484	248.87844382187578
0.0	Procolophon	251.867148224358	247.01967448720544
0.0	Procolophonichnium_Temperate_N	246.04768461922907	242.81983815233505
0.0	Procolophonichnium_Temperate_S	250.0900307942866	249.36211529042546
0.0	Procompsognathus	215.35214275814175	214.13708256467294
0.0	Proganochelys_Temperate_N	226.3524360425449	202.97716615009057
0.0	Proganochelys_Tropical_N	216.7118079640774	215.49365379107547
0.0	Prolacerta	251.8327683453705	247.391086748875
0.0	Prolacertoides	251.7405218397871	251.2421069219547
0.0	Prosantosaurus	241.17981023701375	240.44037537588198
0.0	Prosaurosphargis	248.29454573124144	247.4977584285048
0.0	Protanystropheus	246.72443230901456	243.18649943093808
0.0	Protecovasaurus	225.15912471169682	211.3502964067601
0.0	Protenodontosaurus	235.67785504766715	234.22470299956666
0.0	Proteosaurus	201.52117172420805	199.41278132000357
0.0	Proterochampsa	232.04974211509017	230.49958025418061
0.0	Proterochersis	224.55220258535095	210.61458733014814
0.0	Proterosuchus_Temperate_N	251.86396560745118	250.97115476131953
0.0	Proterosuchus_Temperate_S	251.85690146057178	247.0750755611729
0.0	Protoavis	225.54680847944977	211.13815610097888
0.0	Protocaptorhinus	290.14535123435815	282.4714426041067
0.0	Protoichthyosaurus	201.21299836268184	200.2096465581173
0.0	Protome	214.64470544081598	213.47794653606147
0.0	Protorosaurus	260.4382461427127	253.8820768374649
0.0	Protorothyris	299.2631922648918	293.31597030971454
0.0	Protosuchus	206.84883310512336	199.14307117992422
0.0	Provelosaurus	267.3090362842699	262.7945935935955
0.0	Psephochelys	230.51543676137507	228.90035770775233
0.0	Psephoderma_Temperate_N	207.8163621950244	201.593712732297
0.0	Psephoderma_Tropical_N	216.71917820842452	213.03341426974745
0.0	Psephoderma_Tropical_S	244.14338445049393	240.85235004337827
0.0	Psephosauriscus	246.72434950965012	238.49954754945057
0.0	Psephosaurus_Temperate_N	238.6349817514528	237.60875329054772
0.0	Psephosaurus_Tropical_S	245.8325457513306	241.55918248270532
0.0	Pseudhesperosuchus	217.93077770093004	216.71485917145745
0.0	Pseudochampsa	231.63288808427876	230.04087690845452
0.0	Pseudotetrasauropus_Temperate_N	217.1644131217236	215.90525767547413
0.0	Pseudotetrasauropus_Tropical_N	224.7104993113035	201.9580035874399
0.0	Pterodactylus	200.64857269191876	199.64192244109378
0.0	Pumiliopareia	257.1245389531217	257.0141335578618
0.0	Qianichthyosaurus	239.68735446346074	227.51945384834278
0.0	Qianosuchus	244.9261970652563	243.42901195191058
0.0	Qianxisaurus	239.81834893174369	238.9801304254825
0.0	Quasianosteosaurus	248.55000695657728	247.75401587434303
0.0	Raeticodactylus	208.94993159851774	207.83829782022022
0.0	Rautiania	264.15778281718696	258.93011700348893
0.0	Redondasuchus	222.75481800806676	210.1196228027089
0.0	Redondavenator	219.10898617410194	217.81865011844576
0.0	Revueltosaurus	233.63299640567115	208.27083584354273
0.0	Rhaeticosaurus	206.44110914444602	205.3982179706441
0.0	Rhipaeosaurus	267.7810476515406	261.06046887190973
0.0	Rhomaleosaurus	205.95787018871323	199.04262649119437
0.0	Rhombopholis	246.33529638039312	240.30695859946218
0.0	Rioarribasuchus	224.32063660969567	209.56068451962796
0.0	Riojasaurus	222.59654116731295	212.68117070138558
0.0	Riojasuchus	216.66293172001906	215.4529753412149
0.0	Romeria	297.0372546542628	295.4789508138757
0.0	Rothianiscus	272.3142546126735	264.63157204915603
0.0	Rotodactylus	218.87931333551487	217.6453508433649
0.0	Ruehleia	223.52189793964374	214.50082014039046
0.0	Rugarhynchos	217.7512202692363	216.52399373308592
0.0	Ruhuhuaria	244.09556136322627	243.307931448705
0.0	Rutiodon	233.3605055431838	208.56995432207023
0.0	Sacisaurus	220.54543288275423	219.2632031329015
0.0	Saltoposuchus	220.1344321442349	211.8102374432605
0.0	Sanchiaosaurus	244.43944791082126	243.6459338323537
0.0	Sanchuansaurus	253.15117053609487	253.01450869668545
0.0	Sanjuansaurus	231.30498769378548	229.7583488178202
0.0	Santaisaurus	251.8941569257992	250.8872386172068
0.0	Sarcosaurus	200.95789069009655	199.96626110784564
0.0	Sarmatosuchus	245.33140770281892	244.519789908899
0.0	Saturnalia	234.73141043946043	216.8842774012489
0.0	Saurischichnus	225.5042301252903	210.06397460544008
0.0	Saurodektes	251.9092702293581	248.9527022600251
0.0	Sauropareion	251.60641452143912	247.33852481645349
0.0	Sauropus	201.12566466499626	200.1260196822965
0.0	Saurorictus	257.20626854678386	257.0948157209302
0.0	Saurosternon	256.4652213602151	256.3108314002378
0.0	Saurosuchus	233.45172166961848	231.94168456422847
0.0	Scelidosaurus	200.96499972741918	199.96454476428627
0.0	Scharschengia	248.52897965254056	247.72512417154633
0.0	Schleitheimia	216.89218414812385	215.66603863587375
0.0	Sclerocormus	248.49908293655486	247.69879092444359
0.0	Sclerosaurus	247.52153004278938	243.51309687925422
0.0	Sclerostropheus	219.63952605615617	218.422873610729
0.0	Scoloparia_Temperate_N	205.22618099451103	204.1900969486772
0.0	Scoloparia_Tropical_N	235.03580109738996	229.03701340666007
0.0	Scolotosuchus	249.540672155324	248.76491996901075
0.0	Scutarx	226.17920884654276	209.44401463018477
0.0	Scutosaurus	265.3070974629052	256.85485944846056
0.0	Scythosuchus	249.77926174343045	249.01278172001912
0.0	Seazzadactylus	220.25559532503695	218.99075058247317
0.0	Selenichnus	201.52975609381213	199.18684830468115
0.0	Serpianosaurus	246.70592948219422	236.93789281447573
0.0	Shansisuchus	247.39764812325697	241.8760309430882
0.0	Shastasaurus_Temperate_N	215.32283356839523	214.1068714193602
0.0	Shastasaurus_Tropical_S	236.8339607666641	228.31006798913322
0.0	Shihtienfenia	254.2395518355315	250.22225780407558
0.0	Shonisaurus_Temperate_N	233.0826874299048	201.55926967258523
0.0	Shonisaurus_Tropical_N	225.88325901110014	217.20508456683962
0.0	Shringasaurus	247.10528593914376	241.81289490381005
0.0	Shuangbaisaurus	200.8845731512795	199.88633197413304
0.0	Shuvosaurus	227.13607666595183	201.63460542204916
0.0	Sigmala	236.53129356307295	227.64593683900935
0.0	Sikannisuchus	226.46662461444012	211.3339654375493
0.0	Silesaurus	230.8618954360715	229.24712971094124
0.0	Sillosuchus	232.7388000920677	231.2093767734197
0.0	Simosaurus_Temperate_N	243.55045407428972	203.20370876296403
0.0	Simosaurus_Tropical_S	243.11409810670114	242.34210493487703
0.0	Sinocyamodus	231.4426251278681	229.77343309217878
0.0	Sinosaurosphargis	244.93510341521574	243.44261804493382
0.0	Sinosaurus	201.67961778849764	199.43923738048204
0.0	Skybalonyx	218.7603663516372	217.54146136052623
0.0	Smilodonterpeton	205.60888244449387	204.57158054479493
0.0	Smilosuchus	232.69025238327092	208.7085452815809
0.0	Sophineta	249.55094163035145	248.79626152336135
0.0	Soturnia	223.3929675466061	210.41587546958294
0.0	Soumyasaurus	217.94749831721467	216.71973648748315
0.0	Sphenotitan	224.40860451519458	211.77562304892274
0.0	Sphodrosaurus	217.7831448772764	216.58415716023515
0.0	Spinosuchus	232.49486927030298	215.1791322644807
0.0	Spondylolestes	256.89903538678203	252.56094213079035
0.0	Spondylosoma	241.6894264497827	236.60380257152855
0.0	Stagonolepis_Temperate_N	233.1458831245347	227.72403380113113
0.0	Stagonolepis_Tropical_N	225.0761557155524	209.76675899132212
0.0	Stagonolepis_Tropical_S	217.40962113385706	216.21287846321627
0.0	Stagonosuchus	247.12684685343172	242.46456570946347
0.0	Staurikosaurus	234.5523136011289	232.99266474810833
0.0	Stauromatodon	238.2787089945221	237.15767201280013
0.0	Stegomus	223.29309879481994	212.0234699707552
0.0	Stenaulorhynchus	246.9213388992322	241.92020651056117
0.0	Stenomyti	220.3103069762664	218.97636111246797
0.0	Stenoscelida	217.77249954933941	216.5433474032378
0.0	Stereosternum_Antarctic	286.94538964954063	286.3573529833664
0.0	Stereosternum_Temperate_S	291.09007332357027	282.77942571315236
0.0	Styracocephalus	264.6313645269836	259.61120552483914
0.0	Syntarsus	205.5772623051034	204.54302119769105
0.0	Syntomiprosopus	221.7831896190291	220.47565777865313
0.0	Tachiraptor	201.15815946854966	200.1545083975822
0.0	Tanaisosaurus	249.66441227235856	248.89217912821252
0.0	Tanystropheus_Temperate_N	246.9775618002867	201.59954455519505
0.0	Tanystropheus_Tropical_N	245.90149403954487	236.6730088275203
0.0	Tanystropheus_Tropical_S	245.76683029058103	242.55496264745165
0.0	Tanytrachelos	225.6150732566584	209.2821362949922
0.0	Tarjadia	241.647033428027	235.96410559858444
0.0	Tarsodactylus	200.96508301454455	199.96163919866888
0.0	Tasmaniosaurus	251.8883528648096	250.77222830962566
0.0	Tawa	227.14939862075133	208.81530392991033
0.0	Taytalura	230.97777118593538	229.3756081308681
0.0	Technosaurus	216.36809607460089	215.12733892557694
0.0	Tecovasaurus	225.00923785349835	210.82439815431286
0.0	Tecovasuchus	226.30207366975188	210.19515212879034
0.0	Teleocrater	247.05484101127792	241.77042159445105
0.0	Temnodontosaurus	201.50875638347094	199.48622359958443
0.0	Teraterpeton	235.00076156073956	228.66672628590317
0.0	Teratophon	246.36638973395262	241.98271672080796
0.0	Teratosaurus_Temperate_N	243.86775345070504	217.19198354548385
0.0	Teratosaurus_Temperate_S	250.68119129531442	249.96135074178605
0.0	Termatosaurus	208.69461131502572	201.8087618436649
0.0	Terrestrisuchus	236.4768105839843	228.49225209867882
0.0	Tetrasauropus_Temperate_N	220.06771388883212	218.8424741533017
0.0	Tetrasauropus_Temperate_S	245.2066753380593	237.24621957720643
0.0	Teyujagua	249.6810133948933	248.92197349676104
0.0	Teyumbaita	223.70945571919685	208.84215366309627
0.0	Thadeosaurus	256.6430322507917	256.49024604080046
0.0	Thaisaurus	248.37098532670362	247.57111961366235
0.0	Thalassiodracon	208.42552292849925	199.01204245346062
0.0	Thalattoarchon	244.6873534254714	243.87962394005493
0.0	Thalattosaurus	245.69763999917777	239.65841803162255
0.0	Thecodontosaurus	243.826811657274	200.67413615844623
0.0	Theledectes	244.69848831410346	243.90609594092155
0.0	Thelephon	245.092292948955	244.29137741676018
0.0	Thelerpeton	246.7866652370915	242.7005645262614
0.0	Tholodus_Temperate_N	247.0369816375515	242.08923275987513
0.0	Tholodus_Tropical_N	243.81833828155868	243.03028886979854
0.0	Thuringothyris	291.3316287509639	282.2919064290714
0.0	Tichvinskia	250.95372658416204	247.05182331549236
0.0	Ticinosuchus	246.4442418570762	242.38775542760476
0.0	Tikisuchus	232.820096631107	231.25470077343084
0.0	Timanophon	250.82980973468594	247.01049021665798
0.0	Toretocnemus	235.28884621770246	228.25846755998396
0.0	Trachelosaurus	246.7704993733708	245.95882207963422
0.0	Trialestes	235.4230534817387	227.97787195743285
0.0	Tricuspisaurus	204.97170998882208	203.94756997838866
0.0	Trihamus	200.97840345332727	199.98530434039267
0.0	Trilophosaurus	233.2795865215391	208.67959498521097
0.0	Tropidosuchus	242.31850916601292	236.32613215182394
0.0	Tuebingosaurus	217.20016239870444	215.9968053421149
0.0	Turfanosuchus	245.85200242859366	245.04002652045023
0.0	Typothorax	227.35126265372946	202.0294105925288
0.0	Uatchitodon	234.3211087263636	213.33004851821684
0.0	Unaysaurus	220.62481137129302	213.19807971848576
0.0	Unguinychus	216.28746332480364	215.07877615285724
0.0	Uralosaurus	246.28074548087204	242.63655059090658
0.0	Utatsusaurus	250.9802859323659	247.09488129178104
0.0	Vallesaurus	216.57045169751888	212.97202879403105
0.0	Vancleavea	234.15251335863732	202.4878082445583
0.0	Variodens	208.22538939736	201.4688286292403
0.0	Vellbergia	238.5156059776664	237.4707086408182
0.0	Velocipes	219.92380939683773	218.67800208920096
0.0	Venaticosuchus	231.80902290554343	230.24870389289876
0.0	Venetoraptor	234.00667174947503	214.55427853777263
0.0	Vinitasaura	232.96622230512557	231.3947849808665
0.0	Vivaron	224.2952756640074	209.56362062831812
0.0	Vjushkovisaurus	246.40000985032054	242.34735326108068
0.0	Volcanosuchus	231.36940807660082	229.79319483984264
0.0	Vonhuenia	251.6689568218869	251.13390925719173
0.0	Vritramimosaurus	249.9324062884588	249.19132943398262
0.0	Vytshegdosuchus	249.90024715872397	249.1620266565184
0.0	Wahlisaurus	200.7577756573962	199.75409276859745
0.0	Waluchelys	218.6352157844754	217.35631680844227
0.0	Wangosaurus	240.17518890257668	235.83918670012997
0.0	Wannia	220.78829930977014	213.8069219485994
0.0	Wapitisaurus	250.21808072513028	249.46822285129835
0.0	Weigeltisaurus	260.30397882072026	254.00827162625134
0.0	Whitakersaurus	205.51214435245944	204.47445251293902
0.0	Wimanius	241.88020538221537	241.08538756348406
0.0	Wumengosaurus	246.84128348960547	242.1846805679507
0.0	Xenodiphyodon	232.65180700354443	231.13156077709755
0.0	Xilousuchus	245.11910534939275	244.32288176293068
0.0	Xingxiulong	200.89019589698776	199.89491756483966
0.0	Xinminosaurus	244.4279059558662	243.61382085083167
0.0	Xinpusaurus	240.39845764332935	227.3039791975355
0.0	Xiphopeza	200.89247240960455	199.89918891439902
0.0	Yarasuchus	247.2710661202347	241.8927994282492
0.0	Yelaphomte	218.57313168942989	217.33615987308744
0.0	Yimenosaurus	201.51654989936554	199.30622370964124
0.0	Youngetta	249.6790490062223	248.9353686549406
0.0	Youngina	260.74891684267607	250.18224217582417
0.0	Youngosuchus	245.70528705442283	244.90009373651927
0.0	Yunguisaurus	241.38717137825975	236.02285500621116
0.0	Yunnanosaurus	201.56466859702888	199.2927259270992
0.0	Zanclodon	242.12997415807953	202.7079873510261
0.0	Zhongjiania	259.6212743470372	254.37888220084662
0.0	Zupaysaurus	215.64877497603308	214.43700288510985
