clade	species	ts	te
0.0	Abyssomedon	287.0285121537572	286.8416425278392
0.0	Acadiella	233.39656501021125	232.01748210039
0.0	Acaenasuchus	227.88541061169568	208.86106520230226
0.0	Acallosuchus	219.28469105586726	217.66350379185323
0.0	Acerosodontosaurus	255.64348801265567	255.52503772959702
0.0	Acleistorhinus	277.6290577550862	277.029369436116
0.0	Acrodenta	256.7770636790742	256.6587452065023
0.0	Actiosaurus	205.84290294997723	204.88658640317112
0.0	Adamanasuchus	218.1729613433149	216.6275376954633
0.0	Adelosaurus	256.83961006465626	256.7208489092656
0.0	Aenigmasaurus	248.82899260371786	248.41431969582996
0.0	Aenigmaspina	232.5268120235225	231.2344317679197
0.0	Aenigmastropheus	256.5129847875421	256.39345726892526
0.0	Aetobarbakinoides	232.47251595387735	231.0455726924855
0.0	Aetosauroides	235.1536661403349	210.692181018878
0.0	Aetosaurus	226.95950304290048	208.4888595875621
0.0	Agnosphitys	233.81248430143668	232.494691361304
0.0	Ahvaytum	233.39176632202575	232.00128133112588
0.0	Alwalkeria	233.1526143969933	231.75406718467985
0.0	Amanasaurus	234.04539439480436	209.173036890421
0.0	Ammorhynchus	246.8606614779387	244.81000006296736
0.0	Ammosaurus	201.51170143913816	199.3682649264103
0.0	Amotosaurus	246.83148385653175	243.9310756329959
0.0	Ancistronychus	218.71691992461027	217.2265797743197
0.0	Angistorhinus	236.78890869648555	212.18134555745064
0.0	Anisodontosaurus	246.90657109889	238.71998182324245
0.0	Anomoepus	200.92348938715986	199.8997406560073
0.0	Anomoiodon	246.8784379772997	243.830705258214
0.0	Antarctanax	250.14809701178902	249.73914809507886
0.0	Anthodon	259.9735115039055	255.13676726532518
0.0	Apachesuchus	222.6967589962888	221.04161226243625
0.0	Apatopus	231.62408875306394	211.6705069631996
0.0	Apatosuchus	215.76302076344183	214.43603195154392
0.0	Aphelosaurus	296.6021841106235	295.6430498376204
0.0	Araeoscelis	288.980201018378	272.95316944511603
0.0	Archeopelta	240.32390183026482	239.52654760549564
0.0	Archosaurus	260.3395161607684	254.5240226807854
0.0	Arcticodactylus	216.88632779593104	215.42436566479628
0.0	Arganaceras	256.5353675831732	256.4079212576917
0.0	Arganasuchus	234.64121312423475	230.04719688064316
0.0	Arizonasaurus	246.75853197768862	244.69244049584995
0.0	Asilisaurus	246.70697321821348	241.97315033968155
0.0	Asperoris	245.2138744573162	244.6081667003189
0.0	Asylosaurus	208.66025129454775	202.01882598543315
0.0	Augustaburiania	250.19438745130495	248.0123142361026
0.0	Australothyris	262.6011887645085	261.9473402954477
0.0	Austriadactylus	212.0350813456816	210.614195281992
0.0	Avicranium	206.31154149404995	205.34335462187357
0.0	Azendohsaurus	233.7888791186568	232.4961041295459
0.0	Baeotherates	286.79106626905855	286.6823898239536
0.0	Baisesaurus	249.4519610422449	249.02849656717297
0.0	Barasaurus	260.4851701670463	248.45723965617395
0.0	Barberenasuchus	240.5126447574751	239.7194441766464
0.0	Bashkyroleter	273.75053229814773	264.40814898332195
0.0	Batrachopus	204.35521142037138	203.30359246300517
0.0	Batrachotomus	239.6017176245403	237.04692944888274
0.0	Beesiiwo	233.38159801565575	231.99105897096635
0.0	Belebey	271.8548508223869	264.2112548797209
0.0	Benggwigwishingasuchus	244.63083528748098	244.02962273788597
0.0	Bentonyx	244.40405582515368	243.80771882486476
0.0	Bergamodactylus	215.8585508974322	214.53077198819983
0.0	Blikanasaurus	205.15573036762635	204.1046390036778
0.0	Blomosaurus	251.68141106423408	251.35710537250418
0.0	Bolosaurus	297.73703047287194	277.194971275803
0.0	Boreopricea	250.33929133355923	247.8462095920621
0.0	Bradysaurus	264.9816806222513	257.7333937261081
0.0	Brasinorhynchus	241.40357311650132	237.61406458743986
0.0	Bromsgroveia	246.38936745547173	241.82653060692894
0.0	Broomia	264.70595364142935	261.22989479454213
0.0	Bunostegos	253.3698116268181	253.24928891848805
0.0	Buriolestes	235.4578831204014	210.66035503457817
0.0	Bystrowisuchus	248.13651550185003	247.70909996298846
0.0	Calyptosuchus	233.16125204985613	208.46216254145043
0.0	Camelotia	208.21559975585282	202.39653932254802
0.0	Camposaurus	218.8237963450816	217.28232687143193
0.0	Candelaria	241.38547631278124	237.23096826869184
0.0	Captorhinikos	282.71890126928076	273.7876039703107
0.0	Captorhinoides	281.31405970896344	276.6256619816887
0.0	Captorhinus	290.987216952955	256.26011735061496
0.0	Cargninia	217.854311448705	216.27926253013925
0.0	Carnufex	234.1075229729997	232.7393710709341
0.0	Cartorhynchus	249.2225039095879	248.79932875496394
0.0	Caseosaurus	219.837154029167	218.2467453990822
0.0	Chalishevia	241.50279237549307	237.05736501154456
0.0	Chanaresuchus	240.9904514117379	236.89693764365163
0.0	Chasmatosuchus	251.72798900512223	246.80448626952517
0.0	Chindesaurus	225.93923523175815	209.43707168354098
0.0	Chinshakiangosaurus	200.81689269146324	199.7809542976033
0.0	Chirotherium	233.8157581035012	232.41514916579075
0.0	Chromogisaurus	232.9088773444927	231.56315216565739
0.0	Cladeiodon	244.2738488674874	243.66984013712377
0.0	Claudiosaurus	260.80713097617746	251.85968282863143
0.0	Clevosaurus	236.97676872208584	199.21813788526538
0.0	Coahomasuchus	234.43420165226283	212.62681616811295
0.0	Coartaredens	246.12446919219107	242.704561919088
0.0	Coburgosuchus	218.86269789748778	217.28733654568384
0.0	Coelodontognathus	249.80831064501825	247.64506132970365
0.0	Coelophysis	227.0304694211602	199.63279081893134
0.0	Coelurosauravus	259.29356393786594	252.61063445860512
0.0	Coletta	249.33985069139655	248.91620479620886
0.0	Collilongus	249.53929901301126	249.1176125088501
0.0	Colobomycter	291.0141278499539	283.24875256901737
0.0	Colobops	216.66227033657043	215.14462802438916
0.0	Coloradisaurus	225.92502301011126	211.15685850785016
0.0	Coloradisuchus	216.7540060218336	215.231975823198
0.0	Cornualbus	231.31869211813463	229.95420988242088
0.0	Cosesaurus	238.82324826686965	237.94719967716304
0.0	Crosbysaurus	227.9291634624162	207.89693891952132
0.0	Ctenosauriscus	249.39406359870665	248.96725490141003
0.0	Czatkowiella	248.98291420254665	248.56177855002835
0.0	Daemonosaurus	206.6085970035778	205.5942356268181
0.0	Dagasuchus	231.7945717481861	230.52084603998935
0.0	Decuriasuchus	242.44501804251158	237.17769510254553
0.0	Delorhynchus	289.36938131100345	283.5017683473816
0.0	Deltadectes	222.16645180597564	203.818635977722
0.0	Deltavjatia	264.74775086986523	259.5768453582151
0.0	Desmatosuchus	232.16074184934277	208.37834580287557
0.0	Diandongosuchus	240.56777483024254	239.79684673384148
0.0	Dimetropus	291.1934732603362	282.2730385147947
0.0	Dimorphodon	200.7216091004678	199.69630170034114
0.0	Diphydontosaurus	237.20663742679366	201.46416204671164
0.0	Dolabrosaurus	218.36290930929232	216.8111163765042
0.0	Dolerosaurus	230.54415504960053	229.23122926693628
0.0	Dolichobrachium	231.81155537039302	230.49371177058632
0.0	Dongusuchus	246.3739409855554	241.9019235260836
0.0	Dorosuchus	245.69684631538124	242.68480748617205
0.0	Doswellia	237.08318899967773	212.95479020923568
0.0	Dracoraptor	200.95739337711527	199.9496058523428
0.0	Drepanosaurus	221.85041354262825	203.09860223296923
0.0	Dromomeron	227.6721778980322	205.0688882587584
0.0	Dynamosuchus	230.01857432633696	228.7517116289403
0.0	Dyoplax	233.7006401812576	232.3006444883943
0.0	Ebrachosuchus	233.2465443701041	231.87151966192957
0.0	Effigia	207.85057091744352	202.01631788162092
0.0	Efraasia	219.1166303431927	211.1118360717008
0.0	Eifelosaurus	246.05242706817853	245.44375505614508
0.0	Elachistosuchus	205.45688232044796	204.45916297255528
0.0	Elessaurus	248.3110715323726	247.88973558900656
0.0	Elginia	256.68819886595406	251.49087769089658
0.0	Elorhynchus	239.63081878434204	238.77643999782217
0.0	Embrithosaurus	264.6912497480861	259.52595616010177
0.0	Emeroleter	265.05947029987004	259.83066661730686
0.0	Energosuchus	240.63016885293175	236.989732665274
0.0	Eodromaeus	231.97194163348482	230.70752353796155
0.0	Eohupehsuchus	248.9362465109501	248.51061912512355
0.0	Eohyosaurus	245.67131066344075	240.0113445219058
0.0	Eomurruna	251.79641334545943	251.13475989483217
0.0	Eoraptor	234.98796545599396	228.3560823118813
0.0	Eorasaurus	261.97282092133247	261.42438513396814
0.0	Eorhynchochelys	233.13036431499242	231.7685113349815
0.0	Eretmorhipis	241.2945737324748	240.56157021336904
0.0	Erpetosuchus	220.50024524984724	218.83141922066915
0.0	Erythrosuchus	246.62215761735132	237.15434769142985
0.0	Erythrovenator	232.96285027060298	231.6863412151246
0.0	Eshanosaurus	201.08703696821073	200.0596184630718
0.0	Eucoelophysis	223.32150972578583	202.71561744096047
0.0	Eudibamus	287.1530834862943	286.98282112846806
0.0	Eudimorphodon	222.3978682422138	202.28633601962244
0.0	Eumetabolodon	249.14822335799286	243.09670523085813
0.0	Eunotosaurus	265.01431681348686	259.7757709180213
0.0	Euparkeria	246.75956070019672	241.8640896770298
0.0	Eusaurosphargis	246.6518298390094	239.14505486895413
0.0	Euscolosuchus	232.96347616264623	231.61419250125005
0.0	Fasolasuchus	220.5023094584273	218.94228880273113
0.0	Faxinalipterus	226.5222868481539	209.68944713097918
0.0	Feeserpeton	286.73475677403087	286.61440813053474
0.0	Feralisaurus	244.722501372293	244.1187861027456
0.0	Fodonyx	246.69444363301815	242.02604840134893
0.0	Fraserosphenodon	233.17841141922693	213.61753529485884
0.0	Fraxinisaura	238.69108926142513	237.80518430542566
0.0	Fugusuchus	248.10958283866486	247.6297721834687
0.0	Fuyuansaurus	239.98596843696038	239.16091358178426
0.0	Galesphyrus	258.3480767056967	254.6597283643151
0.0	Gamatavus	241.64315065396283	237.86431982649805
0.0	Gansurhinus	273.2323401918688	254.39955641992688
0.0	Garjainia	251.16040647510528	246.77327307711198
0.0	Garzapelta	219.28024147958314	217.6336321185791
0.0	Gecatogomphius	270.426521131557	269.2723479902332
0.0	Gephyrosaurus	207.45223889687662	202.35488712124578
0.0	Glaurung	257.4865137581418	257.33906327695865
0.0	Gnathovorax	231.75828338062647	214.83375371729687
0.0	Gojirasaurus	217.73761597657747	216.19367237299298
0.0	Gomphiosauridion	232.00403757370637	230.70443274719722
0.0	Gondwanax	239.40012474099717	238.56531247338305
0.0	Gorgetosuchus	231.9176925309615	230.5728450765675
0.0	Gracilisuchus	240.64196949074991	238.18522877595308
0.0	Grallator	223.82735274586386	210.99383224310273
0.0	Graoullyodon	205.25198082860922	204.27888868616316
0.0	Gresslyosaurus	225.5989324160046	207.5079371802798
0.0	Guaibasaurus	227.21605181758687	208.66904959039542
0.0	Gualosuchus	240.31572736517072	237.33418391587685
0.0	Guchengosuchus	244.970737638696	244.3745043950266
0.0	Gyposaurus	201.5514262381582	199.5695148185202
0.0	Halazhaisuchus	244.898545747975	244.28208800998902
0.0	Haligonia	233.02768116066844	201.78614930911453
0.0	Helveticosaurus	245.3787172022467	240.58359813596812
0.0	Hemilopas	249.66928190734345	242.08383886709854
0.0	Hemiprotosuchus	225.62196678297536	212.17910218362428
0.0	Heptasuchus	233.34311969654107	231.88759520040222
0.0	Herrerasaurus	236.64480480994231	227.30641853729486
0.0	Hesperosuchus	227.53063786918747	202.83814712716807
0.0	Heterodontichnites	233.62838169302995	212.7500863174702
0.0	Heteropelta	244.53227035375946	243.89617174220828
0.0	Horaffia	240.68760898792206	236.79980309368995
0.0	Hovasaurus	259.62150376013074	249.57555572653033
0.0	Howesia	246.7338834083267	242.50264748632765
0.0	Hupehsuchus	249.39207038455984	238.14471843513823
0.0	Hwiccewyrm	236.7983886344515	228.13638586503183
0.0	Hyperodapedon	236.9045140474117	208.06616869621885
0.0	Hypselorhachis	244.0293963866821	243.4088628881432
0.0	Hypsognathus	234.96835141749355	202.0446556103179
0.0	Hypuronector	223.96318298191088	213.29764045790512
0.0	Icarosaurus	217.39950657426192	215.887784809909
0.0	Idiosaura	232.68861361946244	231.36228326856968
0.0	Ignotosaurus	233.49255972309686	232.05271548712767
0.0	Incertovenator	233.60362840681563	232.2615881832243
0.0	Indosauriscus	258.4039418150202	258.23768355815065
0.0	Ingentia	223.13496486005403	213.05298984409828
0.0	Issi	214.69682489259878	213.2563302687141
0.0	Ixalerpeton	235.2223151676685	214.9002544097379
0.0	Jaklapallisaurus	218.31587405822285	216.74494360108446
0.0	Jaxtasuchus	239.6409906622407	236.8403948957433
0.0	Jesairosaurus	244.32050124046938	243.7030761999022
0.0	Jingshanosaurus	201.5629245283281	199.6191834438605
0.0	Jupijkam	216.51124410760121	215.02310787028745
0.0	Jushatyria	244.67810256797299	244.07355041394908
0.0	Kadimakara	251.84048159549553	251.18413849620546
0.0	Kahneria	271.35912279940885	270.261921973633
0.0	Kalisuchus	251.69509460497343	251.37451749731662
0.0	Kapes	250.9603300811009	242.18944142301584
0.0	Kholumolumo	226.4308927486639	208.4274015851287
0.0	Kinelia	268.0660727177635	255.7116245159057
0.0	Kitchingnathus	249.385468137846	248.95792855448389
0.0	Kocurypelta	218.13309797494415	216.65374584512048
0.0	Koilamasuchus	239.51735174035267	238.67979082790924
0.0	Koiloskiosaurus	246.24400281136457	245.6138948602651
0.0	Kranosaura	216.8427298233758	215.32425572239694
0.0	Krzyzanowskisaurus	234.4367455188391	208.43997395733288
0.0	Kudnu	251.73209842016024	251.1246850323448
0.0	Kuehneosaurus	237.1246863621596	204.0736707042856
0.0	Kuehneosuchus	205.57578639784887	204.54461870634117
0.0	Kuruxuchampsa	230.72244159099546	229.43551564905164
0.0	Labidosaurikos	283.10949066314066	273.9853944538828
0.0	Labidosauriscus	291.38899537877086	282.69366670248564
0.0	Labidosaurus	282.93603291341014	274.1659817209636
0.0	Lagerpeton	241.85871607787865	236.7764011519128
0.0	Lanceirosphenodon	216.4314590620007	214.89424712787923
0.0	Langeronyx	246.38786143820485	241.22197538389318
0.0	Langobardisaurus	217.84497112834586	207.77741909461216
0.0	Lanthaniscus	273.0209349752108	266.70400890851
0.0	Lanthanolania	271.45481350976127	270.45135490152114
0.0	Lanthanosuchus	266.4545812133468	265.4014392795698
0.0	Laquintasaura	200.9016262430583	199.87986102802253
0.0	Largocephalosaurus	246.49158406426744	244.18323014732385
0.0	Lasasaurus	249.03835045867177	248.62675686849855
0.0	Lepidus	217.74595802175574	216.27996232099244
0.0	Leptopleuron	233.03383426636967	231.66478024415824
0.0	Leptosuchus	227.4253895807398	208.17248001385568
0.0	Lessemsaurus	227.36174690795454	208.23108417412413
0.0	Lewisuchus	241.72830385654285	231.2407334585273
0.0	Leyesaurus	220.21126903961152	218.68532241911578
0.0	Libognathus	219.11863624954722	217.4924731723908
0.0	Liliensternus	225.58866165975175	203.68858302913367
0.0	Litorosuchus	239.11808688289875	238.25140062928483
0.0	Lophostropheus	205.23777219197993	204.22656689405434
0.0	Lotosaurus	246.8057318979655	241.95261809881225
0.0	Lucasuchus	236.62247973863046	228.20703249459444
0.0	Lucianosaurus	219.5029878627207	217.94540181196462
0.0	Lucianovenator	217.80550422086912	216.28835412074577
0.0	Lufengosaurus	201.5239090591118	199.47105503435594
0.0	Lukousaurus	201.4309123608373	199.10593901971131
0.0	Luperosuchus	241.26829030198112	237.09914357403974
0.0	Machaeroprosopus	227.5149644554384	201.3642988925988
0.0	Macrocnemus	246.0888973974933	236.9815957545973
0.0	Macrocollum	225.68951276444184	210.26682551156125
0.0	Macroleter	273.38135076345293	264.4347551237014
0.0	Maehary	221.56456939005986	209.41450005354505
0.0	Malerisaurus	224.2014942444694	213.41032072727475
0.0	Malutinisuchus	241.1574263169924	238.18083561800688
0.0	Mambawakale	244.5052092779364	243.83342647854974
0.0	Mandaphon	244.47150005371168	243.86407701150017
0.0	Mandasuchus	246.20441428585872	242.27190344284938
0.0	Marasuchus	240.89001284540942	238.27832215074613
0.0	Marcianosuchus	246.225238178802	245.600940020678
0.0	Massospondylus	232.3532005913177	230.91886298173307
0.0	Mbiresaurus	235.1971336028178	228.18324970818563
0.0	Megachirella	244.74600158756203	244.11465887805423
0.0	Megalancosaurus	217.36324810564562	208.59291038679322
0.0	Megalosaurus	205.03903876058624	203.9545014744275
0.0	Megapnosaurus	201.08786861702907	200.0635185522728
0.0	Melanorosaurus	217.11003270880784	215.5485233751375
0.0	Mesodapedon	244.5265442854476	243.92553618376874
0.0	Mesosuchus	246.71700070018557	237.79066836922632
0.0	Metamosaurus	286.83804436010394	286.7150783538706
0.0	Microcnemus	251.910731742186	246.9350536086512
0.0	Microleter	287.3706147834643	287.25845235574843
0.0	Micromenodon	229.8425314744053	228.5743602439805
0.0	Microsphenodon	225.58346869789665	214.1836155658174
0.0	Milleretta	260.50033433638157	251.76706833367038
0.0	Millerinoides	254.24504698727765	254.09672411827907
0.0	Milleropsis	260.4756232107579	251.6440260623007
0.0	Millerosaurus	258.88500632464803	252.6185614126935
0.0	Moradisaurus	256.3288714707163	251.83881111457907
0.0	Mystriosuchus	227.7498734166824	199.02142868109644
0.0	Nambalia	225.4549650359449	212.37645306020067
0.0	Nanchangosaurus	249.43200591357683	240.0323444913388
0.0	Nanoparia	258.4578946987522	254.1344330088223
0.0	Neoaetosauroides	227.73471943128257	208.57098564030713
0.0	Neoprocolophon	243.74896338989325	243.11088656612853
0.0	new_Neotheropoda	218.219547940966	216.74665777310855
0.0	new_Rhynchocephalia	218.161937630207	216.64758187762087
0.0	Nhandumirim	224.32335616866857	210.52525877036413
0.0	Nicrosaurus	227.881012320648	208.45380938570432
0.0	Nochelesaurus	264.6493319903999	259.7375193218702
0.0	Notatesseraeraptor	220.56759629600333	218.9391754551495
0.0	Noteosuchus	251.65025170340783	251.32129324206934
0.0	Nundasuchus	244.76758580849784	244.16980048613874
0.0	Nyasasaurus	245.3216720159113	242.5050586493294
0.0	Nycteroleter	271.480605727897	266.7645784938166
0.0	Nyctiboetus	278.81658778513093	278.3033495827399
0.0	Nyctiphruretus	274.54894839746	259.0350398075312
0.0	Obirkovia	262.0407048227647	257.012909314048
0.0	Odontochelys	232.96878137111523	227.90426909734552
0.0	Opisthodontosaurus	290.8677295377727	283.0112802674252
0.0	Orenburgia	250.92910272981916	246.92698108466766
0.0	Orovenator	288.2985617192524	283.43313805243395
0.0	Oryctorhynchus	234.24804626995856	229.08080243959375
0.0	Oryporan	250.45052698633316	248.29169489906556
0.0	Osmolskina	248.60219849236103	248.18744815051286
0.0	Owenetta	260.2102469840443	248.52988412466806
0.0	Ozimek	233.44727648313872	228.09624609813443
0.0	Pachagnathus	219.15682502864476	217.4682824878054
0.0	Pachystropheus	208.3625314569495	201.6405326534628
0.0	Palacrodon	250.94504234273717	213.57730644571606
0.0	Palaeagama	252.7693213453483	252.5692665708174
0.0	Palaeochersis	224.14516626355848	209.7980784901721
0.0	Palaeosaurus	232.65350502892255	231.23942304018934
0.0	Paleollanosaurus	222.7865231436349	203.94380367781866
0.0	Paliguana	249.4468496367737	249.024779651785
0.0	Pamelaria	246.4181636279625	241.67577977780866
0.0	Pamelina	248.58108405231172	248.15655189433218
0.0	Pampadromaeus	232.70473465348502	213.3293694281159
0.0	Panguraptor	201.11876573876378	200.10059651710574
0.0	Panphagia	233.96724314026827	232.56351549874998
0.0	Pantydraco	232.43691030821452	231.09874003051144
0.0	Pappochelys	238.97700208674544	238.11832613930153
0.0	Parahupehsuchus	249.14098309055652	248.71761887778752
0.0	Parasaurus	260.7897184496717	254.30528318193535
0.0	Parasuchus	249.52586786083177	211.42787430097
0.0	Paratypothorax	227.75688339060434	208.0314839521661
0.0	Pareiasaurus	265.621658852265	251.80230545663844
0.0	Pareiasuchus	264.1581359957	254.2941979748775
0.0	Parringtonia	243.95013554271713	243.3042296051067
0.0	Parvosuchus	239.64585355823957	238.81831096741075
0.0	Pectodens	244.02690967545192	243.40826205741175
0.0	Pelecymala	236.03830983258703	227.39135408766765
0.0	Pendraig	232.6083736256958	231.28625730874788
0.0	Pentaedrusaurus	246.57529765204058	246.03272205292282
0.0	Permotriturus	266.1399688098868	265.1441876709852
0.0	Peteinosaurus	217.95811445786066	212.46211901296678
0.0	Phaanthosaurus	251.91616918549096	251.09231757882864
0.0	Phonodus	251.64014747353855	251.3057599123657
0.0	Pinheirochampsa	240.28125571077453	239.47411304491163
0.0	Pintosaurus	252.62719462038464	252.46018455365063
0.0	Pisanosaurus	233.97713981955357	232.57941612792365
0.0	Planocephalosaurus	237.39846718160203	203.53883108972326
0.0	Plateosauravus	226.30509296492187	208.95049492614365
0.0	Plateosaurus	227.50175972465254	200.04635512959027
0.0	Polesinesuchus	232.5977752724586	231.244175434427
0.0	Polonosuchus	230.406251077412	229.0575060906455
0.0	Polymorphodon	238.84104274685276	237.97606134539274
0.0	Poposaurus	236.01009190823228	203.14075094056602
0.0	Postosuchus	235.54879673386364	202.01985707478974
0.0	Powellvenator	219.9269344541939	218.31458277915308
0.0	Pravusuchus	220.32851938595982	218.74994952050577
0.0	Preondactylus	213.70678980616447	212.3155263594596
0.0	Prestosuchus	241.8259829200547	232.83599107842306
0.0	Procerosuchus	239.65251716071288	238.8100519111546
0.0	Procolina	249.2744789831442	248.85205762970696
0.0	Procolophon	251.80197435684843	246.6529377907532
0.0	Procolophonichnium	249.45612447063857	249.03670038909323
0.0	Procompsognathus	215.86839052847253	214.51445023788045
0.0	Proganochelys	227.75058818616876	202.9297967686085
0.0	Prolacerta	251.80924998627765	246.8753650109446
0.0	Prolacertoides	251.61775973369703	251.2752098005867
0.0	Prosaurosphargis	249.75506752077246	249.33474425712507
0.0	Protanystropheus	246.64326569750773	242.17022771948575
0.0	Protecovasaurus	225.87114066521852	212.24949805466733
0.0	Proterochampsa	232.6866040037889	231.38108060072892
0.0	Proterochersis	225.0369454846276	208.69042668768543
0.0	Proterosuchus	251.86832879127545	246.9299773800931
0.0	Protoavis	226.6019721139679	210.2349691818798
0.0	Protocaptorhinus	289.2726219617885	283.3925159427771
0.0	Protome	215.71375326651412	214.19896840796008
0.0	Protorosaurus	260.4507629977778	253.86183726735857
0.0	Protorothyris	298.9964925944733	293.62399226808077
0.0	Protosuchus	206.71642720278004	199.2237183473483
0.0	Provelosaurus	267.4303675475616	262.40587858521764
0.0	Pseudhesperosuchus	218.7934152276803	217.25276434147045
0.0	Pseudochampsa	231.89674800625562	230.64703951051678
0.0	Puercosuchus	219.25410777496415	217.69642228478097
0.0	Pumiliopareia	256.7831292105912	256.6334546868743
0.0	Qianosuchus	246.6233884297381	243.81863137017072
0.0	Raibliania	231.96736050568342	230.53536991114345
0.0	Rauisuchus	232.37945033614818	230.97811185134285
0.0	Rautiania	262.95616835637065	258.3946433945599
0.0	Redondasuchus	224.9765249770664	210.98848827982528
0.0	Redondavenator	220.9781146991078	219.34949853205043
0.0	Retymaijychampsa	239.84510145860511	239.0378003218591
0.0	Revueltosaurus	234.24482623769157	208.46615901286683
0.0	Rhipaeosaurus	267.8491751445127	261.91945171113014
0.0	Rhombopholis	246.15642213123482	240.2155060032667
0.0	Rioarribasuchus	227.7217465745842	209.17585832244808
0.0	Riojasaurus	224.91438349829446	209.23654806365624
0.0	Riojasuchus	218.17412087847646	216.5080252071023
0.0	Romeria	296.1624731793465	295.1991875752286
0.0	Rothianiscus	273.8438736167069	264.6513237001967
0.0	Ruehleia	221.40624507877862	212.4299799758886
0.0	Rugarhynchos	216.11776115330173	214.6488220574562
0.0	Ruhuhuaria	244.2862257618307	243.66156061247347
0.0	Rutiodon	232.04872762320696	207.8950347448416
0.0	Sacisaurus	221.89112025766954	220.25234633398154
0.0	Saltoposuchus	219.57628452966145	211.50875087063193
0.0	Sanchuansaurus	252.59776361880685	252.3798000405004
0.0	Sanjuansaurus	232.45697637062634	231.08404803166704
0.0	Santaisaurus	251.78626851658353	251.1157361784242
0.0	Sarcosaurus	200.5706616235847	199.56726877910864
0.0	Sarmatosuchus	243.87221857250637	243.21350140021553
0.0	Saturnalia	233.46619193671035	214.666936511439
0.0	Saurodektes	251.91246060202894	248.37431404815607
0.0	Sauropareion	251.24656370488557	247.03903473284146
0.0	Saurorictus	255.91950431209233	255.80003453252814
0.0	Saurosternon	255.19726017083522	255.04346197599972
0.0	Saurosuchus	232.66009318852434	231.27578311886796
0.0	Scelidosaurus	200.96582308756763	199.94561783895375
0.0	Scharschengia	248.85405240014887	248.43014875715286
0.0	Schleitheimia	217.3083812386582	215.7360469697663
0.0	Schultzsuchus	240.42950019664664	239.65547886436514
0.0	Sclerocormus	248.81556697677755	248.39010660336226
0.0	Sclerosaurus	246.73805010062333	244.34730537771532
0.0	Sclerostropheus	222.17497844902718	220.5826882130246
0.0	Scoloparia	235.1144760510006	202.519261029567
0.0	Scolotosuchus	249.38519637959308	248.96446846812745
0.0	Scutarx	225.318004388271	209.38416395881066
0.0	Scutosaurus	265.09352897423304	256.6482065706841
0.0	Scythosuchus	249.76703466072956	249.34552587766532
0.0	Shansisuchus	246.83645343599375	241.74031222513582
0.0	Shihtienfenia	254.25328112599033	251.57454824722495
0.0	Shringasaurus	246.72068951950573	241.81211269801886
0.0	Shuangbaisaurus	201.22819849673886	200.22671010321224
0.0	Shuvosaurus	227.11706364137376	201.84887915351283
0.0	Sigmala	236.53905279651997	227.47644013973488
0.0	Sikannisuchus	225.78794726676966	208.22753549906108
0.0	Silesaurus	231.29115259172883	229.91333065222946
0.0	Sillosuchus	231.8201881061456	230.4661502379582
0.0	Sinosaurosphargis	246.9851248030311	244.0247159142546
0.0	Sinosaurus	201.7066093637152	199.0832159446216
0.0	Skybalonyx	221.9989226792298	220.31682799626662
0.0	Smilodonterpeton	205.88648845142725	204.8867156773853
0.0	Smilosuchus	233.99110056351736	207.90440268702986
0.0	Sophineta	249.5090369529439	249.0801348427427
0.0	Soturnia	224.6799382033578	211.75131685614284
0.0	Soumyasaurus	218.186243511839	216.71148765049608
0.0	Sphenotitan	226.96137669376327	209.2706977705864
0.0	Sphodrosaurus	218.0745555840287	216.50149380148667
0.0	Spinosuchus	233.69043439693772	216.57543160518452
0.0	Spondylolestes	257.67037205675615	254.76815755213948
0.0	Spondylosoma	241.5890229429438	237.10688536562628
0.0	Stagonolepis	233.8884088472983	208.79561987505417
0.0	Stagonosuchus	246.44414977544196	241.52248630682564
0.0	Staurikosaurus	232.69259830287004	231.35421423631374
0.0	Stauromatodon	238.8736979074656	237.98431497019965
0.0	Stegomus	224.94430226254738	209.75484031750352
0.0	Stenaulorhynchus	246.692847721608	237.2551712272692
0.0	Stenomyti	221.13461010236782	219.51964434384828
0.0	Stenoscelida	215.60067474064155	214.1013622898587
0.0	Styracocephalus	263.9024488493316	259.86279990925453
0.0	Suchonosaurus	259.3953615301948	259.092626156024
0.0	Sumidadectes	279.1109960288225	278.63207222316913
0.0	Syntarsus	206.16077398482204	205.1666670411449
0.0	Syntomiprosopus	221.99569364870723	220.38619074774167
0.0	Tachiraptor	200.96692070508558	199.95160280946453
0.0	Tangasaurus	253.99876086580966	251.7844914224158
0.0	Tanystropheus	246.92933094953278	203.0098257817087
0.0	Tanytrachelos	227.42938570649676	208.69726441838242
0.0	Tarjadia	241.3892761634129	236.86092467526308
0.0	Tasmaniosaurus	251.79126412754584	251.17779587053192
0.0	Tawa	226.57683952530584	209.47969476626406
0.0	Taytalura	232.62872085470948	231.25214003551145
0.0	Technosaurus	218.29369980599787	216.76776727618085
0.0	Tecovasaurus	225.8490335952622	208.54582944278272
0.0	Tecovasuchus	227.14019166716295	209.7994304784164
0.0	Teleocrater	246.10649970113005	241.78746372793032
0.0	Teraterpeton	234.77118853548373	229.1247285307837
0.0	Teratophon	246.37134757718417	241.78952506452296
0.0	Teratosaurus	251.12867284614273	214.14105101292236
0.0	Termatosaurus	207.9616099606329	201.77832772495253
0.0	Terrestrisuchus	236.3399136748964	227.1744572824809
0.0	Teyujagua	249.57853544858276	249.15481356853965
0.0	Teyumbaita	226.82812568401874	208.39590709486777
0.0	Thadeosaurus	255.58192305412283	255.46328803651153
0.0	Thecodontosaurus	245.37605234592607	200.5404289815998
0.0	Theledectes	245.07900224715831	244.4520010236114
0.0	Thelephon	244.96103978556428	244.35332191171014
0.0	Thelerpeton	246.3044924129046	242.1814295258058
0.0	Threordatoth	232.71648781340903	231.39494989584327
0.0	Thuringothyris	291.59165525354723	283.0876976242403
0.0	Tichvinskia	251.05516757219527	246.9613157543973
0.0	Ticinosuchus	246.6120235314726	242.94650918407984
0.0	Tikisuchus	231.14817486169846	229.82543308646763
0.0	Timanophon	250.23215570703007	247.25679289872113
0.0	Trachelosaurus	246.54543336023733	245.92882059772887
0.0	Tramuntanasaurus	271.9239291590018	270.82823205931174
0.0	Trialestes	234.80847969898556	229.5073861863576
0.0	Tricuspisaurus	204.8177992464694	203.83006962196245
0.0	Trilophosaurus	232.2958268974211	208.04650935621504
0.0	Tropidosuchus	241.73056313123482	236.91958659861774
0.0	Tuebingosaurus	220.55950717652416	218.8186911936799
0.0	Turfanosuchus	244.2184099070434	243.57156105254504
0.0	Typothorax	227.61248213729039	202.1442661229458
0.0	Uatchitodon	234.51155110350118	210.0751878313759
0.0	Unaysaurus	224.49256971046344	210.5825617215636
0.0	Unguinychus	219.32551119202435	217.70735537490418
0.0	Uralosaurus	245.9077214028267	242.07186963547372
0.0	Vallesaurus	218.5640630344782	211.55805354483937
0.0	Vancleavea	231.76975388145422	201.956161352615
0.0	Variodens	207.70444289936555	201.63009288228758
0.0	Vellbergia	238.76895265369615	237.92508311779017
0.0	Velocipes	218.92047367309635	217.35912344442713
0.0	Venaticosuchus	233.70266624976944	232.2922145042834
0.0	Venetoraptor	233.4523229638218	213.63945316350186
0.0	Vinitasaura	234.24521868849655	232.89358090737676
0.0	Vivaron	224.0003677830976	210.8846120712119
0.0	Vjushkovisaurus	245.66743519171328	241.99764037794864
0.0	Volcanosuchus	232.17932447253858	230.8048067187191
0.0	Vonhuenia	251.72172472807472	251.41110981053123
0.0	Vritramimosaurus	249.75877892606582	249.3314150975122
0.0	Vytshegdosuchus	249.12054387778755	248.69008744183824
0.0	Waluchelys	218.19700200245555	216.67297964702945
0.0	Wannia	223.50943933605927	209.7340701345126
0.0	Wapitisaurus	249.8409216249736	249.41024117453523
0.0	Weigeltisaurus	260.47520645209397	254.29796086786524
0.0	Whitakersaurus	205.52930479050875	204.53149421392462
0.0	Xenodiphyodon	232.78002975168613	231.43488019493552
0.0	Xilousuchus	247.14575670156333	246.63851724212492
0.0	Xingxiulong	200.96701559013988	199.94178667086302
0.0	Yarasuchus	246.3879101928577	243.1553961969466
0.0	Yimenosaurus	201.6597363239814	199.2583190918566
0.0	Youngetta	249.68955258209536	249.28483482435357
0.0	Youngina	260.58037516921297	251.54180242068242
0.0	Youngosuchus	244.16906456499513	243.51584500878897
0.0	Yunnanosaurus	201.57960038428206	199.35798961005122
0.0	Zanclodon	242.27000011582348	202.1027396155735
0.0	Zhongjiania	259.796955084612	254.48606358517318
0.0	Zupaysaurus	216.2717998332315	214.64103623886933
