clade	species	ts	te
0.0	Abyssomedon	112.7821998128128	112.62500155655655
0.0	Acadiella	57.1037445925926	56.34179855755756
0.0	Acaenasuchus	52.24848330530531	34.31235951551552
0.0	Acallosuchus	41.836694208208215	40.82153869069069
0.0	Acerosodontosaurus	80.1827032152152	80.07309014514514
0.0	Acleistorhinus	104.18488078178179	103.80436541541542
0.0	Acrodenta	81.61690513413413	81.50512766766767
0.0	Actiosaurus	30.132748353353353	29.851393384384387
0.0	Adamanasuchus	40.792305230230234	39.78586781881882
0.0	Adelosaurus	82.71529522022021	82.57902437737738
0.0	Aenigmasaurus	73.65139608008009	73.4671654084084
0.0	Aenigmaspina	56.0380832022022	54.99951314114114
0.0	Aenigmastropheus	81.26285560160161	81.1423902122122
0.0	Aetobarbakinoides	57.38583875075075	56.81973046646647
0.0	Aetosauroides	60.501257487487486	32.09956814914915
0.0	Aetosaurus	52.31810542942943	33.23306804104104
0.0	Agkistrognathus	73.8016027867868	73.60219544344345
0.0	Agnosphitys	58.283117038038036	57.2515426996997
0.0	Ahvaytum	57.22863773973974	56.65310332332332
0.0	Alexeyisaurus	42.054514244244245	41.305169819819824
0.0	Alwalkeria	58.015236932932936	57.47697348948949
0.0	Amanasaurus	60.31713059059059	33.40748757157157
0.0	Ammorhynchus	71.7489384954955	69.7840041891892
0.0	Ammosaurus	26.01815693093093	24.667861366366367
0.0	Amotosaurus	72.01505958258257	68.33473434834835
0.0	Anarosaurus	72.19249817417416	67.00002433833835
0.0	Ancistronychus	46.64189626726727	45.53925345945947
0.0	Angistorhinus	61.97774917517518	35.79962376476477
0.0	Anisodontosaurus	71.9567171081081	65.0093042952953
0.0	Anomoepus	25.497487234234235	25.215562503503502
0.0	Anomoiodon	72.31759736336336	68.14959991491492
0.0	Anshunsaurus	64.79546354054054	52.38625081381382
0.0	Antarctanax	73.55412905705704	73.4287613863864
0.0	Anthodon	86.31966683783784	78.9459410970971
0.0	Apachesuchus	44.45228934934936	43.46745762262262
0.0	Apatopus	59.49381950350351	33.2064558008008
0.0	Apatosuchus	40.487321510510505	39.70629805505506
0.0	Aphelosaurus	121.10436691691693	120.58335515215215
0.0	Araeoscelis	113.89250709109109	97.65439102702702
0.0	Archeopelta	65.27945441741741	64.8784667007007
0.0	Archosaurus	87.20596472972973	79.9373325095095
0.0	Arcticodactylus	40.517772133133136	39.69767251651651
0.0	Arganaceras	81.20055925825827	81.09098223023022
0.0	Arganasuchus	58.280327061061065	54.011991092092096
0.0	Arizonasaurus	71.97475281681682	69.33434784484486
0.0	Asilisaurus	71.8158987147147	67.03193611611611
0.0	Askeptosaurus	71.38408557657658	58.359412763763764
0.0	Asperoris	70.0916978258258	69.57571911011011
0.0	Asylosaurus	32.40028747247247	27.465550462462463
0.0	Atopodentatus	71.13162702702702	69.47613946046046
0.0	Augustaburiania	75.59836497497498	72.75578022822822
0.0	Augustasaurus	70.0747203053053	69.71226328528529
0.0	Australothyris	87.29137247947949	86.69168932632633
0.0	Austriadactylus	38.813457406406414	34.65943974074074
0.0	Austriadraco	36.656546166166166	35.930676227227224
0.0	Avalonnectes	25.8236063973974	25.54314864064064
0.0	Avicranium	31.504035215215218	31.091854420420418
0.0	Azendohsaurus	57.48026138238239	56.697553365365366
0.0	Baeotherates	111.32308931531533	111.20740533133134
0.0	Baisesaurus	74.26123545745745	74.05146605105105
0.0	Barasaurus	86.5477835075075	71.20485875775775
0.0	Barberenasuchus	64.10389288988989	63.682230511511506
0.0	Barracudasauroides	71.78380506206204	67.80417852252253
0.0	Barracudasaurus	72.13406218118116	63.93188930330331
0.0	Bashkyroleter	98.1563504904905	89.29932807307307
0.0	Batrachopus	29.67116563563564	29.39781963563564
0.0	Batrachotomus	64.06779512212212	61.94666753953954
0.0	Beesiiwo	58.50829184984985	57.70863708308308
0.0	Belebey	95.31833278978978	89.02941770770771
0.0	Benggwigwishingasuchus	69.64711637237238	69.2828156106106
0.0	Bentonyx	70.10107675975976	69.71802955055054
0.0	Bergamodactylus	39.86578381681681	38.907281057057055
0.0	Besanosaurus	67.37329761661661	67.10062351451451
0.0	Blezingeria	66.01392141041042	65.6953401061061
0.0	Blikanasaurus	29.89662698198198	29.58637103903904
0.0	Blomosaurus	76.60991012712714	76.42166961861864
0.0	Bobosaurus	60.58919582682683	59.64627938838839
0.0	Bolosaurus	122.47565031531532	101.3506147957958
0.0	Boreopricea	74.94917224124124	73.26096839139139
0.0	Bradysaurus	89.53410528528528	82.86384138638638
0.0	Brasinorhynchus	65.62417604204204	63.27363793093093
0.0	Brazilosaurus	116.48065684884887	108.82792476476476
0.0	Bromsgroveia	71.78214512812812	66.82489423923924
0.0	Broomia	89.03630777677678	85.42919313013013
0.0	Bunostegos	78.23408764264265	78.11797409909909
0.0	Buriolestes	61.38704795995996	32.51164790690691
0.0	Bystrowisuchus	74.37423047947948	74.16406777477476
0.0	Callawayia	47.73956754554555	35.06137721021021
0.0	Calyptosuchus	57.89747803203203	33.00895516516517
0.0	Camelotia	31.72304666966967	28.735463127127126
0.0	Camposaurus	42.25344685385385	41.30946341541542
0.0	Candelaria	67.06859199499499	62.42675955355355
0.0	Captorhinikos	108.29670028528528	98.2316254104104
0.0	Captorhinoides	106.63576226226226	102.84478631131131
0.0	Captorhinus	116.63980808208208	81.60230644744745
0.0	Cargninia	44.104258260260266	42.60647191591592
0.0	Carnufex	57.37832952052052	56.5721586016016
0.0	Cartorhynchus	74.63877312912912	74.43789375775776
0.0	Caseosaurus	44.10502514914914	43.011040292292286
0.0	Ceresiosaurus	67.23882574574574	62.04205604004004
0.0	Chalishevia	66.24547999899899	62.70238029229229
0.0	Chanaresuchus	66.48710188188188	63.068674217217215
0.0	Chaohusaurus	76.22457706206207	66.36790918318319
0.0	Chasmatosuchus	76.83816417817818	71.87180912512513
0.0	Chelyoposuchus	31.05370944844845	30.69709426026026
0.0	Chinchenia	66.9424105065065	66.65585943643643
0.0	Chindesaurus	54.60235444644644	33.426476981981985
0.0	Chinshakiangosaurus	25.52303194194194	25.243305231231233
0.0	Chirotherium	57.91408600900901	56.918520546546546
0.0	Chromogisaurus	58.09147502202202	57.51087544244244
0.0	Cladeiodon	69.68830481981982	69.42385486686686
0.0	Clarazia	69.23969035535536	68.86689363763765
0.0	Claudiosaurus	84.82377982782782	76.96771997097098
0.0	Clevosaurus	61.79031742542543	24.116119094094095
0.0	Coahomasuchus	59.88564695895896	40.35206431231231
0.0	Coartaredens	70.53450157557558	68.50075506406407
0.0	Coburgosuchus	41.626837866866865	40.9119983063063
0.0	Coelodontognathus	74.68139451051051	72.8357150880881
0.0	Coelophysis	53.19886184784785	24.560981758758757
0.0	Coelurosauravus	86.11196516716717	75.23443884584584
0.0	Coletta	73.38997346046045	73.20932566766766
0.0	Collilongus	74.4304744134134	74.21868933233235
0.0	Colobomycter	114.70002361761762	109.2913322062062
0.0	Colobops	41.042572084084085	39.99820670270271
0.0	Coloradisaurus	49.712126177177176	34.6031368988989
0.0	Coloradisuchus	42.03118360760761	40.638317980980986
0.0	Concavispina	56.99045542442442	56.0516678028028
0.0	Contectopalatus	64.59275591091091	64.34933645245246
0.0	Cornualbus	58.64303806206206	58.033790992992984
0.0	Corosaurus	75.41345285785785	72.43454191391392
0.0	Cosesaurus	63.5867104034034	63.35676565865867
0.0	Crosbysaurus	53.075578325325324	33.003285893893896
0.0	Ctenosauriscus	74.41408333233232	74.2071841051051
0.0	Cyamodus	71.89619351651652	53.46673911111111
0.0	Cymatosaurus	71.9030231931932	66.98401986186185
0.0	Cymbospondylus	74.56311235235236	60.7481641961962
0.0	Czatkowiella	73.58309688288288	73.37260428528529
0.0	Dactylosaurus	72.13903841241242	66.87456619119119
0.0	Daemonosaurus	30.590537726726726	30.31734298798799
0.0	Dagasuchus	55.99407650650651	55.42792780680681
0.0	Dawazisaurus	69.77224838138139	69.395600996997
0.0	Decuriasuchus	69.56273166166166	60.83195128928929
0.0	Delorhynchus	113.78162480780782	108.52791264864865
0.0	Deltadectes	45.96095539039039	28.39093952352352
0.0	Deltavjatia	89.36467674874875	84.61923490590591
0.0	Desmatosuchus	57.35200500300301	32.37941134834835
0.0	Diandongosaurus	70.94160960760762	70.57616085885886
0.0	Diandongosuchus	64.55242212112113	64.32862934734734
0.0	Dianmeisaurus	71.19187343743744	68.57327108308309
0.0	Dianopachysaurus	70.84976867267268	70.45863294894896
0.0	Dimetropus	115.36737189189189	108.08752342742744
0.0	Dimorphodon	25.260712754754753	24.972891187187187
0.0	Dinocephalosaurus	71.47891883883884	69.21252005205206
0.0	Diphydontosaurus	62.11859401601602	25.883176154154153
0.0	Dolabrosaurus	43.06797541641642	42.095766319319324
0.0	Dolerosaurus	55.25048487087087	54.17502535135135
0.0	Dolichobrachium	57.37930301401401	56.517147489489496
0.0	Doliovertebra	69.84921492292293	69.58025085385384
0.0	Dongusuchus	72.17928218518517	67.76978384384384
0.0	Dorosuchus	70.57640014014015	67.98486417017017
0.0	Doswellia	61.434548024024025	36.119841317317324
0.0	Dracoraptor	25.581042436436434	25.29092635035035
0.0	Drepanosaurus	51.414775920920924	26.55741881781782
0.0	Dromomeron	54.890267782782786	27.149787284284283
0.0	Dynamosuchus	56.56254455655655	55.977279003003005
0.0	Dyoplax	57.660316462462454	56.71075473873874
0.0	Ebrachosuchus	57.462435537537544	56.49393502002002
0.0	Effigia	31.61277634334334	27.944182622622623
0.0	Efraasia	44.17119251051051	37.35359587887888
0.0	Eifelosaurus	71.02107878178178	70.73516151251252
0.0	Elachistosuchus	29.659641106106108	29.338109449449448
0.0	Elessaurus	73.89434739539539	73.70567547547547
0.0	Elginia	82.82023335535536	75.85500708208207
0.0	Elorhynchus	64.38868638438439	63.96791939639639
0.0	Embrithosaurus	88.97679334134135	84.72779224224223
0.0	Emeroleter	89.82421904304304	84.81321609709708
0.0	Endennasaurus	40.1768019069069	39.188345503503506
0.0	Energosuchus	65.97340869169169	63.96088561361362
0.0	Eodromaeus	58.718748725725725	58.15462311611611
0.0	Eohupehsuchus	73.47755964164165	73.27462804004004
0.0	Eohyosaurus	70.23903022722725	63.266426820820826
0.0	Eomurruna	76.74016930130131	76.05147931231231
0.0	Eoplesiosaurus	25.586301887887885	25.294474624624623
0.0	Eoraptor	58.46995963363363	53.88189686386386
0.0	Eorasaurus	86.96414967867868	86.37706266266267
0.0	Eorhynchochelys	58.62494653253254	57.620470155155154
0.0	Eretmorhipis	67.45925982782784	67.16454094294293
0.0	Erpetosuchus	43.33010228128128	42.28907690890891
0.0	Erythrosuchus	72.04308713213213	61.14265400800801
0.0	Erythrovenator	57.8101126956957	57.30880965565566
0.0	Eshanosaurus	26.061253047047046	25.792074681681683
0.0	Eucoelophysis	53.31741989189189	27.12433233733734
0.0	Eudibamus	111.7063053023023	111.59275325225224
0.0	Eudimorphodon	45.834750223223224	27.551962192192192
0.0	Eumetabolodon	73.25092628928928	67.75239253753753
0.0	Eunotosaurus	89.72294365865865	84.9672712002002
0.0	Euparkeria	71.6635322962963	66.89691473773773
0.0	Eurhinosaurus	25.601660200200197	25.307511690690692
0.0	Eurycleidus	25.47640258758759	25.193942344344347
0.0	Eusaurosphargis	72.32573163063064	62.58626672572572
0.0	Euscolosuchus	58.28632412012013	57.44236047447448
0.0	Fasolasuchus	40.803352356356356	39.414761297297304
0.0	Faxinalipterus	49.30731661361361	39.531464057057065
0.0	Feeserpeton	111.14482362362362	110.99806644644646
0.0	Feralisaurus	69.01580796696697	68.66944857357358
0.0	Fodonyx	71.74762992792793	67.06435563263264
0.0	Fraserosphenodon	61.04014856256256	31.665892732732736
0.0	Fraxinisaura	63.10116784184184	62.73366578078078
0.0	Fugusuchus	71.13329954854855	70.89390405105104
0.0	Fuyuansaurus	64.27132813813814	64.0263677017017
0.0	Galesphyrus	85.77473357157157	80.34060091391392
0.0	Gamatavus	66.02661453153154	63.428618516516515
0.0	Gansurhinus	98.90803125325324	79.8298224034034
0.0	Garjainia	76.05280348248249	71.71222441541542
0.0	Garzapelta	42.22601021121121	41.12348870670671
0.0	Gecatogomphius	96.3862502942943	95.59154087687688
0.0	Gephyrosaurus	31.50217424224224	28.94582258058058
0.0	Germanosaurus	70.75011974774773	68.17908733833833
0.0	Glaurung	82.2408190990991	82.11842751651652
0.0	Glyphoderma	65.05676001701701	64.83255425925927
0.0	Gnathovorax	59.70041870970971	35.24730290990991
0.0	Gojirasaurus	45.83413754454455	44.70439483483484
0.0	Gomphiosauridion	58.85580635035035	57.98886570070071
0.0	Gondwanax	65.05737497897897	64.61868073173173
0.0	Gorgetosuchus	56.522798647647654	55.644592705705705
0.0	Gracilisuchus	65.32205804604605	62.936128953953954
0.0	Grallator	48.822717604604605	36.9155875005005
0.0	Graoullyodon	29.08398992692692	28.768614676676677
0.0	Gresslyosaurus	49.435706672672666	31.90940247947948
0.0	Grippia	75.90092651051052	71.80824888388389
0.0	Guaibasaurus	50.51527274874875	33.65598554854856
0.0	Gualosuchus	64.76009155655656	62.63845453253253
0.0	Guanlingsaurus	58.75394242842843	52.6293607997998
0.0	Guchengosuchus	69.40859607607607	69.13884226826826
0.0	Guizhouichthyosaurus	65.66929780780781	51.85986769169169
0.0	Gulosaurus	75.28892563563564	73.493600984985
0.0	Gunakadeit	43.81085302302302	42.76643765165164
0.0	Gyposaurus	25.99801969169169	24.929287584584582
0.0	Halazhaisuchus	69.88506736336338	69.61861237737737
0.0	Haligonia	60.55797958658658	25.9310073963964
0.0	Hanosaurus	74.4809268968969	74.27256322822824
0.0	Helveticosaurus	70.39104557657659	67.10560717417417
0.0	Hemilopas	74.02808574774775	67.56645295595594
0.0	Hemiprotosuchus	47.061434270270276	35.33087668668669
0.0	Henodus	61.383474940940935	52.41129402402402
0.0	Heptasuchus	58.276715424424424	57.373588173173175
0.0	Herrerasaurus	61.763435762762754	52.456072946946946
0.0	Hescheleria	69.78251715315317	69.43341796396398
0.0	Hesperosuchus	53.90945837137138	27.066068386386384
0.0	Heterodontichnites	58.80410528828829	37.618945405405405
0.0	Heteropelta	69.04326013013014	68.76519014414416
0.0	Himalayasaurus	40.90576864264264	39.87906795695695
0.0	Hispaniasaurus	64.80099566166166	64.54507442842842
0.0	Honghesaurus	70.36992367467468	70.01032976776777
0.0	Horaffia	65.50273466166165	60.882983244244244
0.0	Hovasaurus	84.67544536836839	74.00835717017016
0.0	Howesia	70.99745564564564	68.3590941061061
0.0	Hudsonelpidia	43.51840072172172	42.47687475575576
0.0	Hupehsuchus	74.86849568468467	62.39178035235235
0.0	Hwiccewyrm	61.62765254654655	52.1238358068068
0.0	Hyperodapedon	61.66097176876877	32.88033487687687
0.0	Hypselorhachis	68.98041097697698	68.47977913713714
0.0	Hypsognathus	60.947168365365364	25.282876043043043
0.0	Hypuronector	45.99643895295295	35.67743646546547
0.0	Icarosaurus	43.09915236636637	42.016013603603604
0.0	Ichthyosaurus	49.70619964564565	23.86314906206206
0.0	Ichthyotitan	30.11440603903904	29.77852656956957
0.0	Idiosaura	57.9150863013013	57.0733051981982
0.0	Ignotosaurus	55.59064955155156	55.02040645945946
0.0	Incertovenator	56.025701369369365	55.48842506806807
0.0	Indosauriscus	81.9575685915916	81.85727216816817
0.0	Ingentia	47.986086295295294	39.178401547547544
0.0	Isfjordosaurus	73.71757148348347	73.5192395075075
0.0	Issi	42.728071643643645	41.941049522522526
0.0	Ixalerpeton	61.68458251351351	37.16661054054053
0.0	Jaklapallisaurus	43.80863721221221	42.464440101101104
0.0	Jaxtasuchus	64.51032506806807	62.127649690690696
0.0	Jesairosaurus	70.71154486586586	70.30810370670672
0.0	Jingshanosaurus	25.968586732732735	24.772654881881884
0.0	Jupijkam	43.920289690690694	42.88370315415415
0.0	Jushatyria	69.09526568468469	68.8060034904905
0.0	Kadimakara	76.71354713213213	76.28667631131131
0.0	Kahneria	95.83147722822824	95.03385341041042
0.0	Kalisuchus	76.68939083583585	76.53134472872873
0.0	Kapes	75.93512531731733	67.58901687287286
0.0	Keichousaurus	74.05239112012012	60.71253020220221
0.0	Kholumolumo	52.21086440840841	34.073407142142145
0.0	Kinelia	94.21749028828829	80.49681450750751
0.0	Kitchingnathus	74.22079108708708	74.03623276176175
0.0	Kocurypelta	41.88784855855856	41.170812820820814
0.0	Koilamasuchus	64.32246747247247	63.9043326036036
0.0	Koiloskiosaurus	70.90957466666666	70.63048350450451
0.0	Kranosaura	40.48780905505505	38.9796727007007
0.0	Krzyzanowskisaurus	60.21344257457457	39.991258755755766
0.0	Kudnu	76.82645943843842	76.40952674274274
0.0	Kuehneosaurus	62.36700386586587	29.057904580580583
0.0	Kuehneosuchus	29.228408411411408	28.932235529529528
0.0	Kuruxuchampsa	57.14242425925926	56.57681736736737
0.0	Kwangsisaurus	75.37720110810812	73.55598467367366
0.0	Labidosaurikos	108.07640752252252	97.96004838038039
0.0	Labidosauriscus	115.01422004704705	108.5609356026026
0.0	Labidosaurus	108.24575069369371	98.50065163763763
0.0	Lagerpeton	66.93352501201201	62.56300819019019
0.0	Lanceirosphenodon	45.8047164974975	44.47702868468468
0.0	Langeronyx	71.9373597047047	62.59008227327327
0.0	Langobardisaurus	43.19342632632633	32.4768968008008
0.0	Lanthaniscus	97.53010520920921	92.59886846446446
0.0	Lanthanolania	95.6608381931932	94.88039735435436
0.0	Lanthanosuchus	90.90117164064064	90.18806774274275
0.0	Laquintasaura	25.560118115115117	25.290711491491493
0.0	Largocephalosaurus	71.11755032532533	69.24178689789791
0.0	Lariosaurus	73.6677651901902	60.592681642642646
0.0	Lasasaurus	74.39731810910911	74.21382204204204
0.0	Lepidus	40.23667033733734	39.143669416416415
0.0	Leptonectes	30.753521574574574	23.632166434434435
0.0	Leptopleuron	56.832628223223224	55.82381878278279
0.0	Leptosuchus	52.7139628948949	33.006228294294296
0.0	Lessemsaurus	52.14640034634634	33.082798822822824
0.0	Lewisuchus	67.40327966366367	54.55442876676677
0.0	Leyesaurus	43.3036684994995	41.88427982982983
0.0	Libognathus	42.91084430730731	41.930156406406404
0.0	Liliensternus	52.80374021021021	27.150824614614617
0.0	Lindwurmia	25.418678284284283	25.139157247247248
0.0	Litorosuchus	64.28807346946947	64.04461175875875
0.0	Lophostropheus	29.40705755955956	29.102757204204206
0.0	Lotosaurus	71.72935958758758	67.18871096696697
0.0	Lucasuchus	59.15794888588589	54.24880607507508
0.0	Lucianosaurus	41.97948538238238	40.909586998999
0.0	Lucianovenator	43.437424088088086	42.02212298098099
0.0	Lufengosaurus	26.26152599099099	24.515600953953957
0.0	Lukousaurus	25.778201774774775	25.004672635635636
0.0	Luopingosaurus	70.4175034044044	70.04002048248248
0.0	Luperosuchus	65.7840189099099	63.04601139039038
0.0	Macgowania	46.72188884084084	35.44281337737738
0.0	Machaeroprosopus	52.71104890790791	26.17469575975976
0.0	Macrocnemus	72.11940508808809	60.24222567467467
0.0	Macrocollum	51.53613341641642	37.78856699599599
0.0	Macroleter	98.13838114114114	89.24490344244245
0.0	Macroplacus	29.79524529129129	29.510484934934937
0.0	Macroplata	25.640285504504504	25.36332623023023
0.0	Maehary	47.930576239239244	39.322649383383386
0.0	Majiashanosaurus	74.4260174904905	74.22405826426426
0.0	Malerisaurus	46.12691042242243	37.10856723923924
0.0	Malutinisuchus	67.02812676276277	61.25109484584584
0.0	Mambawakale	69.66099895895897	69.18579754054055
0.0	Mandaphon	69.5126531971972	68.99830802402403
0.0	Mandasuchus	71.51683164664664	66.78444542442442
0.0	Marasuchus	65.54471754054055	62.72097318218218
0.0	Marcianosuchus	70.77639746846847	70.39495002602601
0.0	Massospondylus	58.47106238238239	57.92733671871871
0.0	Mbiresaurus	60.3645623983984	52.92993533033033
0.0	Megachirella	69.7036543073073	69.42668253953954
0.0	Megalancosaurus	43.19459431031031	32.50348773673674
0.0	Megalosaurus	30.39250049149149	30.107550285285285
0.0	Megapnosaurus	25.56890869469469	25.29859549149149
0.0	Melanorosaurus	43.81201146146146	42.411670450450444
0.0	Merriamosaurus	73.92375345645645	73.72070988988989
0.0	Mesodapedon	69.74912483383383	69.27933741741741
0.0	Mesosaurus	115.85845439239239	108.30553570370371
0.0	Mesosuchus	71.67077798198198	63.687462267267264
0.0	Metamosaurus	111.74040999399399	111.589193993994
0.0	Metashastasaurus	48.57505648548548	39.94983971471471
0.0	Microcnemus	76.91132660460461	71.84008004004005
0.0	Microleter	112.31364307507508	112.19837806606607
0.0	Micromenodon	55.085783857857855	54.19336738938939
0.0	Microsphenodon	47.459435550550545	38.34547264064064
0.0	Mikadocephalus	71.85401394194193	59.11391015315316
0.0	Milleretta	86.53384087087086	76.03798673173173
0.0	Millerinoides	80.80170600700701	80.69300996996996
0.0	Milleropsis	86.41870560260261	76.59302544744745
0.0	Millerosaurus	84.88665797497497	77.15279616416417
0.0	Miodentosaurus	59.830391660660666	54.460772245245245
0.0	Mixosaurus	72.090727983984	61.93404898998999
0.0	Moradisaurus	83.7199718058058	75.95195905005005
0.0	Mystriosuchus	53.11506575675676	24.23612732332332
0.0	Nambalia	49.45869726626626	35.07681102302302
0.0	Nanchangosaurus	75.30150497497497	63.170752279279284
0.0	Nanoparia	85.701570994995	78.98075053053053
0.0	Neoaetosauroides	51.474784501501496	34.43364418418418
0.0	Neoprocolophon	69.53055025625626	69.2568094064064
0.0	Neusticosaurus	71.14062913713714	60.45833158758758
0.0	new_Neotheropoda	45.309688512512516	43.78129076976977
0.0	new_Rhynchocephalia	43.72081171971972	42.389780033033034
0.0	Nhandumirim	49.19607743743744	36.58236813813814
0.0	Nicrosaurus	53.62370232332332	32.50847213313313
0.0	Nochelesaurus	89.06318224024024	84.91418172072072
0.0	Notatesseraeraptor	44.544090097097104	43.71935102702703
0.0	Noteosuchus	76.63331057957959	76.4681848988989
0.0	Nothosaurus	72.46141204004003	29.53881717217217
0.0	Nundasuchus	69.32217972672672	68.81490972472471
0.0	Nyasasaurus	70.34959194694694	67.59880994294295
0.0	Nycteroleter	96.9575761881882	91.21298798798799
0.0	Nyctiboetus	104.54071733033034	104.1781514884885
0.0	Nyctiphruretus	99.49353479279279	84.59490676676677
0.0	Obirkovia	88.31460266666666	80.56326172372373
0.0	Odoiporosaurus	63.461274307307306	63.22193304304304
0.0	Odontochelys	57.23102516616616	53.015877232232235
0.0	Omphalosaurus	75.53199060060061	57.60012919619619
0.0	Opisthodontosaurus	115.54544242342342	108.38211365365366
0.0	Orenburgia	76.14082912712712	71.76101103203202
0.0	Orovenator	113.80658216416417	109.19270258458458
0.0	Oryctorhynchus	58.80473226426427	54.864849140140144
0.0	Oryporan	75.7857157997998	73.49883592392393
0.0	Osmolskina	74.07511977277278	73.87000195995996
0.0	Owenetta	86.51798045745745	73.65829437737737
0.0	Ozimek	58.97182028928929	53.399689236236235
0.0	Pachagnathus	41.91748596996997	40.56362388288288
0.0	Pachypleurosaurus	68.00678292092093	60.25919025425426
0.0	Pachystropheus	34.48647374274274	27.137403435435434
0.0	Palacrodon	76.32209517517519	33.00434408008008
0.0	Palaeagama	77.52126133333333	77.37568488788789
0.0	Palaeochersis	49.56313602102102	36.261501648648654
0.0	Palaeosaurus	55.81062593193194	54.832730541541544
0.0	Paleollanosaurus	52.654106456456454	26.500865697697698
0.0	Paliguana	74.5837786946947	74.39878056756756
0.0	Pamelaria	71.29781793993995	67.06595100300301
0.0	Pamelina	73.97246659359361	73.77236230430431
0.0	Pampadromaeus	59.984043378378374	35.92741442942943
0.0	Panguraptor	25.456706448448447	25.174363330330333
0.0	Panphagia	57.736208683683685	57.19776791791792
0.0	Pantydraco	58.075778865865864	57.0304574034034
0.0	Panzhousaurus	70.5512296126126	70.18565989089089
0.0	Pappochelys	63.014232	62.658666041041045
0.0	Parahupehsuchus	74.1758263063063	73.967803003003
0.0	Paralonectes	75.32325013413413	62.91278669669669
0.0	Paraplacodus	71.77880142542543	60.81488457357357
0.0	Pararcus	69.00202176476478	68.72585607107106
0.0	Parasaurus	87.14355837437438	78.52182135835835
0.0	Parasuchus	74.53416831431431	34.64610306306306
0.0	Paratypothorax	52.880598133133134	32.31344950650651
0.0	Pareiasaurus	90.81645605205205	76.08570852252252
0.0	Pareiasuchus	90.40373360460461	77.46258345545546
0.0	Parringtonia	69.80172686286286	69.32042073273273
0.0	Partanosaurus	64.72373398798798	64.43568829329328
0.0	Parvosuchus	64.61189483883884	64.22471066266266
0.0	Pectodens	69.28695188888888	68.91379744444444
0.0	Pelecymala	60.39846646846847	53.50345918318318
0.0	Pendraig	57.56218953553553	56.50133788988989
0.0	Pentaedrusaurus	72.26918320220219	72.03930977477478
0.0	Permotriturus	91.09412575575577	90.35185694594594
0.0	Pessopteryx	74.18972688388388	69.05808951351352
0.0	Peteinosaurus	41.48841584984985	38.566247094094095
0.0	Phaanthosaurus	76.88906642842844	76.07702397297298
0.0	Phalarodon	76.09366106606606	63.57970347347347
0.0	Phantomosaurus	69.41916797897898	69.14936744144144
0.0	Phonodus	76.5892938008008	76.42622913613614
0.0	Pinheirochampsa	64.21961312212213	63.818796483483474
0.0	Pintosaurus	78.05437107307309	77.91868125225226
0.0	Pisanosaurus	57.35639671571572	56.79878356356356
0.0	Pistosaurus	72.26690760960962	60.84494432332332
0.0	Placochelys	61.93642573973975	26.7045253003003
0.0	Placodus	73.76460223323323	54.72180985185185
0.0	Planocephalosaurus	62.047112646646646	26.489589875875875
0.0	Plateosauravus	48.2582024954955	35.09382984984985
0.0	Plateosaurus	52.54663372472473	25.0482711991992
0.0	Plesiosaurus	33.486744722722726	24.61178742742743
0.0	Polesinesuchus	57.545101078078076	56.98060509109109
0.0	Polonosuchus	55.49698794994995	54.4530583993994
0.0	Polymorphodon	63.526630298298294	63.20967187487488
0.0	Poposaurus	60.91512237837838	28.046654024024022
0.0	Postosuchus	58.37318355555556	27.483221527527526
0.0	Powellvenator	42.137158905905906	40.67208715715716
0.0	Pravusuchus	42.66335666566567	41.580420460460466
0.0	Preondactylus	40.467982955955954	37.50939565865866
0.0	Prestosuchus	67.27246632132132	54.56784327927928
0.0	Procerosuchus	65.39170743943944	64.99873747547548
0.0	Procolina	74.62852853653654	74.43044541541542
0.0	Procolophon	76.91489557857858	71.62022101801801
0.0	Procolophonichnium	73.89054926726726	73.7052081891892
0.0	Procompsognathus	40.72473218418419	39.94121868368369
0.0	Proganochelys	53.71660487487487	27.414691665665664
0.0	Prolacerta	76.8629234004004	71.7061892002002
0.0	Prolacertoides	76.68164525225227	76.50234623823825
0.0	Prosantosaurus	66.0164383943944	65.75395256656655
0.0	Prosaurosphargis	74.17038331831831	73.96491599899899
0.0	Protanystropheus	72.2462478098098	65.77561888588589
0.0	Protecovasaurus	46.89103935935936	37.64138857857858
0.0	Protenodontosaurus	60.82398927627627	59.85898874674674
0.0	Proteosaurus	26.24271204704705	24.453028287287285
0.0	Proterochampsa	57.125734385385385	56.56741407907908
0.0	Proterochersis	52.363871412412415	33.3262204044044
0.0	Proterosuchus	76.81131328528528	71.7824091041041
0.0	Protoavis	47.1528880930931	35.18797314614614
0.0	Protocaptorhinus	116.57982448748747	108.87590411811813
0.0	Protoichthyosaurus	25.54852427027027	25.25942315015015
0.0	Protome	43.44940222022022	42.301068358358364
0.0	Protorosaurus	87.45443914614614	78.43698021921921
0.0	Protorothyris	123.95879825025025	118.300105002002
0.0	Protosuchus	33.269508543543544	23.853446145145146
0.0	Provelosaurus	92.26721117017017	88.31028951751752
0.0	Psephochelys	55.33999114914914	54.23024281881882
0.0	Psephoderma	71.94179160860861	24.616154911911913
0.0	Psephosauriscus	71.9386481801802	62.38787068368369
0.0	Psephosaurus	72.404034994995	58.50840468268268
0.0	Pseudhesperosuchus	43.88609743043043	42.37068815015015
0.0	Pseudochampsa	57.195652007007006	56.624351799799804
0.0	Pterodactylus	25.57500232332332	25.306007229229234
0.0	Puercosuchus	39.16727903403404	38.12803128128128
0.0	Pumiliopareia	81.85045375575577	81.73594986586586
0.0	Qianichthyosaurus	64.36876073373374	51.895916827827826
0.0	Qianosuchus	71.67216004104104	69.20478242942943
0.0	Qianxisaurus	63.98381078478479	63.722755992992994
0.0	Quasianosteosaurus	73.7488104004004	73.53763019419418
0.0	Raibliania	57.6885975985986	56.65533325725726
0.0	Rauisuchus	55.9611753993994	55.38978884784785
0.0	Rautiania	87.91552944244243	83.55898012212212
0.0	Redondasuchus	50.40561501501501	35.55617422822823
0.0	Redondavenator	42.03087283083084	41.08502642842843
0.0	Retymaijychampsa	65.36931234834836	64.97153255855855
0.0	Revueltosaurus	57.92834965565565	32.43058841241241
0.0	Rhaeticosaurus	29.540123996996996	29.2028540970971
0.0	Rhipaeosaurus	93.23954361161161	85.88631323123123
0.0	Rhomaleosaurus	30.408249096096096	23.90044006006006
0.0	Rhombopholis	72.0627208988989	64.52765316816817
0.0	Rioarribasuchus	53.629428666666676	32.87412765065065
0.0	Riojasaurus	47.50993192192192	37.896278945945944
0.0	Riojasuchus	42.822148390390396	41.38165126126126
0.0	Romeria	121.21234104504505	120.73466908608609
0.0	Rothianiscus	98.93826417317318	89.50126796496498
0.0	Ruehleia	46.43406111611612	37.42767604504504
0.0	Rugarhynchos	44.3129057037037	43.32877287587588
0.0	Ruhuhuaria	69.46680475675676	68.96011167067066
0.0	Rutiodon	57.53217848248248	32.551771716716715
0.0	Sacisaurus	43.79522125225225	42.34776636736736
0.0	Saltoposuchus	45.4947111931932	36.73741633533533
0.0	Sanchiaosaurus	69.07236556856857	68.7234926036036
0.0	Sanchuansaurus	77.8964164034034	77.76053756756757
0.0	Sanjuansaurus	57.8633170940941	57.283062750750744
0.0	Santaisaurus	76.7597532142142	76.16994571571573
0.0	Sarcosaurus	25.360364101101105	25.08300552052052
0.0	Sarmatosuchus	69.52211524624624	69.25709008608608
0.0	Saturnalia	58.9612354954955	39.854567536536535
0.0	Saurodektes	76.95113449849849	73.81576229129128
0.0	Sauropareion	76.33932693393393	72.51260368868869
0.0	Saurorictus	82.0225771981982	81.91313142842843
0.0	Saurosternon	80.86688277277278	80.75267182282283
0.0	Saurosuchus	58.39674600600601	57.837563787787786
0.0	Scelidosaurus	25.540944646646647	25.261197333333335
0.0	Scharschengia	73.84718818318319	73.65233142242242
0.0	Schleitheimia	45.245019575575576	44.51032125725726
0.0	Schultzsuchus	65.00252447847848	64.58744344744746
0.0	Sclerocormus	73.75502733533536	73.55032672072072
0.0	Sclerosaurus	72.18258650950952	67.96991025825827
0.0	Sclerostropheus	43.00477965565565	42.007798609609615
0.0	Scoloparia	62.57717124724725	26.64084557357357
0.0	Scolotosuchus	74.45930445445447	74.2494368038038
0.0	Scutarx	52.736907242242246	34.05926312412413
0.0	Scutosaurus	90.6968692952953	81.93091338838839
0.0	Scythosuchus	73.89852920220221	73.70456239839841
0.0	Seazzadactylus	44.742718638638635	43.99533285085085
0.0	Serpianosaurus	71.90642979779781	61.80999696896897
0.0	Shansisuchus	71.87119787087087	66.90783311111112
0.0	Shastasaurus	62.659904188188186	32.59363263763763
0.0	Shihtienfenia	79.39919098598598	76.25026092492493
0.0	Shonisaurus	59.32926107307307	26.93011774274274
0.0	Shringasaurus	71.64958883983984	66.84720054254254
0.0	Shuangbaisaurus	25.72595373173173	25.446948960960963
0.0	Shuvosaurus	53.292628835835835	27.111112086086084
0.0	Sigmala	61.5630420920921	52.007232697697695
0.0	Sikannisuchus	48.96096138138139	37.29449744344345
0.0	Silesaurus	54.687214589589594	53.68344722222223
0.0	Sillosuchus	58.5878427027027	58.043327874874876
0.0	Simosaurus	71.15945977477477	27.85655322322322
0.0	Sinocyamodus	56.29300656856857	55.250440028028024
0.0	Sinosaurosphargis	70.94095293293293	69.31147705805806
0.0	Sinosaurus	26.16995894994995	24.637520336336337
0.0	Skybalonyx	42.369040136136135	41.346833683683684
0.0	Smilodonterpeton	29.601174240240237	29.326138136136137
0.0	Smilosuchus	58.48932772572573	32.75007948748748
0.0	Sophineta	74.58032312512512	74.38539037937939
0.0	Soturnia	49.81534135135135	35.420597748748754
0.0	Soumyasaurus	46.55657217817818	45.47399733233234
0.0	Sphenotitan	50.06399743243243	34.793853429429426
0.0	Sphodrosaurus	47.25299853353353	46.16265314814815
0.0	Spinosuchus	59.17970649349349	38.03843834034034
0.0	Spondylolestes	82.71451568368367	78.23432942242243
0.0	Spondylosoma	65.94132714414414	62.9637939019019
0.0	Stagonolepis	60.00204481881882	31.55690178978979
0.0	Stagonosuchus	71.43125425525525	67.12198715315316
0.0	Staurikosaurus	57.75235928928928	57.1669948018018
0.0	Stauromatodon	64.05424233633633	63.78809212212212
0.0	Stegomus	51.29243942942943	33.48750063663663
0.0	Stenaulorhynchus	71.67839773873874	61.94797712112112
0.0	Stenomyti	42.41402323423423	41.45807421021021
0.0	Stenoscelida	40.10564714614615	38.661646132132134
0.0	Stereosternum	116.28358432232231	108.04513894294294
0.0	Styracocephalus	88.73857106206205	85.2685669039039
0.0	Suchonosaurus	85.73621527927928	85.30370288188188
0.0	Sumidadectes	103.98945891391391	103.59138731431432
0.0	Syntarsus	29.602905451451452	29.242448997998
0.0	Syntomiprosopus	41.023457467467466	40.0204414024024
0.0	Tachiraptor	25.692265531531532	25.419526694694692
0.0	Tanaisosaurus	74.6059105905906	74.41523931031031
0.0	Tangasaurus	78.66639552552552	77.11261867767769
0.0	Tanystropheus	72.33041912712713	27.3083055005005
0.0	Tanytrachelos	53.32054528628628	33.105192994994994
0.0	Tarjadia	66.43363887187188	62.5163351971972
0.0	Tasmaniosaurus	76.93443305705706	75.9250582032032
0.0	Tawa	51.628543385385385	35.05506086886887
0.0	Taytalura	56.14620935135135	55.61621615815816
0.0	Technosaurus	43.992621302302304	42.85858950850851
0.0	Tecovasaurus	54.76065890090091	33.47042017017017
0.0	Tecovasuchus	51.141402234234235	34.74770563163163
0.0	Teleocrater	71.2257335145145	67.86503524824825
0.0	Temnodontosaurus	26.945736275275276	24.123492365365365
0.0	Teraterpeton	59.53607406006006	54.52239501301302
0.0	Teratophon	71.58674453753753	67.01403985485486
0.0	Teratosaurus	76.08403240040042	33.35393676076076
0.0	Termatosaurus	33.65828175575576	26.677763511511507
0.0	Terrestrisuchus	61.49285776976978	52.78798637337337
0.0	Teyujagua	74.76926214714715	74.57885336536538
0.0	Teyumbaita	51.34507690090091	35.50598604604605
0.0	Thadeosaurus	80.99007952152152	80.87958443643643
0.0	Thaisaurus	73.88963662762762	73.68423958758758
0.0	Thalassiodracon	32.745948496496496	24.164493553553555
0.0	Thalattoarchon	70.89994992392391	70.50962846546547
0.0	Thalattosaurus	69.3252268198198	65.7680464954955
0.0	Thecodontosaurus	70.96567632032033	24.9167747987988
0.0	Theledectes	68.40847032532534	67.9339588078078
0.0	Thelephon	68.66202222922922	68.15961457557557
0.0	Thelerpeton	71.22250683483485	67.3503202872873
0.0	Tholodus	72.1972301001001	63.991222801801804
0.0	Threordatoth	57.593518791791794	56.52682341841842
0.0	Thuringothyris	115.5531938028028	108.34513359259259
0.0	Tichvinskia	76.09113776776776	71.69095693093092
0.0	Ticinosuchus	70.95042183083082	68.03947368568568
0.0	Tikisuchus	57.89486496796797	57.315939774774776
0.0	Timanophon	75.58229457957958	72.69309956756757
0.0	Toretocnemus	59.09045746646646	54.44289811711711
0.0	Trachelosaurus	71.28395633933934	70.97986662062063
0.0	Tramuntanasaurus	96.60940606406406	96.3209007107107
0.0	Trialestes	60.11137355855856	55.11096024424424
0.0	Tricuspisaurus	30.046727097097094	29.721904414414414
0.0	Trilophosaurus	55.578440318318314	32.702929996997
0.0	Tropidosuchus	67.20721512612613	61.97464027027027
0.0	Tuebingosaurus	42.57796488588588	41.79075775975976
0.0	Turfanosuchus	69.2423105145145	68.97310755555556
0.0	Typothorax	52.717468878878876	26.982667522522522
0.0	Uatchitodon	57.58532846046047	36.52669671371371
0.0	Unaysaurus	48.26156184084084	37.43300603103103
0.0	Unguinychus	44.20208838038038	43.18563071071072
0.0	Uralosaurus	71.7461304914915	67.36170809409408
0.0	Utatsusaurus	76.10343767767768	71.51374686286287
0.0	Vallesaurus	41.39118623623624	38.35279363363363
0.0	Vancleavea	58.18755212912913	26.412937129129133
0.0	Variodens	33.620308460460464	27.07319522822823
0.0	Vellbergia	63.88642687787788	63.58321334534534
0.0	Velocipes	45.54803026026026	44.764267597597595
0.0	Venaticosuchus	56.588094611611616	56.03070806906907
0.0	Venetoraptor	61.00226244744746	36.04551718418419
0.0	Vinitasaura	56.32965294794795	55.47516524824825
0.0	Vivaron	48.34521716116116	37.782046682682676
0.0	Vjushkovisaurus	71.46440396796797	68.15029773773774
0.0	Volcanosuchus	58.7252213923924	58.17785585185185
0.0	Vonhuenia	76.61747906906906	76.43998473373372
0.0	Vritramimosaurus	74.14486691591593	73.93283987187188
0.0	Vytshegdosuchus	74.23967126326326	74.03811817817818
0.0	Wahlisaurus	25.449758385385383	25.16748101101101
0.0	Waluchelys	39.128926378378374	37.68610897897898
0.0	Wangosaurus	63.710758642642645	62.54592943743744
0.0	Wannia	45.17422661461461	36.79667960760761
0.0	Wapitisaurus	73.79468215115116	73.59529353753754
0.0	Weigeltisaurus	86.47427705005005	78.5796118978979
0.0	Whitakersaurus	30.33666285785786	30.05933104504505
0.0	Wimanius	68.73461258258259	68.42378124124124
0.0	Wumengosaurus	71.48694115115114	67.06746634134136
0.0	Xenodiphyodon	59.12719167767767	58.309228946946945
0.0	Xilousuchus	71.2847626916917	71.05893273273273
0.0	Xingxiulong	25.49616546746747	25.193253235235233
0.0	Xinminosaurus	70.42976081781782	70.05719093093091
0.0	Xinpusaurus	65.57058213913915	52.244212166166164
0.0	Yarasuchus	70.72458375275274	67.88701074374374
0.0	Yelaphomte	44.22708482482483	42.71383232832832
0.0	Yimenosaurus	26.454531342342342	24.464135473473473
0.0	Youngetta	74.5035297947948	74.31603257257257
0.0	Youngina	85.67410799099099	76.42644725325326
0.0	Youngosuchus	69.32324600200201	69.04195522822823
0.0	Yunguisaurus	66.3355921971972	62.437510893893894
0.0	Yunnanosaurus	26.267356485485486	24.98549283983984
0.0	Zanclodon	67.54338327027028	27.987520192192193
0.0	Zhongjiania	84.51910761961963	80.13604745845845
0.0	Zupaysaurus	41.42480525925926	39.97654325625626
