clade	species	ts	te
0.0	Abajudon	91.11359258958959	85.43632044244245
0.0	Abdalodon	81.61885461861861	81.42621368768769
0.0	Aelurognathus	85.04707907107108	77.01576075475477
0.0	Aelurosaurus	87.06397984284284	78.89357960960959
0.0	Aelurosuchus	69.22016289289287	68.9853120960961
0.0	Akidnognathus	85.65525656056057	78.64994986486487
0.0	Aleodon	71.08403784384384	62.335162233233234
0.0	Alepognathus	87.73528024124124	87.10461936336337
0.0	Alopecideops	88.22860696696696	87.55769108508508
0.0	Alopecodon	88.3758426996997	85.10936285485487
0.0	Alopecognathus	89.00467998598599	85.17531087087087
0.0	Alopecorhinus	86.95923040240241	86.4287451981982
0.0	Aloposaurus	86.00412516816816	76.7470562082082
0.0	Alrausuchus	98.9210858978979	90.07925158258257
0.0	Andescynodon	70.69313126426427	67.64943088088089
0.0	Angelosaurus	96.01710593493493	91.54686422722722
0.0	Angonisaurus	71.71856221821821	67.07484516016015
0.0	Annatherapsidus	89.6504070990991	82.16777887087086
0.0	Anningia	87.11659999499498	86.52022124524522
0.0	Anomocephalus	90.73348992192192	90.31371618918918
0.0	Antecosuchus	71.37892807907906	68.20213410210211
0.0	Anteosaurus	89.785032998999	84.49842582182184
0.0	Archaeosyodon	90.23631686386385	89.53203122822822
0.0	Arctognathus	85.67750710610609	77.90437584884886
0.0	Arctops	85.95651707607608	78.26893533333333
0.0	Aulacephalodon	85.13022632032033	77.34153580880881
0.0	Aulacocephalus	82.18850516016016	81.97635915015016
0.0	Australobarbarus	88.35416150750753	85.58841417717717
0.0	Australosyodon	91.05540425525524	90.67575025625626
0.0	Avenantia	87.43550423423423	86.83896572572573
0.0	Basilodon	86.11744964664666	76.9409818838839
0.0	Bauria	72.5236098988989	67.14909802802804
0.0	Beishanodon	73.29543853753755	73.20514392892892
0.0	Biarmosuchoides	90.9475907177177	90.17318613813813
0.0	Biarmosuchus	97.23953212012012	88.67842891291292
0.0	Biseridens	98.00516911611612	92.63264864364363
0.0	Blattoidealestes	84.22863270870872	83.83412212212212
0.0	Bolotridon	68.87580013113113	68.63020802602601
0.0	Bonacynodon	66.31498872372372	63.33034331031031
0.0	Brachyprosopus	89.61257639339338	84.47662672672672
0.0	Bulbasaurus	84.27900166666667	79.52358157357358
0.0	Bullacephalus	89.21636940840841	88.71790207907908
0.0	Burnetia	81.53097751751753	81.33004708008008
0.0	Candelariodon	64.88425451751752	64.7310481121121
0.0	Caodeyao	80.2110575905906	80.07412150950951
0.0	Cerdorhinus	81.60096028528528	81.38479042842843
0.0	Cerdosuchus	80.97785590790791	80.76588693293291
0.0	Charassognathus	81.23758075475476	81.00487269569571
0.0	Chiniquodon	68.24212023523523	61.900348133133136
0.0	Choerosaurus	82.60442570970972	82.39994760960961
0.0	Chthomaloporus	90.8361609049049	90.04878456856858
0.0	Chthonosaurus	88.13598797097097	84.1941456106106
0.0	Cistecephaloides	82.00889283183183	81.79751556956957
0.0	Cistecephalus	84.74613353453455	79.08438335435434
0.0	Cistecynodon	69.96943274074074	69.72445091391391
0.0	Clelandina	86.21162216516517	77.92649431831832
0.0	Colobodectes	88.9791665015015	77.1027642992993
0.0	Compsodon	86.34894363363365	76.40248583783784
0.0	Cotylorhynchus	97.52714442142144	90.53049816916916
0.0	Counillonia	74.47580208308308	74.39415683683684
0.0	Cricodon	71.70699044344346	67.0924709039039
0.0	Criocephalosaurus	88.77939933133133	85.65223778478477
0.0	Cromptodon	68.90502193693693	68.66291492892893
0.0	Cryptocynodon	86.77189086886888	79.39545396696697
0.0	Cynariognathus	88.99305568868868	85.32104221821822
0.0	Cyniscops	81.07603168768769	80.8724559049049
0.0	Cynognathus	71.89141743143144	65.51071425425425
0.0	Cynosaurus	86.58325284884884	77.09832791191191
0.0	Cyonosaurus	85.75344162562563	76.92967558158158
0.0	Dalongkoua	78.12760123823824	77.98693065365366
0.0	Daptocephalus	88.58308542842843	76.8525484864865
0.0	Daqingshanodon	80.39910021021021	80.2642005015015
0.0	Davletkulia	95.60417921421421	94.90235353153153
0.0	Delectosaurus	85.29740249149148	82.29897413413413
0.0	Delphinognathus	87.3726641111111	86.7567495985986
0.0	Deuterosaurus	92.08642178378378	85.4242536926927
0.0	Diademodon	71.80613436436435	67.10332103103103
0.0	Dicynodon	90.53623024024024	64.5163941021021
0.0	Dicynodontipus	76.63167768168168	76.43961727827828
0.0	Dicynodontoides	85.8897445085085	73.12184775275276
0.0	Digalodon	86.11172981181181	77.99814232032033
0.0	Diictodon	89.4403878958959	77.2740043903904
0.0	Diictodontoides	81.08699314114115	80.8763406986987
0.0	Dinanomodon	86.69193137737737	72.48977621421423
0.0	Dinodontosaurus	67.0808987917918	61.977847725725724
0.0	Dinogorgon	85.51662545445446	78.18104769169169
0.0	Dinosaurus	91.66148579279279	89.36062116916918
0.0	Dolichuranus	71.62928185585585	67.21322453053052
0.0	Dolomitipes	77.61026085585587	74.60690801501502
0.0	Dvinia	88.24049936136136	84.05105844644645
0.0	Elephantosaurus	65.05978839539539	64.92588582082082
0.0	Elliotsmithia	87.44634348248249	86.86443952252253
0.0	Elph	88.72319965865866	83.7445578888889
0.0	Emydochampsa	81.17564401301303	80.97212223923924
0.0	Emydops	89.35639724224224	78.34445765965965
0.0	Emydorhinus	83.11811357157156	79.16219110710712
0.0	Emydorhynchus	81.89840496296297	81.70535038638639
0.0	Emyduranus	83.5779765995996	80.64028499399397
0.0	Endothiodon	89.40124375775778	77.56773295395395
0.0	Ennatosaurus	100.15408066566567	87.57358788188188
0.0	Eodicynodon	91.81943226026026	89.39385603803802
0.0	Eosimops	88.91285508408407	81.2716286106106
0.0	Ericiolacerta	76.53826032732732	71.25837643443444
0.0	Eriphostoma	89.66771663463462	78.74149746746747
0.0	Estemmenosuchus	94.28552225425426	88.97617287287288
0.0	Etjoia	69.87691213213212	69.63030395795796
0.0	Euchambersia	81.50191796196196	81.30333007807808
0.0	Euptychognathus	81.24482317917918	81.04906825625626
0.0	Exaeretodon	71.08584195395396	62.20129686286287
0.0	Galechirus	87.80747767167166	85.16082895395395
0.0	Galeops	88.8377400780781	81.41844975075075
0.0	Galepus	87.53099728928929	86.9602431931932
0.0	Galesaurus	76.88925641241241	71.96138671771772
0.0	Geikia	87.88386513813813	76.28327433533535
0.0	Glanosuchus	91.17915713713714	84.72565427427426
0.0	Gordonia	79.05416457857858	77.21879197197198
0.0	Gorgonops	88.93864350450451	78.39055978278279
0.0	Gorochovetzia	86.23468431431432	85.85468195995998
0.0	Gorynychus	89.45168402502502	85.10369424624623
0.0	Hazhenia	70.62514550150149	70.41871288888889
0.0	Heleosaurus	87.64712646446446	87.05541304904905
0.0	Herpetoskylax	82.94222898098099	80.69206902002001
0.0	Hipposaurus	88.5411422132132	85.4601719089089
0.0	Hofmeyria	86.62363976076075	79.08478202302302
0.0	Homodontosaurus	85.38996638038037	76.66815882282283
0.0	Hwanghocynodon	81.58416445445447	81.43936493693694
0.0	Hyaenasuchus	86.73201819119119	86.15488560660661
0.0	Ichibengops	81.9642716126126	80.41636781581582
0.0	Icticephalus	81.73394428228228	81.5456516156156
0.0	Ictidochampsa	81.07751631931932	80.87743854954955
0.0	Ictidognathus	85.80024565465465	79.73113501801801
0.0	Ictidorhinus	80.30217008908909	80.101157982983
0.0	Ictidosaurus	90.8193105045045	85.82712127427428
0.0	Ictidosuchops	85.11609487487488	77.10668124624625
0.0	Ictidosuchus	82.40065270570571	82.14811732832831
0.0	Idelesaurus	87.15129846846848	86.66696052252253
0.0	Impidens	69.70343764164163	69.4588296156156
0.0	Inostrancevia	89.70277602402402	80.22504824724726
0.0	Interpresosaurus	83.32741899999999	83.18175035435435
0.0	Isengops	81.04998356456456	80.860392996997
0.0	Jachaleria	66.2725083883884	63.00363296796797
0.0	Jimusaria	84.49191356356357	76.5055365885886
0.0	Jiufengia	80.32872717617617	80.19336013013015
0.0	Jonkeria	89.66284492092092	79.95682024124125
0.0	Julognathus	86.78982025825826	86.33441067267267
0.0	Kamagorgon	99.0533365995996	93.36431634834835
0.0	Kannemeyeria	74.3111997037037	66.07325292392393
0.0	Karenites	87.98210105805806	85.84104365565567
0.0	Katumbia	83.66320966566565	79.73589238138138
0.0	Kawingasaurus	84.39941875575576	79.46144236636637
0.0	Kembawacela	84.0940412022022	79.02706810810811
0.0	Keratocephalus	89.09788475775777	84.63047254954955
0.0	Keyseria	81.15409187587588	80.93778848248249
0.0	Kitchinganomodon	86.24802303003003	77.90210742942942
0.0	Kombuisia	76.92914278778778	67.17366970570572
0.0	Kotelcephalon	86.07275859559559	85.59764367667667
0.0	Kunpania	80.27668968068069	80.1312963953954
0.0	Kwazulusaurus	80.74132815915915	80.5548180820821
0.0	Lalieudorhynchus	88.69455698198198	88.38772223423423
0.0	Langbergia	74.75032526426426	71.69562406206207
0.0	Lanthanostegus	88.46479754454454	86.37900510410411
0.0	Lemurosaurus	83.60235447547548	80.2370011151151
0.0	Lende	81.71280554654655	81.50539969569571
0.0	Leogorgon	88.33714736236237	83.5157242062062
0.0	Leontosaurus	83.96378979679679	78.32752834034034
0.0	Leucocephalus	82.60718813813814	82.39934324424424
0.0	Lobalopex	81.18833181481482	80.98182174774774
0.0	Lophorhinus	81.82165137637638	81.61585731831832
0.0	Luangwa	72.0978806006006	62.742493634634634
0.0	Lumkuia	69.23625201401401	68.99908824424425
0.0	Lycaenodon	85.10024997397397	79.45002682282284
0.0	Lycaenops	85.44930968768769	77.59120787987989
0.0	Lycedops	86.72592114214214	86.13210896396397
0.0	Lycideops	79.68975928828829	79.48629637237237
0.0	Lycosaurus	88.55639843843844	81.26458915815816
0.0	Lycosuchus	87.38787274274274	86.75559133033033
0.0	Lystrosaurus	87.03294541841842	71.66849627827828
0.0	Malasaurus	83.47465157057057	83.33460147447447
0.0	Mandagomphodon	70.00541013013012	67.80159656556557
0.0	Massetognathus	67.15641075375376	61.96152454754754
0.0	Megawhaitsia	85.39981487687687	81.6203524014014
0.0	Mesenosaurus	99.70356444344344	89.24200034834836
0.0	Microgomphodon	74.49133019819818	66.15416645945945
0.0	Microhelodon	69.6183493053053	69.38056528628628
0.0	Microsyodon	99.85436889589589	92.80358736236235
0.0	Microurania	90.52688184884884	82.15991547047048
0.0	Microvaranops	89.29310480580581	84.77438715815816
0.0	Microwhaitsia	83.51226787787787	81.19991020020021
0.0	Mirotenthes	83.13372483883883	80.60744994494493
0.0	Molybdopygus	91.14170483383384	90.3775077977978
0.0	Mormosaurus	87.59547278078078	87.00905153553552
0.0	Moschops	89.60602182082081	81.46995455155155
0.0	Moschorhinus	85.41168159859859	72.0027568038038
0.0	Moschowhaitsia	85.38549020820821	82.1851613923924
0.0	Muchia	87.49903533733733	87.02626091591593
0.0	Mupashi	82.3483727117117	82.15255755655654
0.0	Myosauroides	82.16009087887888	81.95951923823824
0.0	Myosaurus	76.83989831131132	71.57946727027026
0.0	Nanictidops	82.34866094094095	82.13516790190191
0.0	Nanictocephalus	81.27952604104105	81.0397372122122
0.0	Nanictosaurus	86.10286766366367	77.0176807097097
0.0	Nanocynodon	85.37328462862862	85.08235689889888
0.0	Nanogomphodon	63.63838499099099	63.50742265565566
0.0	Niaftasuchus	97.55087849449448	90.39757362162162
0.0	Niassodon	82.24965083683684	82.06304059259259
0.0	Nikkasaurus	96.79672332432432	91.99631481581582
0.0	Niuksenitia	86.46974355955956	85.97922492292292
0.0	Nochnitsa	87.61119402902904	87.14210068968967
0.0	Notaelurodon	81.05596890890892	80.8525905895896
0.0	Nothogomphodon	71.51090403303304	67.33135060460461
0.0	Notictoides	74.36222728628628	74.27126273773773
0.0	Notosyodon	88.77952756756756	88.2139896056056
0.0	Nshimbodon	82.26013294594594	82.04875149949952
0.0	Nythosaurus	69.1056037007007	68.86183212412413
0.0	Odontocyclops	85.4597770920921	78.90020085385386
0.0	Olivierosuchus	76.81982794394395	71.74745224724724
0.0	Ophidostoma	82.25253787687689	82.02812336736736
0.0	Ordosiodon	70.86675643443442	68.56678849349348
0.0	Otsheria	90.81437965165166	90.10830274974974
0.0	Oudenodon	88.11669486886886	76.96838747047049
0.0	Pachydectes	87.09191747747748	86.50516175975976
0.0	Palemydops	85.76489985385386	79.18040700400401
0.0	Pampaphoneus	90.82280152252251	86.79189965865866
0.0	Panchetocynodon	75.58760604404404	75.38039216216215
0.0	Parabradysaurus	100.60220026926928	92.50225495695696
0.0	Paraburnetia	82.60592068268268	82.4012544104104
0.0	Paragalerhinus	81.34189621721723	81.13757950450452
0.0	Parakannemeyeria	71.98872387187188	64.56247152652652
0.0	Parasuminia	87.24613112512512	86.75959654254254
0.0	Paratraversodon	64.63682339639641	64.48264216016015
0.0	Pardosuchus	87.37632805405406	86.79731893193194
0.0	Patranomodon	91.10488818318318	89.8886358898899
0.0	Pelanomodon	85.40663657057057	77.1448817887888
0.0	Pelictosuchus	83.66021445245245	79.1330058978979
0.0	Peramodon	87.71666508408407	84.44265281381381
0.0	Perplexisaurus	90.3660705805806	84.77059370470471
0.0	Phocosaurus	88.63136511811813	85.13113151851853
0.0	Phreatophasma	97.98710597697698	97.1588538138138
0.0	Phthinosaurus	96.74034072472472	89.02538486986987
0.0	Planitorostris	64.35194046846847	64.21027297597598
0.0	Platycraniellus	75.35680184584585	71.99727033433435
0.0	Platycyclops	82.44475536636637	82.24122665165164
0.0	Platypodosaurus	85.38654126426425	79.1613765875876
0.0	Polycynodon	81.57939558758758	81.39025793593594
0.0	Porosteognathus	90.23551585985986	84.94843657957958
0.0	Pravoslavlevia	85.4263494034034	85.12253387687687
0.0	Pristerodon	89.22733161461461	78.38904562562564
0.0	Pristerognathoides	89.46557612512512	83.20786548748748
0.0	Pristerognathus	89.29333990690691	84.87743237437437
0.0	Pristerosaurus	86.46343596296296	85.86910281581581
0.0	Probainognathus	66.10161595095096	62.87326804504504
0.0	Proburnetia	87.94662791291292	87.46819774474474
0.0	Procynosuchus	87.3481063953954	73.99897670170171
0.0	Prodicynodon	86.17899148848849	80.25164054354354
0.0	Progalesaurus	76.60822628128128	76.39950076376377
0.0	Promoschorhynchus	85.73172175775775	77.69899998398398
0.0	Protheriodon	64.20868376076076	64.0580144954955
0.0	Protuberum	66.9586465195195	62.30236623923924
0.0	Ptomalestes	88.5061730910911	85.89096423623623
0.0	Purlovia	85.5853608008008	82.12212115515516
0.0	Putillosaurus	73.07642236436438	72.98391083383385
0.0	Pyozia	93.51061716916917	92.76485727427428
0.0	Rabidosaurus	70.64569390690691	67.27418124924925
0.0	Raranimus	94.66407014714714	93.94730179479478
0.0	Rastodon	88.10800817717718	87.59345890590589
0.0	Rechnisaurus	71.45049674074073	67.30823648248249
0.0	Regisaurus	75.83655247147148	73.14389681681682
0.0	Reiszia	97.54627270170171	92.25335525125125
0.0	Repelinosaurus	74.02474817117117	73.94200568268268
0.0	Rhachiocephalus	85.14766804904906	78.76203269169169
0.0	Rhadiodromus	71.59840584484485	67.24610892792793
0.0	Rhinodicynodon	69.10541191291293	68.81176801601602
0.0	Rhopalodon	91.91350316616615	89.09605506206206
0.0	Riebeeckosaurus	87.47871664264264	86.86242273073073
0.0	Riojanodon	64.25626356056057	64.0739311131131
0.0	Robertia	89.5399724824825	82.55535284684684
0.0	Rubidgea	85.56103652752752	76.96316708608609
0.0	Ruhuhucerberus	83.49685076676676	79.823855001001
0.0	Sangusaurus	71.96756996896896	63.527104530530536
0.0	Sauroctonus	89.71163276476477	80.27821556856858
0.0	Sauroscaptor	83.64502381581582	79.63154859159158
0.0	Scalenodon	71.89979068968968	63.588508327327325
0.0	Scalopocephalus	81.1229368158158	80.9266114934935
0.0	Scalopodontes	87.65436636436436	87.19029152452453
0.0	Scalopognathus	76.54706446146145	76.46416757957958
0.0	Scaloporhinus	80.65424015615616	80.45926345245246
0.0	Scaloposaurus	84.7955967837838	71.4410762152152
0.0	Scaloposuchus	82.61386298898898	82.40148852752753
0.0	Scylacoides	83.04358074274273	82.7283704974975
0.0	Scylacops	85.68167234934934	78.21295576476477
0.0	Scylacosaurus	88.87465230930931	80.81890232032032
0.0	Scylacosuchus	87.22079465865866	86.74519387087086
0.0	Scymnosaurus	89.27623469069069	84.75573872572572
0.0	Sesamondontoides	69.58012452952954	69.34180084984986
0.0	Shaanbeikannemeyeria	70.85586819819821	68.97030490890891
0.0	Shansiodon	71.88246605305305	66.99365063863864
0.0	Shiguaignathus	81.23706417717719	81.09600445445446
0.0	Silphedosuchus	73.08588894094095	72.99168879479478
0.0	Silphoictidoides	82.8626692932933	80.29941080980981
0.0	Sinognathus	70.43613988388388	70.1192191141141
0.0	Sinokannemeyeria	71.36355592992992	65.3006977977978
0.0	Sinophoneus	97.74650032432433	92.16034277377376
0.0	Sintocephalus	81.99353251151152	81.78931492992992
0.0	Sludica	88.62819810510511	84.94413491991992
0.0	Smilesaurus	85.53211460860861	78.85561542142142
0.0	Stahleckeria	70.77158196496497	61.918773086086084
0.0	Struthiocephaloides	88.2061402002002	85.34820135635634
0.0	Struthiocephalus	89.34076513113112	84.6440805995996
0.0	Styracocephalus	87.43619334434435	85.30898766366366
0.0	Suchogorgon	89.37072192792792	85.14938941641643
0.0	Suminia	89.40118975175176	84.61641352152152
0.0	Sungeodon	73.0234748098098	72.92524238038038
0.0	Sycosaurus	86.04563107307308	77.55563585985986
0.0	Syodon	101.61171586486486	85.12776907207208
0.0	Syops	84.93654558658659	79.72076556956958
0.0	Sysphinctostoma	70.33419393093094	68.19694696696698
0.0	Tamboeria	87.74261185885885	87.11390762962964
0.0	Taoheodon	80.37939975175175	80.23643072672672
0.0	Tapinocaninus	91.09507378778778	90.7196170920921
0.0	Tapinocephalus	88.67745480080079	86.0743728028028
0.0	Taurocephalus	87.32495555955957	86.76806778078077
0.0	Tetracynodon	86.75675594094093	71.43174249149149
0.0	Tetragonias	71.08041098298298	68.12995534734735
0.0	Theriognathus	85.00558985185184	69.19997418718718
0.0	Therioides	87.50814741741743	86.88784309509509
0.0	Thliptosaurus	80.76051036036037	80.5490202072072
0.0	Thrinaxodon	76.88353886786787	71.73248290390391
0.0	Tigrisuchus	83.17803582182182	80.57483188488489
0.0	Titanogomphodon	66.45795456556557	66.26570008008007
0.0	Titanophoneus	92.3844346976977	85.37694657757757
0.0	Titanosuchus	89.27753756656656	84.86089409809809
0.0	Traversodon	66.3188993023023	62.96995691291291
0.0	Traversodontoides	69.77291474874875	69.48425049049048
0.0	Trirachodon	71.99009106906907	64.71764698498498
0.0	Trochorhinus	86.68058790590592	86.1001752002002
0.0	Trochosaurus	88.35225466366367	85.07585197397398
0.0	Trochosuchus	87.70671364964966	87.07961028228227
0.0	Tropidostoma	88.60754816616615	79.04723132032032
0.0	Turfanodon	84.91895776076076	76.43364403003002
0.0	Ufudocyclops	71.42009663963965	63.92106633633634
0.0	Ulemica	92.20936830630632	86.31226971371372
0.0	Ulemosaurus	90.94703945745746	84.98748883983986
0.0	Uralocynodon	86.00245530930931	85.60380988888889
0.0	Uralokannemeyeria	70.5529652862863	68.80376727227227
0.0	Urumchia	76.5987556036036	76.51203326426428
0.0	Ustia	86.99976465765766	86.51685341841842
0.0	Varanodon	94.5469987127127	93.94119660560561
0.0	Venyukovia	90.76074394994995	89.99849497597599
0.0	Vetusodon	80.35968527627628	80.14164046146146
0.0	Viatkogorgon	88.10257145945947	85.415027988989
0.0	Viatkosuchus	88.2283071131131	85.31489633933934
0.0	Vinceria	70.06558396496497	67.42882162762761
0.0	Vivaxosaurus	90.15024808308307	80.84266593393394
0.0	Wadiasaurus	69.18091225525527	68.94024176476476
0.0	Walteria	87.0767677987988	86.50253473573574
0.0	Watongia	93.84561540440441	93.22239310010009
0.0	Xiyukannemeyeria	71.75516789489488	62.14790006106106
0.0	Yikezhaogia	70.553363	70.241696009009
0.0	Zambiasaurus	69.08586325325325	68.85922245745745
