clade	species	ts	te
0.0	Abyssomedon	288.3537385216847	288.07282521130645
0.0	Acadiella	231.5469153657115	229.7773830146878
0.0	Acaenasuchus	225.50067284693841	208.47780204454497
0.0	Acallosuchus	209.63846104479973	208.50135519513947
0.0	Acerosodontosaurus	254.61051205450426	254.49243419645381
0.0	Acleistorhinus	278.35400443637656	277.2720609076123
0.0	Acrodenta	254.66441483146264	254.54599045412476
0.0	Actiosaurus	204.14131730364318	203.12511420737601
0.0	Adamanasuchus	213.91544494947343	212.66089589349667
0.0	Adelosaurus	255.56172337271383	255.44450293353313
0.0	Aenigmasaurus	247.7208342945568	246.9052221570517
0.0	Aenigmaspina	235.4792995040614	233.95231002095994
0.0	Aenigmastropheus	254.2956727306612	254.17872152278147
0.0	Aetosauroides	233.7452289004945	212.88535722913397
0.0	Aetosaurus	226.2561519016469	208.16716370244612
0.0	Agkistrognathus	249.46404712848584	248.72949825860363
0.0	Agnosphitys	236.13917394249802	234.706479870876
0.0	Alexeyisaurus	210.71565547538125	209.54605288220682
0.0	Alwalkeria	235.4160939765292	233.8151307920143
0.0	Amanasaurus	236.41210647795353	211.56699677837864
0.0	Ammorhynchus	246.87135174073921	245.08328964384674
0.0	Ammosaurus	202.14312984525657	199.29051376647996
0.0	Amotosaurus	247.3992388985095	244.80967649609858
0.0	Anarosaurus	246.70797611670056	243.2526565887015
0.0	Anchisauripus_Temperate_N	222.7755880284613	197.23712789879943
0.0	Anchisauripus_Tropical_N	227.09437179709656	197.69086258615982
0.0	Ancistronychus	226.8307787153652	225.28607551299615
0.0	Angistorhinus	237.79083774757922	213.584689594561
0.0	Anisodontosaurus	248.18041829084424	239.69181784205963
0.0	Anomoepus_Temperate_N	201.49592499709576	199.1395106893451
0.0	Anomoepus_Tropical_N	223.39179809638986	198.9121479901905
0.0	Anomoiodon	247.45264511279916	245.79480251401665
0.0	Anshunsaurus	238.72593175306537	229.77699141373233
0.0	Anthodon	256.99913269033976	253.00657775067742
0.0	Anticheiropus	200.1656359652206	199.14245739522397
0.0	Apachesuchus	227.32377250825525	225.81017748262406
0.0	Apatopus_Temperate_N	229.02986473587444	227.550019568654
0.0	Apatopus_Tropical_N	225.98507456005015	200.9305279377063
0.0	Apatopus_Tropical_S	232.30566071209228	230.60369632297255
0.0	Apatosuchus	215.1717248138266	213.9609507641297
0.0	Aphelosaurus	299.1811571278403	297.6341590075783
0.0	Araeoscelis	291.7272245848276	272.0150272282136
0.0	Archeopelta	237.70910036867343	236.18357273781658
0.0	Archosaurus	259.60746397591805	256.18103162596776
0.0	Arcticodactylus	222.38661416218272	221.23198545828873
0.0	Arganaceras	255.00610082127093	254.88766835062998
0.0	Arganasuchus	234.90870397735208	227.6776977617872
0.0	Argoides	201.53290065345308	199.6964120580921
0.0	Arizonasaurus	247.64403981262902	244.36674274179725
0.0	Asilisaurus	247.2221915558591	241.90952090715857
0.0	Askeptosaurus	243.65937741528796	236.22079386014977
0.0	Asperoris	245.19171131377078	244.3597701009143
0.0	Asylosaurus	207.61319892572214	202.26050108329866
0.0	Atopodentatus	245.55933852481263	243.32101585636312
0.0	Atreipus_Temperate_N	230.30618858234666	228.6631718185986
0.0	Atreipus_Tropical_N	233.43639698097127	221.15460651326194
0.0	Augustaburiania	251.39727225704766	245.87962712032754
0.0	Augustasaurus	242.59488583940222	241.84173943375515
0.0	Australothyris	261.74371432101185	261.4822952413507
0.0	Austriadactylus	217.46812577678918	211.04144011017968
0.0	Austriadraco	213.37522214930988	212.1987442196815
0.0	Avalonnectes	200.19574611291296	199.19018453534937
0.0	Avicranium	203.1456334478534	202.15535431631207
0.0	Azendohsaurus	233.85117376778456	232.13487971906775
0.0	Baeotherates	286.4235242712987	286.14657835294656
0.0	Baisesaurus	248.75032824380267	247.97766151358948
0.0	Barasaurus	260.29418829550525	247.5664799151637
0.0	Barberenasuchus	240.09734501926775	239.38166849119946
0.0	Barracudasauroides	246.76505380285693	241.85451080108209
0.0	Barracudasaurus	247.55580945022882	241.51713189712515
0.0	Barrancapus	223.8864545191701	222.70579509221014
0.0	Bashkyroleter	273.52504499243435	263.90269947584943
0.0	Batrachopus_Temperate_N	246.73653616354864	199.0999750967859
0.0	Batrachopus_Tropical_N	213.59273987824983	199.18486799199772
0.0	Batrachotomus	239.96900529105986	235.21389283002898
0.0	Belebey	271.29056184054554	263.8515145710505
0.0	Benggwigwishingasuchus	243.9769854409656	243.18923138944345
0.0	Bentonyx	247.49498882064876	246.68897488045718
0.0	Bergamodactylus	215.15478530631015	213.97810065008272
0.0	Besanosaurus	244.2357936294136	243.42833545890096
0.0	Blezingeria	238.53862111932636	237.5653168796472
0.0	Blomosaurus	251.90036654965368	251.48497296292865
0.0	Bobosaurus	234.4406013142987	232.8445626715947
0.0	Bolosaurus	294.4228048593392	279.45377085682384
0.0	Boreopricea	251.1545721714598	247.61493414845637
0.0	Brachychirotherium_Temperate_N	235.8051859951322	234.31208664599265
0.0	Brachychirotherium_Tropical_N	231.0526886292055	203.53839384655032
0.0	Brachychirotherium_Tropical_S	236.782125670849	233.4767009202017
0.0	Bradysaurus	265.01165056404614	256.4557906679317
0.0	Brasinorhynchus	241.13388302478214	236.73839081696087
0.0	Brazilosaurus	291.907399775127	283.00119830621094
0.0	Bromsgroveia	247.70411080665764	242.1877190547826
0.0	Broomia	264.5919892244381	259.36596733259023
0.0	Bunostegos	252.02035781078862	251.66956578103478
0.0	Buriolestes	236.39901625418048	208.92631789672004
0.0	Bystrowisuchus	250.87574816561306	250.18527991181853
0.0	Callawayia	215.72374625708588	213.1604624680636
0.0	Calyptosuchus	233.06041804072618	208.73153841883834
0.0	Camelotia	209.4921099302167	201.37136176066605
0.0	Camposaurus	221.62076426701185	220.40053176844117
0.0	Candelaria	241.7960465917006	239.61680008786072
0.0	Captorhinikos	283.3871885878657	273.38282515755185
0.0	Captorhinoides	280.64616411952386	271.93093128989045
0.0	Captorhinus_Temperate_S	254.40155273491558	254.28110560156077
0.0	Captorhinus_Tropical_N	286.12713927415575	272.8530518711778
0.0	Captorhinus_Tropical_S	290.50064266266315	277.23971752684196
0.0	Cargninia	214.4420444699091	213.25898786548447
0.0	Carnufex	228.82309412638187	227.29685539641042
0.0	Cartorhynchus	247.6729669245285	246.8529120696043
0.0	Caseosaurus	210.6216300003736	209.46543846032085
0.0	Caviramus	211.5051433355193	210.35792730527032
0.0	Ceresiosaurus	242.48141599202373	236.41853336863886
0.0	Chalishevia	243.08044221194083	236.0707464552868
0.0	Chanaresuchus	242.0774295148622	235.11936802801253
0.0	Chaohusaurus	250.3899610703676	236.2229898206244
0.0	Chasmatosuchus	251.6701373456673	247.01056597103835
0.0	Chelyoposuchus	203.14895167488174	202.17489517391766
0.0	Chinchenia	237.3903559988407	235.91897701325192
0.0	Chindesaurus	228.85398710450053	215.94712290366977
0.0	Chinshakiangosaurus	200.56616603122797	199.5753255847443
0.0	Chirotherium_Temperate_N	237.13835811201804	200.20552213784958
0.0	Chirotherium_Temperate_S	241.61753288068508	234.7354586033411
0.0	Chirotherium_Tropical_N	252.27642267957904	219.78079590525064
0.0	Chromogisaurus	234.17006079258502	232.41807239268917
0.0	Clarazia	243.52676103871394	242.72036506950013
0.0	Claudiosaurus	259.521313061406	249.5806994427272
0.0	Clevosaurus_Temperate_N	236.99018874852774	198.9987472637239
0.0	Clevosaurus_Temperate_S	235.4288163028694	208.68635567059894
0.0	Coahomasuchus	236.04253981846938	218.1277240308922
0.0	Coartaredens	247.69630176839686	245.17332607528328
0.0	Coburgosuchus	227.91447559274383	226.3042099383268
0.0	Coelodontognathus	247.9037457891726	246.68203815026652
0.0	Coelophysis_Tropical_N	227.83713738850452	199.8971718403321
0.0	Coelophysis_Tropical_S	209.46021911629222	208.34811556846074
0.0	Coelurosauravus_Temperate_N	257.9392403722948	257.8225301897647
0.0	Coelurosauravus_Temperate_S	259.35929647658133	249.5064506785594
0.0	Coelurosaurichnus_Temperate_N	246.0369511049302	199.51890578915223
0.0	Coelurosaurichnus_Tropical_N	244.55773791408885	221.74199031405033
0.0	Coelurosaurichnus_Tropical_S	235.84382316044537	233.06829171464062
0.0	Coletta	249.37729313483348	248.61909711002812
0.0	Collilongus	248.05647470314557	247.27279992437013
0.0	Colobomycter	290.6697600239942	281.4735951605424
0.0	Colobops	215.1038263599987	213.89644475606124
0.0	Coloradisaurus	227.84796830028873	207.82978669031237
0.0	Coloradisuchus	218.50691152942156	217.2839161642604
0.0	Concavispina	233.6204574801663	231.94197173400855
0.0	Contectopalatus	240.63262854268	239.93721140284245
0.0	Corosaurus	248.78908807830504	247.42139488043424
0.0	Cosesaurus	238.90527329779147	237.98369740048648
0.0	Crosbysaurus	228.27116287407017	209.64773222117418
0.0	Ctenosauriscus	248.68385696181116	247.9221501592366
0.0	Cyamodus	247.60849670018504	226.07292226960303
0.0	Cymatosaurus	246.7836144208184	242.53429957420917
0.0	Cymbospondylus_Temperate_N	245.0480843069772	235.42282993427156
0.0	Cymbospondylus_Tropical_N	248.85403370683227	241.6831334576137
0.0	Czatkowiella	248.12152111046214	247.34700250812912
0.0	Dactylosaurus	246.92084251314017	242.35355428695138
0.0	Daemonosaurus	206.67013464260197	205.65700522045196
0.0	Dagasuchus	234.1698006628686	232.48557645072444
0.0	Dawazisaurus	245.59861075931946	244.77290679932813
0.0	Decuriasuchus	246.5421023755602	235.82630982042028
0.0	Delatorrichnus	200.1691686879133	199.16014751041786
0.0	Delorhynchus	291.1783243556324	282.76115665722654
0.0	Deltadectes	224.7277890346325	202.84940510822585
0.0	Deltavjatia	264.9478170434589	259.42348076375646
0.0	Desmatosuchus	232.51179974956878	210.50638293712427
0.0	Diandongosaurus	244.5030340405998	243.68813960188615
0.0	Diandongosuchus	240.0302484360888	239.3374378383986
0.0	Dianmeisaurus	244.6635778758915	242.84423944275554
0.0	Dianopachysaurus	245.0302039798255	244.18797827445988
0.0	Dimetropus	291.343927475968	283.94727345389623
0.0	Dimorphodon	200.0615033916064	199.04228232555394
0.0	Dinocephalosaurus	245.15231960920292	243.5633131477709
0.0	Diphydontosaurus_Temperate_N	235.9642290475692	201.09662594885768
0.0	Diphydontosaurus_Tropical_N	216.6188645259998	215.458534645284
0.0	Diphydontosaurus_Tropical_S	215.19168562864544	213.98930246351344
0.0	Dolabrosaurus	218.57048588930348	217.36386986815188
0.0	Dolerosaurus	230.05472507460317	228.49132708547288
0.0	Dolichobrachium	235.67935133166537	234.14046821169387
0.0	Doliovertebra	244.121573014402	243.32446352892023
0.0	Dongusuchus	244.22740717451566	242.28093375065023
0.0	Dorosuchus	247.4820823372103	243.2405093558415
0.0	Doswellia	237.735329632648	212.16717745607082
0.0	Dracoraptor	201.1192358521502	200.09302230022092
0.0	Drepanosaurus_Temperate_N	216.72320715649067	215.5252339117127
0.0	Drepanosaurus_Tropical_N	223.1046939689941	202.8638858287927
0.0	Dromomeron_Temperate_S	218.61708435127767	217.38372653921505
0.0	Dromomeron_Tropical_N	226.06955114132515	204.68261135032407
0.0	Dromomeron_Tropical_S	227.5251931881311	206.63690920360986
0.0	Dyoplax	227.9798956054473	226.5568835398185
0.0	Ebrachosuchus	229.05262271262816	227.5240976370217
0.0	Effigia	207.85563284347427	203.80729050344434
0.0	Efraasia	217.8082139086308	208.9890105010526
0.0	Eifelosaurus	246.1886513384347	245.3736373571874
0.0	Elachistosuchus	206.93332349363527	205.87407925671593
0.0	Elessaurus	250.63057635398457	249.93023751858925
0.0	Elginia	256.73898038933095	249.88809336023502
0.0	Embrithosaurus	265.7279507106983	259.37501520811537
0.0	Emeroleter	263.6875031934042	260.20531451599595
0.0	Endennasaurus	217.09225533169257	215.83450199856563
0.0	Energosuchus	241.79216251794406	235.21742171569207
0.0	Eodromaeus	231.40757868895156	229.65114561135033
0.0	Eohupehsuchus	247.64590668693526	246.83375216153937
0.0	Eohyosaurus	247.88368976977364	240.75720528449153
0.0	Eomurruna	251.96135569907517	250.95432225075808
0.0	Eoplesiosaurus	200.7799779664844	199.77732542350543
0.0	Eoraptor	234.35438639306315	231.7948049059045
0.0	Eorasaurus	262.24868335854774	261.99668992068325
0.0	Eorhynchochelys	231.94175860530973	230.2472397404931
0.0	Eosauropus_Temperate_N	223.74561976983657	215.82213182918548
0.0	Eosauropus_Tropical_N	219.55936100630032	213.2516793566639
0.0	Eretmorhipis	242.14655355527472	241.39286213559
0.0	Erpetosuchus	211.97006017326925	210.75959825411374
0.0	Erythrosuchus	246.8067903995502	241.8962996340582
0.0	Erythrovenator	236.106739559829	234.6620375005639
0.0	Eshanosaurus	200.93462411426262	199.94538009251218
0.0	Eubrontes_Temperate_N	224.5275932091052	199.14757369709517
0.0	Eubrontes_Tropical_N	225.9695313220905	199.2748188836786
0.0	Eucoelophysis	213.4903710933747	200.28277617352836
0.0	Eudibamus	289.46676994018725	289.1001957338637
0.0	Eudimorphodon	217.49776337811718	200.9226911155417
0.0	Eumetabolodon	250.39120588980128	240.5521071286116
0.0	Eunotosaurus	263.2611071098209	259.53278905180883
0.0	Euparkeria	246.97042026682914	241.86061237589075
0.0	Eurhinosaurus	201.0817048961515	200.0645960487985
0.0	Eurycleidus	201.0906377517727	200.1117040380254
0.0	Eusaurosphargis	246.60252682046612	240.5555553908193
0.0	Euscolosuchus	236.41503442194272	234.9718054418953
0.0	Evazoum	232.17113798514296	200.19097699291757
0.0	Fasolasuchus	212.20931818045366	210.97262949091373
0.0	Faxinalipterus	212.38356888802917	208.1116906780383
0.0	Feeserpeton	285.7614382817832	285.4857465614214
0.0	Feralisaurus	243.57392875274817	242.77441604639816
0.0	Fodonyx	247.37820882578603	241.92312467181588
0.0	Fraserosphenodon_Temperate_N	231.02041249430238	229.31755690631167
0.0	Fraserosphenodon_Tropical_S	209.41724443642997	208.31109365796488
0.0	Fraxinisaura	237.83440818841456	236.4554556379094
0.0	Fugusuchus	248.0003744389327	247.2259648958577
0.0	Fuyuansaurus	238.34258608353736	237.34288000597246
0.0	Galesphyrus	259.7654515005517	258.08258338715956
0.0	Gamatavus	239.41092557701236	237.07249147988392
0.0	Gansurhinus	271.0500436342573	253.2169420533198
0.0	Garjainia_Temperate_N	249.5920841488942	247.1785752324916
0.0	Garjainia_Temperate_S	250.93964928794674	246.79579080697403
0.0	Garzapelta	210.39906130660043	209.16829251235842
0.0	Gecatogomphius	277.392802956742	268.6244272761193
0.0	Gephyrosaurus	207.2463272006205	200.63751116452374
0.0	Glaurung	255.8791428791693	255.76077773827328
0.0	Glyphoderma	240.00070265924205	239.30016994813965
0.0	Gnathovorax	233.46929211994595	222.7992140327412
0.0	Gojirasaurus	220.15283088911852	218.97888510529646
0.0	Gomphiosauridion	229.92550084708125	228.34939722190623
0.0	Gorgetosuchus	235.89543726058673	234.4179034681397
0.0	Gracilisuchus	243.73398793769434	235.24641588321356
0.0	Grallator_Temperate_N	229.70387350425258	198.5187258216377
0.0	Grallator_Temperate_S	236.92995060701315	223.01797772758036
0.0	Grallator_Tropical_N	233.95550282782077	199.36091044042988
0.0	Graoullyodon	206.14165867934634	205.0952278702718
0.0	Gregaripus	227.616366252907	212.8528044900646
0.0	Gresslyosaurus	224.6138280071454	208.4037377910603
0.0	Grippia	250.03132031986178	246.50131443997265
0.0	Guaibasaurus	228.83333220708124	207.12727142965986
0.0	Gualosuchus	242.29831162115718	237.13155542093853
0.0	Guanlingsaurus	234.32393171056103	230.14936273389387
0.0	Guchengosuchus	246.07415008283198	245.24406352016035
0.0	Guizhouichthyosaurus	239.95814430316284	227.4604880416797
0.0	Gulosaurus	251.11229673569977	248.5347221915061
0.0	Gunakadeit	225.7240034620595	224.39859061553489
0.0	Gwyneddichnium	226.9163074042988	202.7477514933861
0.0	Gyposaurus	202.14105411703255	199.34246387204837
0.0	Halazhaisuchus	245.75072877373998	244.94577083458654
0.0	Haligonia_Temperate_N	209.19121814278677	205.0317683191302
0.0	Haligonia_Tropical_N	232.1211282193016	230.39030781222854
0.0	Hanosaurus	251.31805144369605	250.69246119238554
0.0	Helcura	201.77636186223185	200.0041317292136
0.0	Helveticosaurus	241.55546384993582	240.83548138467995
0.0	Hemilopas	248.47350941633948	241.43070575592122
0.0	Hemiprotosuchus	224.73443457531795	208.26920919769435
0.0	Heptasuchus	228.51258774971038	227.09528629828228
0.0	Herrerasaurus	235.88350212068292	227.43730104688217
0.0	Hescheleria	242.43113003316924	241.68063138231616
0.0	Hesperosuchus	221.53689534505682	201.65033740195003
0.0	Heterodontichnites	231.20731881657045	216.44501842471487
0.0	Heteropelta	243.87559596821777	243.07347511357008
0.0	Himalayasaurus	215.3851247415206	214.11156218817456
0.0	Hispaniasaurus	241.05853012519998	240.32352508330024
0.0	Honghesaurus	244.618933659757	243.80700149499683
0.0	Horaffia	240.20256280247244	235.38466532976616
0.0	Hovasaurus	259.5139132882264	249.4808694565508
0.0	Howesia	248.5860189597422	240.52455530610285
0.0	Hudsonelpidia	227.77961365000198	226.2146169129441
0.0	Hupehsuchus	251.7827095216431	234.46506075205824
0.0	Hwiccewyrm	237.07739971284997	227.30563427018205
0.0	Hyloidichnus	260.3672342338958	249.99587225507656
0.0	Hyperodapedon_Temperate_S	235.919903148042	208.27738050652
0.0	Hyperodapedon_Tropical_N	236.89250353928742	232.63221483619253
0.0	Hypselorhachis	244.86565714489956	244.0243929259765
0.0	Hypsognathus_Temperate_N	206.2343217382089	205.2114514306672
0.0	Hypsognathus_Tropical_N	236.8755221621184	203.34271487074832
0.0	Hypuronector	214.78879927363423	209.62764136347846
0.0	Icarosaurus	226.31971220828882	224.9390725813827
0.0	Ichthyosaurus_Temperate_N	207.5493866272369	199.19396528370007
0.0	Ichthyosaurus_Tropical_N	225.28144539589277	215.14932185712954
0.0	Ichthyotitan	205.08892202339206	204.08483491114285
0.0	Idiosaura	233.6313331111136	231.92925131958614
0.0	Ignotosaurus	227.99178936353616	226.49096266731456
0.0	Incertovenator	228.20055057262812	226.81824768042247
0.0	Ingentia	216.41141772513888	215.1908817103169
0.0	Isfjordosaurus	248.48334019796417	247.72775876896958
0.0	Ixalerpeton	238.97147961725204	209.70903916712885
0.0	Jaklapallisaurus	218.2800642144433	217.0426720262244
0.0	Jaxtasuchus	240.00106528489306	236.06035000525625
0.0	Jesairosaurus	243.3700713383701	242.5796011637822
0.0	Jingshanosaurus	202.1115979777101	199.27587383796626
0.0	Jushatyria	243.23823824487494	242.45090492642984
0.0	Kadimakara	251.94609527528357	251.09192894142336
0.0	Kalisuchus	251.60433174687435	251.04640256117793
0.0	Kapes_Temperate_N	251.46368275332844	243.61272666112572
0.0	Kapes_Tropical_N	245.42557681699654	242.78766079408197
0.0	Kayentapus_Temperate_N	201.2400014440069	199.25837680745744
0.0	Kayentapus_Tropical_N	228.25005626863154	198.9294859988577
0.0	Keichousaurus	249.5964881208098	235.69021426927767
0.0	Kholumolumo	224.97306735142504	208.9056975739606
0.0	Kinelia	257.8938981646643	257.7763656040134
0.0	Kintneria	223.8217172082302	208.0287400200956
0.0	Kitchingnathus	251.0941918374574	250.4229948239293
0.0	Kocurypelta	219.85511180332946	218.70063538083372
0.0	Koiloskiosaurus	247.07261915448052	246.29037466223025
0.0	Komlosaurus	201.73274434040084	199.29624742213753
0.0	Krzyzanowskisaurus	234.45138984847407	210.90154130194088
0.0	Kudnu	251.75892911078137	251.04464311461908
0.0	Kuehneosaurus	236.11489296618194	205.56609862551466
0.0	Kuehneosuchus	206.65904900810264	205.66145068296765
0.0	Kuruxuchampsa	230.18245511044162	228.4605248187597
0.0	Kwangsisaurus	251.42278879662538	247.1445054429143
0.0	Labidosaurikos	283.4328197601797	273.1777778712129
0.0	Labidosauriscus	288.7417931071315	282.13436188356627
0.0	Labidosaurus	283.6789274442792	273.1692508042937
0.0	Lagerpeton	242.62548123002776	239.67559751408237
0.0	Lanceirosphenodon	216.7441515770576	215.49011255738827
0.0	Langeronyx	247.9735345430608	244.4727445969698
0.0	Langobardisaurus	217.4160904951621	210.94821905167453
0.0	Lanthaniscus	271.6958318754368	263.7302789487851
0.0	Lanthanolania	266.4065766913844	265.85944132121034
0.0	Lanthanosuchus	264.75539694856667	264.35945001303924
0.0	Laquintasaura	200.32771479049558	199.32466891728424
0.0	Largocephalosaurus	245.5271482033214	242.90548174153102
0.0	Lariosaurus	249.00246190505618	235.76507397394778
0.0	Lasasaurus	251.07422827529936	250.37391340726515
0.0	Lavinipes	201.89002246846314	199.53899212501392
0.0	Lepidus	215.43556276186308	214.23453453178
0.0	Leptonectes	201.5125122407804	200.2591656789335
0.0	Leptosuchus	227.72995616183948	208.57231071881415
0.0	Lessemsaurus_Temperate_S	227.1864878146252	208.1055676620684
0.0	Lewisuchus	241.80491304374027	226.9514186618698
0.0	Libognathus	219.06617753814297	217.84845447923357
0.0	Liliensternus	229.00370858788733	201.37008193865728
0.0	Lindwurmia	200.55340221171028	199.56889135219478
0.0	Litorosuchus	240.5403692989254	239.8355597894835
0.0	Lophostropheus	208.24108224072205	207.09551587504
0.0	Lotosaurus	247.42506102132293	241.6195736946818
0.0	Lucasuchus	237.62941708795722	225.94116643718638
0.0	Lucianosaurus	219.86151638754075	218.64745708315138
0.0	Lucianovenator	227.25632874545224	225.6401196297426
0.0	Lufengosaurus	201.8327526505777	199.828279147015
0.0	Lukousaurus	202.22356463695235	198.8179132816797
0.0	Luopingosaurus	244.97952506283653	244.14887374214962
0.0	Luperosuchus	242.45125263948125	237.06180455011986
0.0	Macgowania	223.31010545808843	211.60278741012146
0.0	Machaeroprosopus	226.72692485532855	201.47387040055906
0.0	Macrocnemus	247.61669556927578	236.6318144625115
0.0	Macrocollum	226.13842862145071	220.30339487707118
0.0	Macroleter_Temperate_N	274.0986979074581	265.10245456645333
0.0	Macroleter_Tropical_N	266.82635520147886	266.2705678921174
0.0	Macroplacus	206.43302920965058	205.38860977935056
0.0	Macroplata	201.22612604649402	200.2391749364967
0.0	Maehary	229.75458035923035	208.58164878894556
0.0	Majiashanosaurus	247.5981126309994	246.81535790694898
0.0	Malerisaurus	219.22644191761322	215.86443620261088
0.0	Malutinisuchus	242.97719601931615	235.70041472400715
0.0	Mambawakale	244.49697154144755	243.6549169609466
0.0	Mandaphon	243.56075118510688	242.75024558400696
0.0	Mandasuchus	247.33636912660666	241.22982868484002
0.0	Marasuchus	242.94984855251928	234.42309974303663
0.0	Marcianosuchus	245.6571182649636	244.84336111127314
0.0	Massospondylus	237.11541493637552	235.92863488332884
0.0	Mbiresaurus	235.44099598265535	227.77690429657687
0.0	Megachirella	243.37470720678905	242.57925051005986
0.0	Megalancosaurus	217.70916590992124	209.1409423362345
0.0	Megalosauripus	200.07314644877528	199.04506716610618
0.0	Megalosaurus	204.95901191133694	203.9409903131054
0.0	Megapnosaurus	201.65426952688932	200.63692779820323
0.0	Mehliella	228.86357750378195	227.3382831746175
0.0	Melanorosaurus	214.62588524872885	213.3830021196105
0.0	Merriamosaurus	248.39841224708533	247.63968112190045
0.0	Mesodapedon	247.09689138371192	246.29369721729446
0.0	Mesosaurus_Antarctic	292.55274668874654	281.92115937265226
0.0	Mesosaurus_Temperate_S	290.7709331352799	283.2582190805778
0.0	Mesosuchus	247.7170993731012	241.7963295501265
0.0	Metamosaurus	289.67621591964036	289.23895932931714
0.0	Metashastasaurus	226.2230455902879	213.23397951803054
0.0	Microcnemus_Temperate_N	251.9010940484753	246.79821684040485
0.0	Microleter	289.9571042673872	289.36802009774505
0.0	Micromenodon	227.9444952398188	226.54539154864227
0.0	Microsphenodon	228.7890951779149	217.33222145285245
0.0	Mikadocephalus_Temperate_N	238.60781963744626	237.71959834322786
0.0	Mikadocephalus_Tropical_N	245.31961010124303	244.50076525199074
0.0	Milleretta	260.7122477850658	249.82294346509698
0.0	Millerinoides	257.4421330577679	257.3254485990031
0.0	Milleropsis	260.9701391345915	250.372716954494
0.0	Millerosaurus	260.0587400328129	253.29139968683805
0.0	Miodentosaurus	233.4391113444526	229.95568884807997
0.0	Mixosaurus	245.36355698621395	236.09998683775692
0.0	Moradisaurus	260.0997318619421	250.15149932960017
0.0	Mystriosuchus_Temperate_N	228.01167775304773	198.6255695448256
0.0	Mystriosuchus_Tropical_N	217.83295264487086	211.82497634592093
0.0	Nambalia	221.91314897425875	208.9245547376552
0.0	Nanchangosaurus	249.6155446182436	238.05874618999974
0.0	Nanoparia	260.59443318085613	251.7583442910737
0.0	Neoaetosauroides	226.58185767819697	208.84471518198012
0.0	Neoprocolophon	244.12477770476806	243.32512396958705
0.0	Neusticosaurus	247.24911723619292	235.3463221667138
0.0	Nhandumirim	218.86086080685146	216.00203486931397
0.0	Nicrosaurus_Temperate_N	224.76020091853923	209.3523664379618
0.0	Nicrosaurus_Tropical_N	224.99275149672667	223.6801137810538
0.0	Nochelesaurus	265.08926825493216	259.21661815247586
0.0	Notatesseraeraptor	217.49401730624172	216.2719770256613
0.0	Noteosuchus	251.71856715738394	251.19132742619706
0.0	Nothosaurus_Temperate_N	247.51256638335832	201.29293284982225
0.0	Nothosaurus_Tropical_N	245.63611229015586	236.9912558104439
0.0	Nothosaurus_Tropical_S	246.10401721841092	238.91296506524043
0.0	Nundasuchus	244.34654534451974	243.50825322534627
0.0	Nyasasaurus	248.0090534415051	245.46912975184196
0.0	Nycteroleter	268.46473909334105	266.1372752644224
0.0	Nyctiboetus	282.41168148070284	269.0654361835629
0.0	Nyctiphruretus	274.8696457324826	257.5490763395048
0.0	Obirkovia	260.71223458858924	257.42275461055664
0.0	Odontochelys	232.23339434511482	226.12836726491835
0.0	Omphalosaurus_Temperate_N	249.47841308141912	237.55318106189375
0.0	Omphalosaurus_Tropical_N	249.30136595771413	236.9627664054754
0.0	Opisthodontosaurus	291.1979857579769	282.7776246994535
0.0	Orenburgia	251.35194172715666	246.74131897197796
0.0	Orovenator	286.14802255764965	282.8088365524824
0.0	Oryctorhynchus	231.27562420842256	228.8033843047928
0.0	Oryporan	251.33979025607573	249.04230675177604
0.0	Osmolskina	249.10149197006146	248.35290171753022
0.0	Otozoum	218.0999928958502	216.8806296822128
0.0	Owenetta	260.56797091431537	246.28159033941068
0.0	Ozimek	230.15291626106128	227.63341409282614
0.0	Pachypes	253.64004730652923	253.52325017936417
0.0	Pachypleurosaurus	242.35080422590048	235.66458903251203
0.0	Pachystropheus	208.85471275806864	202.23719767428827
0.0	Palacrodon_Temperate_S	249.65194553325065	241.93260855594914
0.0	Palacrodon_Tropical_N	222.33181744529819	218.4369798061082
0.0	Palaeagama	252.59392361615164	252.46834556182756
0.0	Palaeochersis	229.53710973256662	212.27589896463087
0.0	Palaeosaurus	236.88526349142543	235.77271532044142
0.0	Palatodonta	247.07243534469094	246.29365041728278
0.0	Paleollanosaurus_Temperate_N	203.92200416084418	202.92596765311507
0.0	Paleollanosaurus_Tropical_S	217.8678849970714	216.69278490186852
0.0	Paliguana	249.89566833700155	249.1164849696651
0.0	Pamelaria	247.75690517231817	241.3416151497737
0.0	Pamelina	249.3986337018036	248.64848542632433
0.0	Pampadromaeus	233.28883997810078	222.98408585575538
0.0	Panguraptor	201.6112172039117	200.6097052924263
0.0	Panphagia	231.10542171334302	229.50902129782338
0.0	Pantydraco	234.58027450145954	233.03114592225882
0.0	Panzhousaurus	244.2928035284367	243.45327303436807
0.0	Pappochelys	239.52994970098857	238.82608593265172
0.0	Parabrontopodus_Temperate_N	201.92329598491884	198.9294128091741
0.0	Parahupehsuchus	248.3870209706353	247.5919494828083
0.0	Paralonectes	251.413563437929	236.88722367656
0.0	Paraplacodus	248.05118639501063	236.21044743538053
0.0	Pararcus	245.71168042742045	244.87453264829279
0.0	Parasaurus	260.579652370752	253.46588093258228
0.0	Parasuchus_Temperate_N	250.93078594629375	227.1148482007879
0.0	Parasuchus_Temperate_S	233.0952854474424	227.333621771162
0.0	Parasuchus_Tropical_N	234.8235000998256	212.45811521313428
0.0	Parasuchus_Tropical_S	226.4403057206374	223.66069189151122
0.0	Paratypothorax_Temperate_N	226.92967894729497	211.50217753852976
0.0	Paratypothorax_Tropical_N	225.11872337186213	209.47240949557136
0.0	Paratypothorax_Tropical_S	210.27475802827678	209.13348183500904
0.0	Pareiasaurus	263.1320673978673	250.66359406472793
0.0	Pareiasuchus	265.117302509994	253.53534687341
0.0	Parringtonia	246.7208959794895	245.91129067455773
0.0	Partanosaurus	238.47059935608408	237.48594221365505
0.0	Parvinatator	248.98769806367656	248.24614907178938
0.0	Parvosuchus	238.56870572373873	237.6857915404023
0.0	Pectodens	244.17197249003	243.34089850899372
0.0	Pelecymala	235.1055664779073	226.41463175131562
0.0	Pendraig	228.73071897766076	227.3104744663311
0.0	Pentaedrusaurus	249.05223856254847	248.30432998122168
0.0	Permotriturus	266.76321963578073	266.21147672932017
0.0	Pessopteryx	249.54400613364635	245.62585273990103
0.0	Peteinosaurus	215.09237034952335	213.0040390240972
0.0	Phaanthosaurus	251.85413593991512	250.98715945349105
0.0	Phalarodon_Temperate_N	251.05611310700485	243.90313466047223
0.0	Phalarodon_Tropical_N	247.69783810921408	239.65450108858013
0.0	Phantomosaurus	245.93389222224496	245.1247694815647
0.0	Phonodus	251.84835465166188	251.38838014807575
0.0	Pisanosaurus	232.13447464831134	230.39627253350486
0.0	Pistosaurus	247.65615845217755	235.97780537587897
0.0	Placochelys	234.62250725358356	220.11205388693628
0.0	Placodus_Temperate_N	247.10356128355446	236.72306766525566
0.0	Placodus_Tropical_N	245.0002282200581	243.74750660158966
0.0	Placodus_Tropical_S	247.15821154222613	238.0281232173436
0.0	Planocephalosaurus_Temperate_N	237.09954389329874	202.532170179649
0.0	Planocephalosaurus_Tropical_S	212.1003843044805	210.9457225521981
0.0	Plateosauravus	228.08220748223903	207.3299813593031
0.0	Plateosaurus_Temperate_N	227.76234123401318	199.69397739655727
0.0	Plateosaurus_Temperate_S	227.757533010248	215.14126551002678
0.0	Platypterna	210.52303820578177	198.35297707838865
0.0	Plectropterna	201.7579448292902	199.2572674998998
0.0	Plesiornis	200.27510130947311	199.25066812756597
0.0	Plesiosaurus	208.95347695838137	199.77880979493014
0.0	Polesinesuchus	231.74401417552673	230.03608285762505
0.0	Polonosuchus	228.39051291523006	226.93736336783937
0.0	Polymorphodon	238.51297536034295	237.5813094527526
0.0	Poposaurus	237.5218886382641	203.41801954801556
0.0	Postosuchus	234.5999790849833	201.13280442728572
0.0	Powellvenator	223.93961393078564	222.65223023733648
0.0	Pravusuchus	220.72281867755487	219.49346926480533
0.0	Preondactylus	216.90470757342433	215.00280579249306
0.0	Prestosuchus	242.33505326127005	233.38098662470153
0.0	Procerosuchus	241.94065172997446	241.1811506006779
0.0	Procolina	249.1639211937253	248.42338042469635
0.0	Procolophon	251.782074366632	247.0989418082493
0.0	Procolophonichnium_Temperate_N	244.77457977850793	243.27479710198514
0.0	Procolophonichnium_Temperate_S	251.1287884977299	250.46465392814906
0.0	Procompsognathus	214.6172814868169	213.39792936314245
0.0	Proganochelys_Temperate_N	223.80836282058488	200.41241859654477
0.0	Proganochelys_Tropical_N	224.08673931856535	222.86992904135562
0.0	Prolacerta	251.9471090228624	247.10208456312805
0.0	Prolacertoides	251.6292560971208	251.0875478201613
0.0	Prosantosaurus	241.9953080475997	241.2422021684446
0.0	Prosaurosphargis	248.68806012393347	247.92138171415226
0.0	Protanystropheus	247.85219347244808	243.28225159898997
0.0	Protecovasaurus	226.37367832790477	206.50565353029467
0.0	Protenodontosaurus	234.2082408358802	232.6070301995665
0.0	Proteosaurus	201.43189059465547	199.5334538554961
0.0	Proterochampsa	233.53857414389537	231.7884149164825
0.0	Proterochersis	220.0780090948076	212.37937438002623
0.0	Proterosuchus_Temperate_N	252.08275451823485	250.62892764282742
0.0	Proterosuchus_Temperate_S	251.8749729419182	246.98347119598955
0.0	Protoavis	228.27707194367392	206.949316968369
0.0	Protocaptorhinus	291.74952504764656	281.06146032215713
0.0	Protoichthyosaurus	201.2333409909884	200.22688083269128
0.0	Protome	215.18097099727558	213.96937684888823
0.0	Protorosaurus	259.7038908420474	253.48072687925688
0.0	Protorothyris	299.5681819772234	293.0405219483355
0.0	Protosuchus	206.88650472940031	198.79923639935603
0.0	Provelosaurus	268.22219084664016	260.2227889228438
0.0	Psephochelys	228.37635046647623	226.9309095006298
0.0	Psephoderma_Temperate_N	205.73787035994323	200.7679016478334
0.0	Psephoderma_Tropical_N	217.75845515478048	212.875261837565
0.0	Psephoderma_Tropical_S	243.8119407849487	240.121430776857
0.0	Psephosauriscus	247.96237679748486	238.81562688125643
0.0	Psephosaurus_Temperate_N	237.98096985676221	236.81939667190048
0.0	Psephosaurus_Tropical_S	248.55071187227603	240.34555980019488
0.0	Pseudhesperosuchus	218.04360563479963	216.7632618801987
0.0	Pseudochampsa	235.19511957554207	233.54399568152803
0.0	Pseudotetrasauropus_Temperate_N	214.9589776809194	213.72376364426236
0.0	Pseudotetrasauropus_Tropical_N	220.83257515979878	203.76901524687278
0.0	Pterodactylus	200.59304645968416	199.62135671771597
0.0	Pumiliopareia	254.67462614368227	254.5575496845721
0.0	Qianichthyosaurus	239.47768133492795	226.83098902738212
0.0	Qianosuchus	245.16187412774326	243.59119489649348
0.0	Qianxisaurus	238.34764014309238	237.33955489287075
0.0	Quasianosteosaurus	248.33159931968007	247.56086935394828
0.0	Raeticodactylus	204.3297533201648	203.32511084659092
0.0	Rautiania	265.23180045128396	256.8341640392451
0.0	Redondasuchus	225.73319397821544	214.14564275051634
0.0	Redondavenator	223.77891906919183	222.57344511114044
0.0	Revueltosaurus	237.30611183560578	207.72839017978265
0.0	Rhaeticosaurus	205.5029345779341	204.4865002575533
0.0	Rhipaeosaurus	268.53213427391466	261.00504956898556
0.0	Rhomaleosaurus	207.88058556243297	199.2461212201839
0.0	Rhombopholis	247.19066304566724	243.50924908699602
0.0	Rioarribasuchus	228.65098281488912	211.52041468422624
0.0	Riojasaurus	219.6483934533196	208.23413056376782
0.0	Riojasuchus	221.6895518053743	220.42518817703694
0.0	Romeria	294.40770438216094	292.94298077333684
0.0	Rothianiscus	272.68123725481547	266.3268836786418
0.0	Rotodactylus	221.9768645211967	220.8210137597354
0.0	Ruehleia	223.31609297926306	218.17405119006168
0.0	Rugarhynchos	217.9745074918897	216.81649001900578
0.0	Ruhuhuaria	242.63703009384813	241.8829912661132
0.0	Rutiodon	229.93704895253762	208.01428865159184
0.0	Sacisaurus	221.78358231891718	220.49380598287618
0.0	Saltoposuchus	218.3554047345595	209.063806686033
0.0	Sanchiaosaurus	243.2908044545506	242.49586278817807
0.0	Sanchuansaurus	252.76468293623577	252.6467198848544
0.0	Sanjuansaurus	233.66760072240587	231.96264520531963
0.0	Santaisaurus	251.75753129711907	250.97293182300936
0.0	Sarcosaurus	201.2412485244027	200.19878260703277
0.0	Sarmatosuchus	243.41039980643362	242.61458220662502
0.0	Saturnalia	236.57677110663653	214.27990429683354
0.0	Saurischichnus	220.21200468817895	208.2298167772317
0.0	Saurodektes	251.80459494671655	251.07578985241548
0.0	Sauropareion	251.82631156191385	246.8163726633548
0.0	Sauropus	200.7243010538235	199.7083316761419
0.0	Saurorictus	256.65650555491766	256.5382864921359
0.0	Saurosternon	255.25333025653825	255.13555669415277
0.0	Saurosuchus	232.75763454213725	230.93720820458165
0.0	Scelidosaurus	200.45029720166212	199.458698286388
0.0	Scharschengia	248.77899796954944	248.02651527740298
0.0	Schleitheimia	210.58411470971032	209.39724516628337
0.0	Sclerocormus	248.46238969999672	247.68207548262905
0.0	Sclerosaurus	247.86601399028936	241.45291493212207
0.0	Sclerostropheus	213.96707157052197	212.77000288895172
0.0	Scoloparia_Temperate_N	202.66731170731293	201.63667615647597
0.0	Scoloparia_Tropical_N	237.20303152570716	229.72284524387626
0.0	Scolotosuchus	251.37799575391497	250.76529106186882
0.0	Scutarx	226.38959052172478	207.52004323099086
0.0	Scutosaurus	264.8670442854411	255.17474223406637
0.0	Scythosuchus	250.08251925955608	249.35489496251503
0.0	Seazzadactylus	214.9142701580623	213.71302966819667
0.0	Selenichnus	201.6012174811608	199.66117981338533
0.0	Serpianosaurus	246.86838239138078	236.32169184668513
0.0	Shansisuchus	247.26952266241696	241.89688645448558
0.0	Shastasaurus_Temperate_N	215.9893628198816	214.83991069186504
0.0	Shastasaurus_Tropical_S	236.07429823355076	228.27269880325602
0.0	Shihtienfenia	254.75221456045324	249.68339334741358
0.0	Shonisaurus_Temperate_N	233.2100032469268	201.14466175937588
0.0	Shonisaurus_Tropical_N	222.77651159281265	215.78152864397245
0.0	Shringasaurus	246.56550305139422	241.94485804335935
0.0	Shuangbaisaurus	201.41548280007356	200.42260035229367
0.0	Shuvosaurus	228.23339675429628	201.0519070681064
0.0	Sigmala	236.71742377891857	227.49499491804403
0.0	Sikannisuchus	219.8794523103789	207.4081985339787
0.0	Silesaurus	228.31001379269318	226.92966411947518
0.0	Sillosuchus	233.58980722933396	231.782452721145
0.0	Simosaurus_Temperate_N	242.65194451788042	203.36259099866626
0.0	Simosaurus_Tropical_S	242.90323007531205	242.1149677250827
0.0	Sinocyamodus	233.41520671719664	231.68277348191933
0.0	Sinosaurosphargis	244.67250370971527	243.54383929219023
0.0	Sinosaurus	201.97378890748465	199.37767438201027
0.0	Skybalonyx	224.8339421742891	223.63545854950468
0.0	Smilodonterpeton	203.43224520876407	202.42247133842542
0.0	Smilosuchus	237.44188610803081	208.4391801096364
0.0	Sophineta	249.30630423019304	248.5608302827608
0.0	Soturnia	228.71147008679367	209.62285432221526
0.0	Soumyasaurus	216.4324948895051	215.199691700339
0.0	Sphenotitan	226.8634990050337	208.52540523747817
0.0	Sphodrosaurus	220.05204654727476	218.89758215435987
0.0	Spinosuchus	231.40092675681018	211.17071065425867
0.0	Spondylolestes	256.01275788903314	254.02273074403163
0.0	Spondylosoma	240.91494230352666	235.8564648731864
0.0	Stagonolepis_Temperate_N	234.5145254044478	226.23283378598524
0.0	Stagonolepis_Tropical_N	225.82715261909993	209.32040223459492
0.0	Stagonolepis_Tropical_S	222.99809005514192	221.7923172522709
0.0	Stagonosuchus	246.90684991536614	242.3074942303873
0.0	Staurikosaurus	235.4004643032231	233.7662060145113
0.0	Stauromatodon	238.35028203707836	237.34585675880373
0.0	Stegomus	221.67467734455374	212.75596509730218
0.0	Stenaulorhynchus	247.8154342254688	241.5764031312522
0.0	Stenomyti	217.40518877541808	216.2016384946405
0.0	Stenoscelida	217.5438692158379	216.2797009912385
0.0	Stereosternum_Antarctic	283.8543837344573	283.1266454107645
0.0	Stereosternum_Temperate_S	291.3706521751811	282.9269225156139
0.0	Styracocephalus	265.0089060222486	259.7594551638347
0.0	Syntarsus	203.10971745893397	202.05014623834316
0.0	Syntomiprosopus	225.026788056901	223.72096122325783
0.0	Tachiraptor	200.5060956198955	199.5156319277652
0.0	Tanaisosaurus	249.05684778601216	248.28171899422955
0.0	Tanystropheus_Temperate_N	244.5979570169814	200.043917598947
0.0	Tanystropheus_Tropical_N	245.28641784542532	235.64112970480375
0.0	Tanystropheus_Tropical_S	245.01845593294223	242.1018839619237
0.0	Tanytrachelos	224.75646184356154	208.61522151145059
0.0	Tarjadia	242.80246034593793	235.32670530073165
0.0	Tarsodactylus	201.90544429748357	200.89073931199272
0.0	Tasmaniosaurus	252.0284064870449	250.86025081323706
0.0	Tawa	227.34905319729376	208.427690804772
0.0	Taytalura	231.36994858916154	229.55771463058062
0.0	Technosaurus	227.83641967886874	226.18275815564834
0.0	Tecovasaurus	221.10345298769778	212.52874567903567
0.0	Tecovasuchus	227.28179165005741	208.69234887744204
0.0	Teleocrater	248.27634911654866	240.9596768138866
0.0	Temnodontosaurus	200.8639401666367	199.6341763758355
0.0	Teraterpeton	238.147149524198	227.67377043781846
0.0	Teratophon	246.2928786446565	241.40004821763065
0.0	Teratosaurus_Temperate_N	241.99801930117223	223.32688854245706
0.0	Teratosaurus_Temperate_S	251.64577563779304	251.10317946723916
0.0	Termatosaurus	208.36845026326662	203.6740881889692
0.0	Terrestrisuchus	235.89546433450346	228.31425671065855
0.0	Tetrasauropus_Temperate_N	216.40542258995458	215.20231257215332
0.0	Tetrasauropus_Temperate_S	241.2062088961923	236.01329159092307
0.0	Teyujagua	249.63354612670994	248.873386258048
0.0	Teyumbaita	220.34051779443857	209.59771378620286
0.0	Thadeosaurus	257.54299909495984	257.42674401635855
0.0	Thaisaurus	248.38077114924428	247.61157000223758
0.0	Thalassiodracon	208.87488349486424	198.90266448808316
0.0	Thalattoarchon	244.869397560907	244.04502978589022
0.0	Thalattosaurus	247.07758994790623	244.93382557468456
0.0	Thecodontosaurus	242.75717387639946	200.4176809158877
0.0	Theledectes	244.71474249575064	243.8616317523598
0.0	Thelephon	242.91840648521088	242.14136786957096
0.0	Thelerpeton	246.26577941358406	242.87959829751614
0.0	Tholodus_Temperate_N	247.07723128290027	241.97584645557825
0.0	Tholodus_Tropical_N	241.38002246218767	240.67160834680888
0.0	Thuringothyris	291.7565589528146	282.21996697910214
0.0	Tichvinskia	250.69416596506116	247.05721902233418
0.0	Ticinosuchus	245.35303051527984	243.8111826924932
0.0	Tikisuchus	236.7784958231717	235.57309115959978
0.0	Timanophon	251.1169337649732	249.05420813216844
0.0	Toretocnemus	235.34969408010718	226.3024816014199
0.0	Trachelosaurus	246.00312899949523	245.17773504901666
0.0	Trialestes	237.97424661393197	225.16803884038302
0.0	Tricuspisaurus	204.39861925428826	203.4288014196731
0.0	Trihamus	201.09285109143283	200.09155087246512
0.0	Trilophosaurus	237.0335635551811	208.7535099581058
0.0	Tropidosuchus	242.554761591455	236.8281984260847
0.0	Tuebingosaurus	223.55128761625343	222.36127507095864
0.0	Turfanosuchus	245.61592748962997	244.81663472489785
0.0	Typothorax	226.3845741366853	201.39898341192063
0.0	Uatchitodon	236.14905357073596	215.51264017053248
0.0	Unaysaurus	226.16997402535324	213.34931759118425
0.0	Unguinychus	211.93021550474478	210.68132648116983
0.0	Uralosaurus	247.23137322577472	242.85849524991758
0.0	Utatsusaurus	251.51462506543163	246.56525266002913
0.0	Vallesaurus	217.10385575874082	213.56832994949866
0.0	Vancleavea	236.33445065957045	203.96160066527136
0.0	Variodens	209.84732238724746	201.10672175207563
0.0	Vellbergia	238.2965400321017	237.3002500490255
0.0	Velocipes	222.30057997616285	221.1342945883244
0.0	Venaticosuchus	234.37464843107725	232.6678892913756
0.0	Venetoraptor	232.6405624230886	210.29005958723363
0.0	Vinitasaura	234.20417904096465	232.59091342810925
0.0	Vivaron	225.73300761152132	213.6252767639697
0.0	Vjushkovisaurus	247.20548469916895	244.1233790217903
0.0	Volcanosuchus	230.94219625626312	229.28549933655833
0.0	Vonhuenia	251.55014037569327	250.9589969154589
0.0	Vritramimosaurus	250.67346163161125	249.96636753504683
0.0	Vytshegdosuchus	250.2736966358551	249.55416351427954
0.0	Wahlisaurus	200.63925354772843	199.62736469170352
0.0	Waluchelys	227.8033145018961	226.12525748702183
0.0	Wangosaurus	240.06389920968803	235.11086402501235
0.0	Wannia	228.55994720938924	209.2593426554347
0.0	Wapitisaurus	249.78562801431764	249.02393955088527
0.0	Weigeltisaurus	260.75831468553696	253.26870095067787
0.0	Whitakersaurus	204.20639604307462	203.18923533963078
0.0	Wimanius	241.83042674997833	241.08731493268618
0.0	Wumengosaurus	247.22230156131292	241.55087127647602
0.0	Xenodiphyodon	230.59524845204933	228.93319112532922
0.0	Xilousuchus	243.37748467330823	242.57456836402218
0.0	Xingxiulong	201.20630060268294	200.19224125754442
0.0	Xinminosaurus	244.86257708414365	244.0565631720658
0.0	Xinpusaurus	240.9829618953717	227.37973996042692
0.0	Xiphopeza	200.13798188191848	199.14366383501806
0.0	Yarasuchus	248.21406396851236	242.82069270578071
0.0	Yelaphomte	221.2207749046825	220.01601060432563
0.0	Yimenosaurus	201.59015093735394	199.33763058913925
0.0	Youngetta	249.4260814435359	248.6756564110623
0.0	Youngina	260.5740367909331	249.4292695065282
0.0	Youngosuchus	245.5539315821592	244.7173342489636
0.0	Yunguisaurus	238.61217516029885	235.69325548574793
0.0	Yunnanosaurus	200.93317334312255	199.46696210144376
0.0	Zanclodon	240.99393031759766	202.02652353923938
0.0	Zhongjiania	258.14331099054	255.03512241308582
0.0	Zupaysaurus	225.30216799958703	224.0432574903565
