clade	species	ts	te
0.0	Abyssomedon	289.4636654348279	289.12372426720975
0.0	Acadiella	231.74063440972864	230.04792465848672
0.0	Acaenasuchus	221.73731021023323	208.64574639543352
0.0	Acallosuchus	225.4760221166843	224.12072379716642
0.0	Acerosodontosaurus	256.6978568757237	256.58936981027625
0.0	Acleistorhinus	274.7885283886247	273.62917463840364
0.0	Acrodenta	254.9776164387958	254.86753819516633
0.0	Actiosaurus	203.06851537218296	202.05293863691088
0.0	Adamanasuchus	211.29471377388305	210.10811386948427
0.0	Adelosaurus	255.60717029845713	255.4988944373721
0.0	Aenigmasaurus	250.0208524080016	249.29205019262997
0.0	Aenigmaspina	228.95296232079426	227.46316431327784
0.0	Aenigmastropheus	254.7461323521001	254.63630901368884
0.0	Aetosauroides	234.23077356380506	214.26370261307045
0.0	Aetosaurus	227.69985514187968	208.7360577555295
0.0	Agkistrognathus	250.6456977740696	249.94521895663377
0.0	Agnosphitys	227.8883549323657	226.4329368085038
0.0	Alexeyisaurus	222.3973159160187	221.2168285991978
0.0	Alwalkeria	228.45131584910425	227.0170479285177
0.0	Amanasaurus	230.09284661044254	211.76828885616615
0.0	Ammorhynchus	247.66190919048037	244.24766515829492
0.0	Ammosaurus	200.57485241228002	199.05840693640138
0.0	Amotosaurus	247.38416530016048	244.82149423362088
0.0	Anarosaurus	247.49697485149852	241.7330790233595
0.0	Anchisauripus_Temperate_N	215.12896785602743	198.05215605718172
0.0	Anchisauripus_Tropical_N	227.57190381425096	197.92145649400769
0.0	Ancistronychus	218.49762226649048	217.26802503308616
0.0	Angistorhinus	235.3182292880885	209.4332950486102
0.0	Anisodontosaurus	247.44437155778567	237.84138351654673
0.0	Anomoepus_Temperate_N	201.823411880603	199.31692421211324
0.0	Anomoepus_Tropical_N	216.09254762341985	199.15298334087564
0.0	Anomoiodon	247.9026228921094	241.6041782351243
0.0	Anshunsaurus	239.38081548765896	226.5007297087077
0.0	Anthodon	258.7527569235823	253.60775656478427
0.0	Anticheiropus	200.8953960690095	199.89620253899744
0.0	Apachesuchus	219.2093131136654	218.03078907133192
0.0	Apatopus_Temperate_N	234.1027212320046	232.49132297395008
0.0	Apatopus_Tropical_N	227.02413409308681	200.49830194986635
0.0	Apatopus_Tropical_S	234.55917148160452	232.91280801614275
0.0	Apatosuchus	217.11773544289196	215.86445354025946
0.0	Aphelosaurus	297.39002307920816	295.7896601696354
0.0	Araeoscelis	291.69735130566886	271.09616820668265
0.0	Archeopelta	241.67518937162362	240.93126392484893
0.0	Archosaurus	261.071724278706	256.33471613984483
0.0	Arcticodactylus	221.33292443211303	220.15689378436116
0.0	Arganaceras	258.6414752321007	258.5337631254211
0.0	Arganasuchus	234.37772895812662	226.85932164025408
0.0	Argoides	201.64958890790422	198.92425594464964
0.0	Arizonasaurus	247.57230158879472	244.2075537295961
0.0	Asilisaurus	247.2694211939252	242.18297487316622
0.0	Askeptosaurus	242.93295923442818	235.47011487655524
0.0	Asperoris	247.2844734334844	246.50144678039814
0.0	Asylosaurus	206.19440009764395	202.23832514900025
0.0	Atopodentatus	245.1144726891597	244.0891912198029
0.0	Atreipus_Temperate_N	233.3915821611931	231.6283207799435
0.0	Atreipus_Tropical_N	229.13846722323134	220.7645452423539
0.0	Augustaburiania	250.58804710937625	248.79811783077577
0.0	Augustasaurus	243.82585423849042	242.99429181163302
0.0	Australothyris	262.4716958597203	261.93236583628226
0.0	Austriadactylus	213.22987107854306	210.60633236590968
0.0	Austriadraco	211.6822898471819	210.52008065232428
0.0	Avalonnectes	200.19815626941406	199.16365622687357
0.0	Avicranium	202.985475752924	201.979307360791
0.0	Azendohsaurus	230.78635643057362	229.14272331102055
0.0	Baeotherates	285.3925590107778	285.1330619794823
0.0	Baisesaurus	248.45703783452564	247.68993171093717
0.0	Barasaurus	261.5829109191431	247.22813277275037
0.0	Barberenasuchus	239.12151810605963	238.35677276454567
0.0	Barracudasauroides	244.76109593267944	242.01082031735095
0.0	Barracudasaurus	246.37526917550306	244.23272398299716
0.0	Barrancapus	219.5383604343791	218.35158090853002
0.0	Bashkyroleter	273.48553008315776	263.8034194071563
0.0	Batrachopus_Temperate_N	244.45406713273928	199.23035502064207
0.0	Batrachopus_Tropical_N	218.35981461871052	198.99979719584886
0.0	Batrachotomus	239.77221870273345	235.70303458850773
0.0	Belebey	267.92369904580585	264.0341467125053
0.0	Benggwigwishingasuchus	244.70965152607172	243.83602167935706
0.0	Bentonyx	246.97147326492862	246.1793185644021
0.0	Bergamodactylus	215.67547237397417	214.43511252180633
0.0	Besanosaurus	242.18500858327414	241.40018069807647
0.0	Blezingeria	245.40132792945428	244.5786794727052
0.0	Blomosaurus	251.58324228149425	251.01670510772624
0.0	Bobosaurus	234.69567739142275	233.04684779900077
0.0	Bolosaurus	298.25018781102335	275.6393592879817
0.0	Boreopricea	248.8066943945587	247.55528528349996
0.0	Brachychirotherium_Temperate_N	228.80122511099833	227.41751570204585
0.0	Brachychirotherium_Tropical_N	228.9618960083772	203.1380634582255
0.0	Brachychirotherium_Tropical_S	229.4169654837892	226.17153890891214
0.0	Bradysaurus	264.6413269634077	259.6193721402559
0.0	Brasinorhynchus	241.54341185385297	239.27338093461182
0.0	Brazilosaurus	291.92284683785886	282.76445938143024
0.0	Bromsgroveia	248.03614657489314	242.2396909464376
0.0	Broomia	264.89332959382915	259.63785549568996
0.0	Bunostegos	252.71613336886682	252.60825752428732
0.0	Buriolestes	235.86487030297215	206.72799185572268
0.0	Bystrowisuchus	250.1988567290434	249.49036802798537
0.0	Callawayia	227.7672588843742	211.54753900214837
0.0	Calyptosuchus	236.82177846726037	208.3786529930977
0.0	Camelotia	208.68102362162907	200.94682771324094
0.0	Camposaurus	216.52625268798886	215.3284149945168
0.0	Candelaria	242.47067468980342	236.78508098024508
0.0	Captorhinikos	283.34731048944576	272.5616867652145
0.0	Captorhinoides	282.84159300832334	276.17945697205835
0.0	Captorhinus_Temperate_S	258.1654186835048	258.0574726901463
0.0	Captorhinus_Tropical_N	285.60391190072926	273.0868890538959
0.0	Captorhinus_Tropical_S	290.74489974868936	274.2837443055282
0.0	Cargninia	223.09879394240403	221.88895517214723
0.0	Carnufex	236.93357900465878	235.86189421627074
0.0	Cartorhynchus	247.65670458031062	246.8575761542623
0.0	Caseosaurus	212.6053680181732	211.39146433838613
0.0	Caviramus	205.1609625233089	204.16713081095259
0.0	Ceresiosaurus	242.14365526920295	235.8685903575741
0.0	Chalishevia	242.91251381575782	235.60058524409536
0.0	Chanaresuchus	240.72461244223535	236.97118387062747
0.0	Chaohusaurus	249.91994322583668	239.44384064953468
0.0	Chasmatosuchus	251.85294077478125	247.3973569110507
0.0	Chelyoposuchus	203.73993009948987	202.72931643828719
0.0	Chinchenia	241.36406227858822	240.62091804513037
0.0	Chindesaurus	229.36463017686503	210.71729141669215
0.0	Chinshakiangosaurus	200.1150623406784	199.06732422398366
0.0	Chirotherium_Temperate_N	235.75628524461519	199.85381674647633
0.0	Chirotherium_Temperate_S	242.94204972292243	239.9873194142648
0.0	Chirotherium_Tropical_N	252.79992873063298	216.05366306928488
0.0	Chromogisaurus	234.1656171914912	232.52614604415555
0.0	Clarazia	243.6340564577885	242.821215814804
0.0	Claudiosaurus	260.20279744489125	251.39230838885075
0.0	Clevosaurus_Temperate_N	236.92190910679696	198.88738118662226
0.0	Clevosaurus_Temperate_S	234.3209521787675	208.37678350367278
0.0	Coahomasuchus	233.1085599411091	210.2432776069025
0.0	Coartaredens	246.9679588188389	240.9000132971679
0.0	Coburgosuchus	226.017344151864	224.62580972557015
0.0	Coelodontognathus	250.62704110917954	246.22487303237713
0.0	Coelophysis_Tropical_N	226.59893741562786	200.54993689686702
0.0	Coelophysis_Tropical_S	222.8101643735842	221.56516455415377
0.0	Coelurosauravus_Temperate_N	255.44899151081236	255.34003210805076
0.0	Coelurosauravus_Temperate_S	258.3603001362638	252.8867190805414
0.0	Coelurosaurichnus_Temperate_N	248.09161917194183	200.1362347410798
0.0	Coelurosaurichnus_Tropical_N	246.362131642077	215.4202240175238
0.0	Coelurosaurichnus_Tropical_S	235.80695148092946	231.15967185056797
0.0	Coletta	248.48946825897508	247.74094319609412
0.0	Collilongus	248.04418959876884	247.2566372719882
0.0	Colobomycter	288.40569178430366	283.2327758685545
0.0	Colobops	211.76948260516747	210.5257826585927
0.0	Coloradisaurus	221.1942011778608	208.4168455050125
0.0	Coloradisuchus	217.4024321756134	216.12891019923444
0.0	Concavispina	229.43480710873646	227.85630688380994
0.0	Contectopalatus	244.97689139966442	244.14353809470364
0.0	Corosaurus	248.78320240803734	246.7447098370482
0.0	Cosesaurus	238.98521767195479	238.18508728079587
0.0	Crosbysaurus	226.08611141638306	209.55022736377424
0.0	Ctenosauriscus	249.08556159024414	248.32561911012593
0.0	Cyamodus	245.49810544846764	226.06401985147252
0.0	Cymatosaurus	245.71133131374756	241.47012816388803
0.0	Cymbospondylus_Temperate_N	246.0860148919771	234.96717188398304
0.0	Cymbospondylus_Tropical_N	251.60259618395565	235.86388205947785
0.0	Czatkowiella	249.41844585730303	248.69261306479555
0.0	Dactylosaurus	247.65273021272273	243.5576455233874
0.0	Daemonosaurus	208.54399810670293	207.41673610562395
0.0	Dagasuchus	235.27137141294702	233.67173508703505
0.0	Dawazisaurus	244.70612690198377	243.84518765792177
0.0	Decuriasuchus	246.16461674561788	238.16118538333563
0.0	Delatorrichnus	201.49638527576477	200.48570587720843
0.0	Delorhynchus	284.6263908632393	281.95759017055093
0.0	Deltadectes	215.09726112045888	201.89237302774956
0.0	Deltavjatia	264.5390209116866	259.6811441639836
0.0	Desmatosuchus	229.95797452529544	210.36926036389826
0.0	Diandongosaurus	245.10704503427036	244.2641401586966
0.0	Diandongosuchus	237.5705217452759	236.17129775713175
0.0	Dianmeisaurus	245.00944288467693	242.19650707553524
0.0	Dianopachysaurus	244.57948705897337	243.76952655954125
0.0	Dimetropus	291.5288024864721	282.8495552666905
0.0	Dimorphodon	201.21845519093068	200.1950564760343
0.0	Dinocephalosaurus	245.04703197784272	243.47342103903586
0.0	Diphydontosaurus_Temperate_N	237.84347385527235	200.81093465234224
0.0	Diphydontosaurus_Tropical_N	214.4376782966521	213.20109892640332
0.0	Diphydontosaurus_Tropical_S	220.6817934423399	219.46035446603383
0.0	Dolabrosaurus	213.5817083462908	212.36896363779226
0.0	Dolerosaurus	228.9326134943868	227.4645918941301
0.0	Dolichobrachium	235.07371994827443	233.53085210352592
0.0	Doliovertebra	245.38809457055456	244.5474715918129
0.0	Dongusuchus	248.21746505272029	241.12214454369416
0.0	Dorosuchus	245.0012279490684	243.7834803585511
0.0	Doswellia	237.6920154647142	208.03864420479397
0.0	Dracoraptor	200.2335217777074	199.24121742222948
0.0	Drepanosaurus_Temperate_N	216.65719440516222	215.43613218052369
0.0	Drepanosaurus_Tropical_N	219.33176414746325	202.46889409819292
0.0	Dromomeron_Temperate_S	219.94345227760783	218.73356767642403
0.0	Dromomeron_Tropical_N	222.0094835723204	204.21802557959867
0.0	Dromomeron_Tropical_S	224.90042737083374	215.4797615076836
0.0	Dyoplax	235.65737832079682	234.06360647230318
0.0	Ebrachosuchus	235.77429079208778	234.30756261034108
0.0	Effigia	206.7612500516706	200.45464059027915
0.0	Efraasia	218.45818958686223	212.40212323822055
0.0	Eifelosaurus	246.0887592323606	245.26068849495687
0.0	Elachistosuchus	202.82367016594182	201.771157673333
0.0	Elessaurus	248.56559288830977	247.7975848299296
0.0	Elginia	253.62071957963954	250.55070854320206
0.0	Embrithosaurus	265.64872665394506	259.8754460403311
0.0	Emeroleter	264.60480692096036	260.4443458990952
0.0	Endennasaurus	216.7095443724241	215.42475225410914
0.0	Energosuchus	241.21513304292722	238.16321585711805
0.0	Eodromaeus	228.78136838993217	227.26837173830128
0.0	Eohupehsuchus	247.73019882688473	246.94644077333942
0.0	Eohyosaurus	246.98658795532228	243.5509456640118
0.0	Eomurruna	251.95991266395	250.79931364925332
0.0	Eoplesiosaurus	200.99092835203507	200.00560387307542
0.0	Eoraptor	237.20590497951184	233.23572833664355
0.0	Eorasaurus	260.207163770805	259.7937616454802
0.0	Eorhynchochelys	229.73694340275105	228.10131083378917
0.0	Eosauropus_Temperate_N	218.3109225240509	215.4600504146231
0.0	Eosauropus_Tropical_N	221.95158723033833	211.87353705991615
0.0	Eretmorhipis	238.81089989042277	237.95020256852644
0.0	Erpetosuchus	221.33126558234298	220.06936645164413
0.0	Erythrosuchus	247.04057367753134	241.9351336533372
0.0	Erythrovenator	235.88370453301764	234.43777891589912
0.0	Eshanosaurus	200.22192503485945	199.17805836042763
0.0	Eubrontes_Temperate_N	227.46301031167218	198.60885913588615
0.0	Eubrontes_Tropical_N	226.00026747599117	199.19281230177097
0.0	Eucoelophysis	211.82885465288794	205.05039411922883
0.0	Eudibamus	288.94832441646554	288.6758580888533
0.0	Eudimorphodon	220.53890379336826	200.95885236428774
0.0	Eumetabolodon	251.51866171788774	241.20480839328624
0.0	Eunotosaurus	264.17745427728306	260.2114490121915
0.0	Euparkeria	246.76310992435833	241.7306167323735
0.0	Eurhinosaurus	200.40163441025612	199.39062331985915
0.0	Eurycleidus	201.85275172450008	200.8577082795687
0.0	Eusaurosphargis	247.981372040811	235.2712950482789
0.0	Euscolosuchus	236.0799863371463	234.71250699661394
0.0	Evazoum	234.08061594914744	202.14467593108878
0.0	Fasolasuchus	227.6416413879011	226.0579423778524
0.0	Faxinalipterus	216.54665083411757	207.23032265686018
0.0	Feeserpeton	285.12063399515716	284.858072419501
0.0	Feralisaurus	242.82277965561437	242.04787486094503
0.0	Fodonyx	247.38046434356562	241.982198841549
0.0	Fraserosphenodon_Temperate_N	230.53041714139616	228.84330272093624
0.0	Fraserosphenodon_Tropical_S	224.3786627223188	223.1449674986401
0.0	Fraxinisaura	238.53410114943034	237.47901441546765
0.0	Fugusuchus	242.70162519266663	241.92407501763864
0.0	Fuyuansaurus	241.34621555548878	240.61277075011705
0.0	Galesphyrus	257.74917120410265	255.6424819055232
0.0	Gamatavus	239.8129314639206	235.3100776739198
0.0	Gansurhinus	273.2868938144289	257.7056595765624
0.0	Garjainia_Temperate_N	251.36658253272827	246.81679872295103
0.0	Garjainia_Temperate_S	250.94768194918555	246.65970578637237
0.0	Garzapelta	213.3445891627324	212.0550401348859
0.0	Gecatogomphius	274.57562237737744	267.5149804525143
0.0	Gephyrosaurus	207.12588189634377	201.68149991515492
0.0	Glaurung	257.1543331538468	257.04368589257456
0.0	Glyphoderma	239.6635051569832	238.9156789582896
0.0	Gnathovorax	233.6792801066904	216.28082302037515
0.0	Gojirasaurus	210.65691466539246	209.52215966508385
0.0	Gomphiosauridion	229.58422621614466	228.0193741856038
0.0	Gorgetosuchus	236.91189930883792	235.8183115501251
0.0	Gracilisuchus	242.02673287151188	234.9150801966449
0.0	Grallator_Temperate_N	236.692301627899	198.72569406935295
0.0	Grallator_Temperate_S	231.92112577681968	209.73769015579234
0.0	Grallator_Tropical_N	237.09146639520176	199.14940071577135
0.0	Graoullyodon	202.5532823422544	201.53896483315938
0.0	Gregaripus	227.60757949945688	212.75323021401869
0.0	Gresslyosaurus	227.0928489481845	206.84749669752713
0.0	Grippia	251.2430956070687	246.93500003312266
0.0	Guaibasaurus	228.3202944874608	208.74116391517623
0.0	Gualosuchus	240.80755483783443	235.79246154578618
0.0	Guanlingsaurus	233.47759739872384	226.5461016017503
0.0	Guchengosuchus	245.53345773341186	244.6969643362401
0.0	Guizhouichthyosaurus	242.68937709299016	230.0307732513496
0.0	Gulosaurus	251.49755141096762	248.79879309250705
0.0	Gunakadeit	210.78936126724594	209.58417763132834
0.0	Gwyneddichnium	227.26889181924247	203.7139308504475
0.0	Gyposaurus	201.70684386307516	200.55315486330213
0.0	Halazhaisuchus	244.53726008491594	243.70639073070606
0.0	Haligonia_Temperate_N	205.91719156546856	203.7509215193187
0.0	Haligonia_Tropical_N	230.17491363982992	228.5464527577217
0.0	Hanosaurus	250.368026721662	249.6363543139159
0.0	Helcura	202.1111331834938	198.76228339875522
0.0	Helveticosaurus	243.0826724248252	242.2758473107985
0.0	Hemilopas	248.8494876239954	243.9414365773006
0.0	Hemiprotosuchus	225.53300081637084	216.90830575877803
0.0	Heptasuchus	229.90806437470587	228.29197968567394
0.0	Herrerasaurus	237.1094461618132	226.61657689396137
0.0	Hescheleria	242.50909462343301	241.74804158997705
0.0	Hesperosuchus	228.20105798979034	200.19444659663324
0.0	Heterodontichnites	235.76812373603545	212.17356193311537
0.0	Heteropelta	246.78015697344964	245.96462564761032
0.0	Himalayasaurus	214.12302646883205	212.92932547492316
0.0	Hispaniasaurus	238.6748050170179	237.81532581948346
0.0	Honghesaurus	244.3351052235211	243.48205896893958
0.0	Horaffia	240.31508915234517	235.80933517149973
0.0	Hovasaurus	259.6549859085711	250.4284360829937
0.0	Howesia	246.65425317651906	242.23862007722565
0.0	Hudsonelpidia	219.54225215492323	218.3405627903907
0.0	Hupehsuchus	250.51961777943143	239.29056297868684
0.0	Hwiccewyrm	237.32597852437547	226.29560637115353
0.0	Hyloidichnus	255.33388219694567	250.28524335375894
0.0	Hyperodapedon_Temperate_S	236.88858628479957	208.27429413575695
0.0	Hyperodapedon_Tropical_N	234.94397575440908	227.55684229671604
0.0	Hypselorhachis	244.38055815905113	243.54453021048135
0.0	Hypsognathus_Temperate_N	205.4132619771672	204.4052661087661
0.0	Hypsognathus_Tropical_N	235.01201030846457	203.10974949730314
0.0	Hypuronector	225.63355638473794	213.43466505428023
0.0	Icarosaurus	213.63791402442402	212.36505915440398
0.0	Ichthyosaurus_Temperate_N	208.38251366362542	199.43838364609488
0.0	Ichthyosaurus_Tropical_N	224.88628296200966	211.6054293337343
0.0	Ichthyotitan	206.37985316680223	205.36731015409418
0.0	Idiosaura	228.75958474040334	227.26996367063379
0.0	Ignotosaurus	232.02430267149603	230.43271157370037
0.0	Incertovenator	228.10508456583904	226.77235215079426
0.0	Ingentia	217.40959081264597	216.20190412625152
0.0	Isfjordosaurus	248.26067416327774	247.5118959910736
0.0	Ixalerpeton	235.1676417192388	224.49908616699457
0.0	Jaklapallisaurus	209.94663791385338	208.82024996671933
0.0	Jaxtasuchus	240.1708851635332	235.61531186248573
0.0	Jesairosaurus	243.01205487448422	242.22002291798594
0.0	Jingshanosaurus	201.75308197254859	199.340764276888
0.0	Jushatyria	246.0177093154628	245.19764537492472
0.0	Kadimakara	251.81046151189943	251.26108031518152
0.0	Kalisuchus	251.64660950703598	251.13134444246947
0.0	Kapes_Temperate_N	251.30973649893724	243.96948119146143
0.0	Kapes_Tropical_N	247.4343689753441	243.2138510369414
0.0	Kayentapus_Temperate_N	201.7580087842742	199.1316562081909
0.0	Kayentapus_Tropical_N	228.0237210430725	200.40445656344937
0.0	Keichousaurus	248.65237435203034	235.85631659849886
0.0	Kholumolumo	228.12761480096697	214.34308120571734
0.0	Kinelia	259.79498758193597	259.4308006078812
0.0	Kintneria	223.99030837743902	208.66156725433953
0.0	Kitchingnathus	251.33772243176898	250.7128256953291
0.0	Kocurypelta	210.9752400316373	209.7200912688607
0.0	Koiloskiosaurus	246.93706621989168	246.14427367405435
0.0	Komlosaurus	201.55715628608957	199.2761777814148
0.0	Krzyzanowskisaurus	237.28572997181942	211.87486806280384
0.0	Kudnu	251.74317863972823	250.8076171580777
0.0	Kuehneosaurus	237.14800015386797	207.09647187739293
0.0	Kuehneosuchus	205.07124432631187	204.03578126920604
0.0	Kuruxuchampsa	234.97953124257117	233.47017483021588
0.0	Kwangsisaurus	251.3923675595523	245.75449524833067
0.0	Labidosaurikos	283.0871848703973	272.81156062890574
0.0	Labidosauriscus	292.3160667794891	281.4694101196272
0.0	Labidosaurus	283.3601302089405	272.915350361305
0.0	Lagerpeton	242.63248999391573	235.69648819543193
0.0	Lanceirosphenodon	218.55573741226846	217.35869775011554
0.0	Langeronyx	247.45340830638048	241.8565148078644
0.0	Langobardisaurus	217.73569889402413	211.2593198742899
0.0	Lanthaniscus	268.4016531494332	263.99728193286916
0.0	Lanthanolania	265.3959990577215	264.60431626550513
0.0	Lanthanosuchus	260.5999488708979	260.1308357457157
0.0	Laquintasaura	200.77593872729864	199.781754531781
0.0	Largocephalosaurus	244.7738431492633	243.50995160384088
0.0	Lariosaurus	247.81943156454943	236.11043004657142
0.0	Lasasaurus	250.73118353580674	250.03176522604113
0.0	Lavinipes	200.9341405925263	199.73175006728516
0.0	Lepidus	216.03437184098897	214.78465721622356
0.0	Leptonectes	201.35638643839707	199.7721021295719
0.0	Leptosuchus	227.38985828502786	208.54443667339464
0.0	Lessemsaurus_Temperate_S	227.68617626304862	208.41176059192279
0.0	Lewisuchus	241.4601307472788	228.37480406690383
0.0	Libognathus	226.18328684325482	224.89337117069945
0.0	Liliensternus	228.4452000869923	200.03092312736578
0.0	Lindwurmia	201.78179847512826	200.76599333443198
0.0	Litorosuchus	239.8231198390173	239.08166152332612
0.0	Lophostropheus	202.0627716170274	201.03953355050228
0.0	Lotosaurus	246.96361711599863	241.83603237565504
0.0	Lucasuchus	234.1572027172983	229.26101922094634
0.0	Lucianosaurus	218.1276885197174	216.91954058285603
0.0	Lucianovenator	221.856593544761	220.68935677211093
0.0	Lufengosaurus	201.95713687601054	198.97387024475546
0.0	Lukousaurus	201.57147894019232	199.14493918885304
0.0	Luopingosaurus	244.7577131745868	243.9198175841502
0.0	Luperosuchus	239.37173749710527	235.88671599473008
0.0	Macgowania	216.29373808552248	207.0389192977919
0.0	Machaeroprosopus	227.17052926848393	201.18443736165543
0.0	Macrocnemus	246.36625601511892	236.47066603365144
0.0	Macrocollum	221.35483367365467	218.3803547080378
0.0	Macroleter_Temperate_N	269.1477262704543	264.49526128178877
0.0	Macroleter_Tropical_N	267.3848635203002	266.4133365232976
0.0	Macroplacus	206.85270700472253	205.7921524567173
0.0	Macroplata	201.6999942017533	200.70128718905667
0.0	Maehary	219.1051760115997	212.93216889917093
0.0	Majiashanosaurus	248.40241504567305	247.64733167219214
0.0	Malerisaurus	218.4806665746778	209.62454199891042
0.0	Malutinisuchus	240.0507335550919	237.0665283959145
0.0	Mambawakale	243.0650080464604	242.30558820594314
0.0	Mandaphon	246.08534618640476	245.24536558155987
0.0	Mandasuchus	247.32059698540945	244.1257817193697
0.0	Marasuchus	242.593439742278	234.3034253416302
0.0	Marcianosuchus	246.99370185156275	246.20787818364823
0.0	Massospondylus	236.25702628679238	234.89431541612046
0.0	Mbiresaurus	237.03847624838707	227.20790900530005
0.0	Megachirella	243.41426706829415	242.59765247155445
0.0	Megalancosaurus	216.5969514840253	208.02502254281825
0.0	Megalosauripus	200.83079680771843	199.82509430469207
0.0	Megalosaurus	207.41342814108845	206.2788626417056
0.0	Megapnosaurus	200.3976612531577	199.41454811945093
0.0	Mehliella	232.40933153602623	230.73293881383938
0.0	Melanorosaurus	220.178804258287	218.97469056751856
0.0	Merriamosaurus	249.1039309952048	248.35131178900758
0.0	Mesodapedon	244.31538968031165	243.45141537043563
0.0	Mesosaurus_Antarctic	291.4055012327647	282.0006970584947
0.0	Mesosaurus_Temperate_S	290.71834142326236	283.3085879780946
0.0	Mesosuchus	247.40582030756426	242.82329147358388
0.0	Metamosaurus	284.479685142491	284.1863139108947
0.0	Metashastasaurus	219.62034527083193	209.82695666452827
0.0	Microcnemus_Temperate_N	251.89146981865034	247.50943797250216
0.0	Microleter	286.1709362108841	285.9067073394471
0.0	Micromenodon	232.1077275276872	230.48309038637387
0.0	Microsphenodon	227.01162757655487	224.932684724691
0.0	Mikadocephalus_Temperate_N	238.0841851994878	236.92299213257945
0.0	Mikadocephalus_Tropical_N	241.94883924355648	241.18017966390755
0.0	Milleretta	261.09875986910873	249.81519435479504
0.0	Millerinoides	256.9798188234965	256.87150213843546
0.0	Milleropsis	260.18291555184055	250.00805917045165
0.0	Millerosaurus	259.34198644133346	255.8820731364678
0.0	Miodentosaurus	235.35261071305086	230.12387817906875
0.0	Mixosaurus	247.54268019928284	237.64823659372348
0.0	Moradisaurus	257.7757956470082	249.64335648760624
0.0	Mystriosuchus_Temperate_N	228.88246285877545	200.01205569297701
0.0	Mystriosuchus_Tropical_N	217.53164392626948	208.93829113261123
0.0	Nambalia	219.32425125487282	209.21061991618194
0.0	Nanchangosaurus	249.0247003160621	242.38222703973835
0.0	Nanoparia	259.7921220578738	256.12237308601857
0.0	Neoaetosauroides	228.02191158027702	208.784666749312
0.0	Neoprocolophon	243.24866057674356	242.4629100928347
0.0	Neusticosaurus	245.54486081906236	238.44477299332834
0.0	Nhandumirim	228.87862574044448	215.9474957475818
0.0	Nicrosaurus_Temperate_N	226.64099324188913	208.67092581643251
0.0	Nicrosaurus_Tropical_N	213.859695883127	212.64546115524394
0.0	Nochelesaurus	263.83736115078364	260.390272966347
0.0	Notatesseraeraptor	210.8916118521527	209.703218233866
0.0	Noteosuchus	251.79953257631556	251.320936683495
0.0	Nothosaurus_Temperate_N	247.5280563539422	206.22955313062548
0.0	Nothosaurus_Tropical_N	247.0119378993279	236.1594642694462
0.0	Nothosaurus_Tropical_S	250.36876666360376	236.71158593322681
0.0	Nundasuchus	244.40710093499604	243.54652758963903
0.0	Nyasasaurus	247.91264663218107	241.10708608390541
0.0	Nycteroleter	272.0881963490836	266.6582115887084
0.0	Nyctiboetus	276.2579069376932	267.3540736369569
0.0	Nyctiphruretus	273.8241123495727	258.81906785457574
0.0	Obirkovia	264.5224533493336	258.58471102403547
0.0	Odontochelys	233.38154956837693	227.84112449250284
0.0	Omphalosaurus_Temperate_N	249.82974115672974	235.1344558435889
0.0	Omphalosaurus_Tropical_N	249.31220918468455	236.6419313820936
0.0	Opisthodontosaurus	291.3895441892476	284.60373041753274
0.0	Orenburgia	251.31955572211882	246.70293246265632
0.0	Orovenator	287.6961150939738	282.07032217827486
0.0	Oryctorhynchus	236.74021757653176	228.6124601065944
0.0	Oryporan	250.45267649151228	249.1045228476122
0.0	Osmolskina	249.4591611147423	248.72204077803391
0.0	Otozoum	216.75099596275757	215.53947010664328
0.0	Owenetta	260.7986339753211	248.09983168050147
0.0	Ozimek	231.52178392423463	229.44169108455134
0.0	Pachypes	252.40226386399968	252.2667547909508
0.0	Pachypleurosaurus	240.204965545229	235.90211997738612
0.0	Pachystropheus	206.95326471010213	202.72274398560063
0.0	Palacrodon_Temperate_S	251.54345835151258	244.96192252320773
0.0	Palacrodon_Tropical_N	215.16359738874226	209.50720932423462
0.0	Palaeagama	252.9311827391873	252.8216758732086
0.0	Palaeochersis	226.89862473913092	208.581364382866
0.0	Palaeosaurus	234.3157291246471	232.63106975715428
0.0	Palatodonta	244.25223582565863	243.3966902313462
0.0	Paleollanosaurus_Temperate_N	206.08743615769916	205.0504976568858
0.0	Paleollanosaurus_Tropical_S	225.44458016215165	224.13543306764282
0.0	Paliguana	247.99154935096462	247.1992514400384
0.0	Pamelaria	246.71421673376372	243.83024553060778
0.0	Pamelina	249.5908548706182	248.83785962900248
0.0	Pampadromaeus	233.048672460958	218.93739071858553
0.0	Panguraptor	200.288499161218	199.2705734679891
0.0	Panphagia	231.83806434512684	230.13828295727905
0.0	Pantydraco	236.8698995417495	235.67461074836643
0.0	Panzhousaurus	245.06798835354203	244.23206557785107
0.0	Pappochelys	239.22927424458467	238.46478840626804
0.0	Parabrontopodus_Temperate_N	201.83196966684685	198.91314350951333
0.0	Parahupehsuchus	248.05487833876327	247.25851259721514
0.0	Paralonectes	251.61722022168243	243.67348813919568
0.0	Paraplacodus	247.46288066736338	236.52855537371468
0.0	Pararcus	245.98722628335818	245.13835263640445
0.0	Parasaurus	261.1832535900032	255.70386524830903
0.0	Parasuchus_Temperate_N	250.51350761388107	228.976467710152
0.0	Parasuchus_Temperate_S	234.15271950531417	229.78869718132052
0.0	Parasuchus_Tropical_N	235.44436246167376	218.71942780296905
0.0	Parasuchus_Tropical_S	223.61806244131458	213.37269383454833
0.0	Paratypothorax_Temperate_N	222.2884409294319	209.90672584387804
0.0	Paratypothorax_Tropical_N	225.58355448744072	209.4188089994674
0.0	Paratypothorax_Tropical_S	223.5273083283458	222.3150271471729
0.0	Pareiasaurus	266.0652520590758	253.22815554087637
0.0	Pareiasuchus	264.3753945102543	254.03921442105732
0.0	Parringtonia	242.71853361274134	241.94220662916746
0.0	Partanosaurus	238.94245654985616	238.0822831492979
0.0	Parvinatator	248.02028638458071	247.2400644808346
0.0	Parvosuchus	241.41741362994028	240.67562277526213
0.0	Pectodens	244.2071597929813	243.38616204127814
0.0	Pelecymala	236.5234362796871	230.3524119223744
0.0	Pendraig	235.40465017300684	233.84144234874728
0.0	Pentaedrusaurus	246.4584963396213	245.65583318804076
0.0	Permotriturus	266.6745751722349	265.76146636576107
0.0	Pessopteryx	249.65739299469183	243.9248054532625
0.0	Peteinosaurus	217.92662610387032	213.1980435829129
0.0	Phaanthosaurus	251.95216106851598	251.13539385808926
0.0	Phalarodon_Temperate_N	251.54984438142878	238.21308409419166
0.0	Phalarodon_Tropical_N	245.50109991546023	237.3990403177752
0.0	Phantomosaurus	243.35776238869744	242.56525097459047
0.0	Phonodus	251.4597297977102	250.86770637627305
0.0	Pisanosaurus	234.4348170572894	232.7623495256635
0.0	Pistosaurus	248.55605566141648	235.9683847202042
0.0	Placochelys	236.53482832479588	207.87593670002585
0.0	Placodus_Temperate_N	245.81510691007114	237.25082658634216
0.0	Placodus_Tropical_N	245.16880561370812	241.13485167556252
0.0	Placodus_Tropical_S	245.76797225222745	239.83540480449344
0.0	Planocephalosaurus_Temperate_N	237.26864157738447	202.12879358177278
0.0	Planocephalosaurus_Tropical_S	223.68960902566454	222.49117490344707
0.0	Plateosauravus	221.81381551959848	210.53702068568845
0.0	Plateosaurus_Temperate_N	227.44718978450564	200.90008124895024
0.0	Plateosaurus_Temperate_S	227.8748983541105	210.20818387003092
0.0	Platypterna	217.13970712573905	198.89310977582934
0.0	Plectropterna	201.83352069441446	199.3989013032342
0.0	Plesiornis	201.69861578092727	200.6742649963477
0.0	Plesiosaurus	209.0819446241176	199.11611944313213
0.0	Polesinesuchus	235.66975225688816	234.20357817434177
0.0	Polonosuchus	227.98006151157344	226.56484738351972
0.0	Polymorphodon	239.2901390800362	238.5590705426657
0.0	Poposaurus	237.84878060841754	200.45306366253988
0.0	Postosuchus	230.9424380099696	200.76193175367953
0.0	Powellvenator	216.5431979070474	215.31735724392482
0.0	Pravusuchus	213.1914034989977	211.90463642089793
0.0	Preondactylus	214.60503570264245	211.6570475600848
0.0	Prestosuchus	242.70386331643948	227.1620465225821
0.0	Procerosuchus	237.88041284707592	236.61523464192697
0.0	Procolina	250.0490744885945	249.30886115674235
0.0	Procolophon	251.9613195354727	246.98638727222706
0.0	Procolophonichnium_Temperate_N	247.02228931172291	243.44624335410893
0.0	Procolophonichnium_Temperate_S	251.16829992466864	250.5288902441285
0.0	Procompsognathus	216.97826832782033	215.83239865170495
0.0	Proganochelys_Temperate_N	224.36069457436616	203.48102119093093
0.0	Proganochelys_Tropical_N	226.0282648934577	224.6298864511894
0.0	Prolacerta	251.86779293048392	247.76019026550122
0.0	Prolacertoides	251.9663079456769	251.62151200156688
0.0	Prosantosaurus	241.2153162841842	240.51011154126084
0.0	Prosaurosphargis	249.0452301587445	248.288118473996
0.0	Protanystropheus	246.3590104507426	242.09272090857945
0.0	Protecovasaurus	229.29881686324373	212.8217861922969
0.0	Protenodontosaurus	235.98281574262316	234.58234829066106
0.0	Proteosaurus	202.16850526393324	198.65646339486312
0.0	Proterochampsa	230.0363613482211	228.46161768722325
0.0	Proterochersis	226.3986444429328	212.21904845540934
0.0	Proterosuchus_Temperate_N	252.01288408155085	251.04218089520924
0.0	Proterosuchus_Temperate_S	251.73099646175183	246.98159699480343
0.0	Protoavis	228.8354994669386	209.7574826853622
0.0	Protocaptorhinus	289.71585669454333	281.9352230164523
0.0	Protoichthyosaurus	201.27731711888117	200.26039250869198
0.0	Protome	209.2034312153836	208.11199798203282
0.0	Protorosaurus	261.41478390906815	253.64762464245013
0.0	Protorothyris	298.9253229177786	293.17103639748166
0.0	Protosuchus	209.1999657399793	199.1780447549995
0.0	Provelosaurus	267.16431542355156	265.2805515609517
0.0	Psephochelys	229.70328452010844	228.18029453470112
0.0	Psephoderma_Temperate_N	205.9558236764185	202.03898941689283
0.0	Psephoderma_Tropical_N	216.1825385308257	214.37009961071024
0.0	Psephoderma_Tropical_S	245.1215760670519	239.5971847836686
0.0	Psephosauriscus	247.06784729501152	238.8665005223477
0.0	Psephosaurus_Temperate_N	238.42742432098777	237.41138959519023
0.0	Psephosaurus_Tropical_S	244.97261778097456	240.8244297923683
0.0	Pseudhesperosuchus	218.3925810310615	217.1637470998988
0.0	Pseudochampsa	229.82316199646354	228.2500598907911
0.0	Pseudotetrasauropus_Temperate_N	216.43525404267987	215.21156950187944
0.0	Pseudotetrasauropus_Tropical_N	223.3347242816387	200.0485549693196
0.0	Pterodactylus	200.12682256652903	199.14348246874735
0.0	Pumiliopareia	257.12895211347944	257.0211974724762
0.0	Qianichthyosaurus	239.44324955802992	227.02431670734646
0.0	Qianosuchus	244.5742232247818	243.41876331405246
0.0	Qianxisaurus	240.8493956575697	240.09626285768937
0.0	Quasianosteosaurus	249.2448371296411	248.50391263290473
0.0	Raeticodactylus	209.7587200012568	208.6224187856771
0.0	Rautiania	265.6563928065464	260.99182336167775
0.0	Redondasuchus	215.99575832590867	208.83754741606697
0.0	Redondavenator	210.35016220125632	209.15727793423653
0.0	Revueltosaurus	233.30960364312566	207.8187647653013
0.0	Rhaeticosaurus	208.00851145318646	206.87947559717966
0.0	Rhipaeosaurus	266.3926285677333	261.21782926295253
0.0	Rhomaleosaurus	206.01688108436613	198.5961831649797
0.0	Rhombopholis	246.37727792454947	238.51625847623995
0.0	Rioarribasuchus	226.02570656579397	208.65751315722
0.0	Riojasaurus	215.7191553288965	211.43650542780307
0.0	Riojasuchus	215.46252458957377	214.2151591366141
0.0	Romeria	299.5449393162176	297.9926187575548
0.0	Rothianiscus	272.23543191502733	264.4891866689052
0.0	Rotodactylus	217.5431466004448	216.34058308007303
0.0	Ruehleia	224.68298739249582	212.30783845581524
0.0	Rugarhynchos	209.31149513296003	208.15779998154582
0.0	Ruhuhuaria	243.27927097692393	242.4715339238462
0.0	Rutiodon	232.4796407192127	209.80316564414997
0.0	Sacisaurus	214.19985290993145	212.97006848600066
0.0	Saltoposuchus	217.00142977312834	213.92152438931257
0.0	Sanchiaosaurus	243.54748277519099	242.72224214572435
0.0	Sanchuansaurus	252.74978428753843	252.640495694419
0.0	Sanjuansaurus	232.43178425222064	230.70649291374784
0.0	Santaisaurus	252.00734245739855	250.6543085962027
0.0	Sarcosaurus	201.6944661917649	200.64311289056027
0.0	Sarmatosuchus	244.82100275230508	243.98701601243908
0.0	Saturnalia	233.84883806861401	209.40641379275377
0.0	Saurischichnus	225.65068944785102	210.2465461166817
0.0	Saurodektes	251.8749034988811	248.76220299683214
0.0	Sauropareion	251.80948177821347	249.44667874556313
0.0	Sauropus	201.60081153709226	200.57128797987082
0.0	Saurorictus	257.32701186653486	257.22097911619284
0.0	Saurosternon	256.8233220449611	256.71514983976215
0.0	Saurosuchus	232.59082767743197	230.98261134604198
0.0	Scelidosaurus	200.30056064127285	199.29747893978424
0.0	Scharschengia	248.7889492841449	248.05432237088354
0.0	Schleitheimia	209.45944928276006	208.29061767159254
0.0	Sclerocormus	247.82396536393588	247.0267058527044
0.0	Sclerosaurus	248.01281986463286	244.26820890303176
0.0	Sclerostropheus	223.5412233440241	222.32891143692305
0.0	Scoloparia_Temperate_N	202.5340260189074	201.55336416635592
0.0	Scoloparia_Tropical_N	235.90910378030196	227.6408928784379
0.0	Scolotosuchus	250.25651725697043	249.53086406983581
0.0	Scutarx	223.07252817848834	208.24464694529206
0.0	Scutosaurus	264.890761972888	256.87901256714326
0.0	Scythosuchus	250.30564563871656	249.5859675643841
0.0	Seazzadactylus	224.85041225083484	223.60892525402787
0.0	Selenichnus	202.04240856122885	198.66749143209236
0.0	Serpianosaurus	247.14920741314128	237.077805043104
0.0	Shansisuchus	247.43836305455065	241.91001276992517
0.0	Shastasaurus_Temperate_N	215.96121070506786	214.76628005160288
0.0	Shastasaurus_Tropical_S	237.1873399254205	227.52340114129
0.0	Shihtienfenia	254.44894077864876	249.9612573969994
0.0	Shonisaurus_Temperate_N	233.67740209249448	200.7242013738611
0.0	Shonisaurus_Tropical_N	225.3334754257134	217.9085069612389
0.0	Shringasaurus	247.64590565549346	242.63665998722527
0.0	Shuangbaisaurus	200.93273274657477	199.89869767137802
0.0	Shuvosaurus	227.71432914449568	202.792368981552
0.0	Sigmala	236.09434054653798	226.908138703191
0.0	Sikannisuchus	227.09247869420702	214.23951955031453
0.0	Silesaurus	230.36348752850176	228.71855481350843
0.0	Sillosuchus	228.666880383033	227.29038539499558
0.0	Simosaurus_Temperate_N	242.82266619891155	204.76189079738614
0.0	Simosaurus_Tropical_S	242.4690987657946	241.70838717021107
0.0	Sinocyamodus	232.61992471602636	230.9310608940689
0.0	Sinosaurosphargis	245.16548795956257	243.81601517111946
0.0	Sinosaurus	201.63194019549383	199.39428523436695
0.0	Skybalonyx	215.24244469311256	214.04974605163534
0.0	Smilodonterpeton	203.7089312700035	202.69343307452587
0.0	Smilosuchus	229.99907511239763	208.24336364415154
0.0	Sophineta	251.32964196288543	250.71395526730507
0.0	Soturnia	222.06463730337467	209.0953130734106
0.0	Soumyasaurus	212.5620275308095	211.38632240393778
0.0	Sphenotitan	226.3376182248118	215.39064379716578
0.0	Sphodrosaurus	210.69382094364417	209.5313947758932
0.0	Spinosuchus	234.48528861861476	212.39304805518557
0.0	Spondylolestes	260.1761251899165	254.69527940612335
0.0	Spondylosoma	243.20926356902083	234.91466843593315
0.0	Stagonolepis_Temperate_N	232.6153142076004	226.0948654260851
0.0	Stagonolepis_Tropical_N	226.74637590091208	212.19657838481004
0.0	Stagonolepis_Tropical_S	214.44636129566518	213.24960069124404
0.0	Stagonosuchus	247.37954315029657	244.90956222156345
0.0	Staurikosaurus	235.63398904471362	234.08199641912526
0.0	Stauromatodon	237.9423959049267	236.65597347228785
0.0	Stegomus	220.7865887814878	212.47042364409754
0.0	Stenaulorhynchus	247.03362021478674	241.98554249920312
0.0	Stenomyti	224.2048300802381	222.96912852366685
0.0	Stenoscelida	213.3142397848446	212.0972869003536
0.0	Stereosternum_Antarctic	287.1407626793754	286.87807238310234
0.0	Stereosternum_Temperate_S	291.2341963825785	282.96611976191775
0.0	Styracocephalus	265.5832781027295	259.80138962354243
0.0	Syntarsus	208.65873946438194	207.61738965726417
0.0	Syntomiprosopus	209.91529199774766	208.74269489846577
0.0	Tachiraptor	201.60552079946748	200.57895698225775
0.0	Tanaisosaurus	248.5475446889093	247.8028808955817
0.0	Tanystropheus_Temperate_N	247.47501103102192	200.96930786047182
0.0	Tanystropheus_Tropical_N	247.68652694115735	237.20152749108885
0.0	Tanystropheus_Tropical_S	245.06573087193286	243.24030481582741
0.0	Tanytrachelos	226.68761738686783	207.60949983626136
0.0	Tarjadia	241.90805624222548	235.28560209494336
0.0	Tarsodactylus	201.84155674524257	200.8393730326983
0.0	Tasmaniosaurus	252.04297375965967	250.72545460780088
0.0	Tawa	226.8158188218599	207.81316551327203
0.0	Taytalura	233.90875467587878	232.31954518345313
0.0	Technosaurus	219.0116906960727	217.79307608320016
0.0	Tecovasaurus	228.85486786032254	209.38984015879538
0.0	Tecovasuchus	228.11054243582186	208.42128582192194
0.0	Teleocrater	247.67203475313946	240.86527498408213
0.0	Temnodontosaurus	202.50032617459976	198.68291474402653
0.0	Teraterpeton	235.19651392611866	228.3958788690559
0.0	Teratophon	246.40594504258405	241.8591348769782
0.0	Teratosaurus_Temperate_N	246.72518455233984	218.86086520683875
0.0	Teratosaurus_Temperate_S	251.24870805545376	250.62680928636635
0.0	Termatosaurus	208.7770249954011	201.22871695979651
0.0	Terrestrisuchus	236.05740742115057	230.18498805581598
0.0	Tetrasauropus_Temperate_N	217.16488440800714	215.95432534278982
0.0	Tetrasauropus_Temperate_S	243.9057824779878	234.6918498891057
0.0	Teyujagua	249.63980685096934	248.89299896387178
0.0	Teyumbaita	222.3050038979488	210.74843614285712
0.0	Thadeosaurus	258.91059137416914	258.80304338673426
0.0	Thaisaurus	247.97150968449589	247.1757084370124
0.0	Thalassiodracon	208.66842170639922	198.9395696192281
0.0	Thalattoarchon	244.48556403062315	243.63776565889208
0.0	Thalattosaurus	248.5430446968378	240.066237569101
0.0	Thecodontosaurus	240.3683001310469	200.44867596905814
0.0	Theledectes	245.81449705134412	244.98019888807488
0.0	Thelephon	243.33979678424396	242.57340995053255
0.0	Thelerpeton	247.47372615339015	240.9823244054043
0.0	Tholodus_Temperate_N	248.1187276013529	242.98099766613117
0.0	Tholodus_Tropical_N	246.335112542091	245.50660438727508
0.0	Thuringothyris	291.5695382295027	284.0018162272191
0.0	Tichvinskia	250.97891624669558	246.6614461209977
0.0	Ticinosuchus	243.90463430817474	241.30313062210857
0.0	Tikisuchus	228.47506703611867	226.98981808333488
0.0	Timanophon	251.43633237353276	246.82437386020905
0.0	Toretocnemus	235.8541215659634	227.03124549174726
0.0	Trachelosaurus	246.81297925381048	246.0310918019976
0.0	Trialestes	236.0353833022623	231.417582302677
0.0	Tricuspisaurus	204.05707396294707	203.0530170626069
0.0	Trihamus	201.53084114693817	200.52697672545654
0.0	Trilophosaurus	235.0531452121348	208.22797411185962
0.0	Tropidosuchus	242.41321958300446	236.3756818678998
0.0	Tuebingosaurus	214.28520728206087	213.06816443543335
0.0	Turfanosuchus	246.37491200421414	245.54092163020735
0.0	Typothorax	227.4583765941764	201.56174652925745
0.0	Uatchitodon	234.41618454181244	208.2890452094545
0.0	Unaysaurus	220.27542505390647	213.76995207384337
0.0	Unguinychus	220.1672100877862	218.98683218476125
0.0	Uralosaurus	247.02287723585619	242.99125478527588
0.0	Utatsusaurus	251.15224996290308	247.79719121916352
0.0	Vallesaurus	217.26826106649756	212.0121032375669
0.0	Vancleavea	233.93355103162094	200.8256046873312
0.0	Variodens	208.94106418309178	203.0642938242749
0.0	Vellbergia	239.373058405853	238.58646553123694
0.0	Velocipes	212.98883785922737	211.73582521752238
0.0	Venaticosuchus	231.12716206923892	229.34014135720867
0.0	Venetoraptor	231.7851548538242	218.1221121651614
0.0	Vinitasaura	235.01215165307892	233.42746889297345
0.0	Vivaron	229.1629902293153	207.9519760961016
0.0	Vjushkovisaurus	246.81600179479557	242.66964901444882
0.0	Volcanosuchus	229.26065311176308	227.73757959719325
0.0	Vonhuenia	251.95180917099387	251.5784146696225
0.0	Vritramimosaurus	249.98026970950713	249.24476776358912
0.0	Vytshegdosuchus	251.09904384667618	250.44799440619465
0.0	Wahlisaurus	200.5033802473314	199.4964293380076
0.0	Waluchelys	217.41285286072937	216.22727428842416
0.0	Wangosaurus	240.5709881065118	236.0967396711823
0.0	Wannia	224.21501332636473	213.79783247385208
0.0	Wapitisaurus	251.22055278358005	250.5848574926876
0.0	Weigeltisaurus	260.5655189748257	253.38666347757874
0.0	Whitakersaurus	208.04139780011087	206.87112624084148
0.0	Wimanius	243.9233245769191	243.09225249287974
0.0	Wumengosaurus	247.38011028517113	241.94427089559142
0.0	Xenodiphyodon	228.10207178258435	226.72833412346003
0.0	Xilousuchus	248.37900414764655	247.6148611770398
0.0	Xingxiulong	201.22175251993494	200.23431615096996
0.0	Xinminosaurus	244.44718093447185	243.59888259669452
0.0	Xinpusaurus	242.21551464015198	228.8835889722777
0.0	Xiphopeza	201.84760552437655	200.866695057427
0.0	Yarasuchus	248.481070409305	241.55324561180717
0.0	Yelaphomte	226.22288343807347	224.88976063235907
0.0	Yimenosaurus	201.55684300978766	199.34564540232034
0.0	Youngetta	250.88264574533798	250.20695603639538
0.0	Youngina	261.16587421796737	250.51330580343964
0.0	Youngosuchus	247.30460837004713	246.51055983575083
0.0	Yunguisaurus	240.84192088343926	236.07755216505063
0.0	Yunnanosaurus	201.85345182273534	200.59188266883285
0.0	Zanclodon	241.5001328995692	201.3740477517375
0.0	Zhongjiania	259.74682980136265	254.14658210036492
0.0	Zupaysaurus	224.19488306768585	222.89512267675303
