clade	species	ts	te
0.0	Abyssomedon	283.7776739732706	283.0073699376483
0.0	Acadiella	230.4560750506558	228.87628720300083
0.0	Acaenasuchus	226.9069910921185	208.66787593026962
0.0	Acallosuchus	221.52083564552484	220.26696976390218
0.0	Acerosodontosaurus	259.1770468448369	259.0610027739384
0.0	Acleistorhinus	277.10651291597856	276.0437544480189
0.0	Acrodenta	259.72380278591214	259.3828947293006
0.0	Actiosaurus	205.2840154405874	204.23917794066182
0.0	Adamanasuchus	227.57398075661135	226.01912078771494
0.0	Adelosaurus	255.38258277948353	255.27422089761018
0.0	Aenigmasaurus	250.17600312277625	249.46170036671145
0.0	Aenigmaspina	234.47580768559214	232.80053797158826
0.0	Aenigmastropheus	259.05911562264083	258.9481999144486
0.0	Aetosauroides	236.68532824472854	211.01238477984938
0.0	Aetosaurus	226.6365692951152	208.17564732805243
0.0	Agkistrognathus	250.3421572455258	249.63026740904664
0.0	Agnosphitys	234.45547003530123	232.83038766838933
0.0	Alexeyisaurus	217.168034239974	215.9569037499637
0.0	Alwalkeria	237.08733583127938	236.03424351377342
0.0	Amanasaurus	230.34696470257427	208.08896459141664
0.0	Ammorhynchus	247.762524947756	244.1137139575788
0.0	Ammosaurus	201.64065729704762	199.1866414894605
0.0	Amotosaurus	247.36530202549585	241.74715687650883
0.0	Anarosaurus	247.23705536744856	242.71410581012066
0.0	Anchisauripus_Temperate_N	224.80363070137972	197.67409728985908
0.0	Anchisauripus_Tropical_N	225.1671365455178	198.33115068733062
0.0	Ancistronychus	225.41844100644406	224.14227093746902
0.0	Angistorhinus	237.82621107301298	208.01068440032293
0.0	Anisodontosaurus	246.9640991456935	239.59953064985214
0.0	Anomoepus_Temperate_N	201.60594342048066	199.25506855761589
0.0	Anomoepus_Tropical_N	223.69553441519673	198.84269910421176
0.0	Anomoiodon	247.2970892992858	241.2531275534421
0.0	Anshunsaurus	239.1112465491116	228.30021695490086
0.0	Anthodon	259.52137123112084	253.6367632136753
0.0	Anticheiropus	200.80728701271937	199.76475477220632
0.0	Apachesuchus	210.2807244753653	209.13834729298853
0.0	Apatopus_Temperate_N	233.08460125449736	231.39685392934717
0.0	Apatopus_Tropical_N	226.5857851563092	200.83923814156083
0.0	Apatopus_Tropical_S	230.98619633694037	229.35521731248394
0.0	Apatosuchus	214.24109918562618	213.0512601787218
0.0	Aphelosaurus	297.9358972070896	296.2179237513064
0.0	Araeoscelis	290.7830679538898	271.4035191269342
0.0	Archeopelta	242.01069049588787	241.25271023807554
0.0	Archosaurus	261.0163566915872	257.09406945846195
0.0	Arcticodactylus	221.95017224465758	220.78199093283885
0.0	Arganaceras	256.52009947884994	256.4141514673021
0.0	Arganasuchus	238.35659803539937	225.90990256186913
0.0	Argoides	201.71826501357114	199.3338606593381
0.0	Arizonasaurus	247.20477516574599	245.20176177536334
0.0	Asilisaurus	247.23359657470647	241.8360412817654
0.0	Askeptosaurus	247.0426138844438	236.47050237558074
0.0	Asperoris	244.84481378944346	244.0333931821287
0.0	Asylosaurus	208.3476657106442	200.6684374236237
0.0	Atopodentatus	245.00079515118279	243.88416567511965
0.0	Atreipus_Temperate_N	237.17779914557173	236.09760198668826
0.0	Atreipus_Tropical_N	234.2119128123963	211.78292627108124
0.0	Augustaburiania	250.60895247323566	246.57659110603305
0.0	Augustasaurus	242.90597762244266	242.1721322262771
0.0	Australothyris	260.08517801508464	259.72719839324657
0.0	Austriadactylus	212.21831678851748	208.3642670938576
0.0	Austriadraco	209.27539634708725	208.1386088604133
0.0	Avalonnectes	201.72205348605098	200.7213341325529
0.0	Avicranium	205.5498531149524	204.5597154454356
0.0	Azendohsaurus	231.90147232782087	230.24824195343936
0.0	Baeotherates	284.04577005629426	283.5484479288924
0.0	Baisesaurus	248.91136245181036	248.14630746361257
0.0	Barasaurus	260.61223590277626	247.14370012647666
0.0	Barberenasuchus	240.77792007728462	240.06443213889105
0.0	Barracudasauroides	247.00461051728118	242.30559889089648
0.0	Barracudasaurus	248.47600034777463	237.33414154935755
0.0	Barrancapus	223.5024701086568	222.3574373047057
0.0	Bashkyroleter	273.84912306966726	264.44612450569286
0.0	Batrachopus_Temperate_N	249.68678509603598	200.52876017089372
0.0	Batrachopus_Tropical_N	209.36099461637934	199.18033619540512
0.0	Batrachotomus	240.72610436350337	235.16808740483071
0.0	Belebey	269.557301111439	265.0503848986926
0.0	Benggwigwishingasuchus	247.01612457613942	246.23433628619483
0.0	Bentonyx	246.024353811047	245.2291868022
0.0	Bergamodactylus	216.97032776552757	215.7792310175612
0.0	Besanosaurus	244.7781188716977	243.9817710205205
0.0	Blezingeria	247.45419400271047	246.67232687699396
0.0	Blomosaurus	251.52702847021715	250.9523110366724
0.0	Bobosaurus	237.03438056565832	235.97567256239705
0.0	Bolosaurus	299.6418964667436	277.22414891041905
0.0	Boreopricea	251.23619502750083	246.0483194818319
0.0	Brachychirotherium_Temperate_N	235.0320429433296	233.41703805918831
0.0	Brachychirotherium_Tropical_N	232.67231120004465	202.8695938623609
0.0	Brachychirotherium_Tropical_S	231.6125442139563	227.29002721295018
0.0	Bradysaurus	264.54547863269966	259.4838793376271
0.0	Brasinorhynchus	240.01715716515216	234.95743055890753
0.0	Brazilosaurus	291.81861786295747	282.99512266655
0.0	Bromsgroveia	245.78689453001635	241.33304631115908
0.0	Broomia	263.83638325554585	259.3296288153017
0.0	Bunostegos	252.4560459623593	252.33353582029744
0.0	Buriolestes	234.6210210412171	210.40924380280228
0.0	Bystrowisuchus	250.56256071533767	249.85750693471155
0.0	Callawayia	222.18929382244016	211.29780507798307
0.0	Calyptosuchus	230.1712008506958	208.16765086985615
0.0	Camelotia	204.9615790260638	203.5167875244862
0.0	Camposaurus	222.94655773966196	221.73169615196082
0.0	Candelaria	241.56405190279176	235.22465099791106
0.0	Captorhinikos	282.714589083498	273.32293426263936
0.0	Captorhinoides	278.51362506706664	273.5906774472579
0.0	Captorhinus_Temperate_S	257.9007703345092	257.7948985576278
0.0	Captorhinus_Tropical_N	291.8758092745881	271.64385746598384
0.0	Captorhinus_Tropical_S	290.7672661737117	277.5067451270001
0.0	Cargninia	217.6879711278683	216.46759697159288
0.0	Carnufex	232.18854012745996	230.57957174864603
0.0	Cartorhynchus	248.44183831044975	247.68830031232977
0.0	Caseosaurus	216.93038964890505	215.7433948511865
0.0	Caviramus	206.4872429230765	205.4727287987508
0.0	Ceresiosaurus	242.43153662175772	237.79783580348743
0.0	Chalishevia	239.93913371274724	236.79302045671764
0.0	Chanaresuchus	240.84699145085037	235.16216763264728
0.0	Chaohusaurus	249.4971422934621	240.28484720330206
0.0	Chasmatosuchus	251.8863642081712	246.97683905544264
0.0	Chelyoposuchus	204.36995182553528	203.3784094418757
0.0	Chinchenia	237.98630617985935	236.7681764940114
0.0	Chindesaurus	228.24523905347004	213.16142765215977
0.0	Chinshakiangosaurus	200.38548894844521	199.37264319552128
0.0	Chirotherium_Temperate_N	232.0581153769028	205.75958609143387
0.0	Chirotherium_Temperate_S	242.04643388603773	239.5385816346003
0.0	Chirotherium_Tropical_N	252.09491700767023	214.4386081929811
0.0	Chromogisaurus	234.83870528554107	233.26860454361565
0.0	Clarazia	243.41593521500945	242.63338102307216
0.0	Claudiosaurus	260.86660076948317	250.27753386828115
0.0	Clevosaurus_Temperate_N	236.06491121940493	199.15298116959397
0.0	Clevosaurus_Temperate_S	228.27015024914786	208.54069334156242
0.0	Coahomasuchus	233.26304281007748	223.35302790311786
0.0	Coartaredens	244.14504745579322	241.3856622548108
0.0	Coburgosuchus	209.25164221052648	208.14447442883815
0.0	Coelodontognathus	249.86657939374675	246.93011365825276
0.0	Coelophysis_Tropical_N	227.84892974310688	199.18531885807823
0.0	Coelophysis_Tropical_S	215.76950791664115	214.58031397667796
0.0	Coelurosauravus_Temperate_N	258.3564355338795	258.24851528136804
0.0	Coelurosauravus_Temperate_S	256.4833226201645	252.72621798285445
0.0	Coelurosaurichnus_Temperate_N	248.65563693061242	201.05787731613805
0.0	Coelurosaurichnus_Tropical_N	248.07553102757748	214.38671862787174
0.0	Coelurosaurichnus_Tropical_S	228.2452416203116	226.51690842662686
0.0	Coletta	249.16511432062603	248.43571341190213
0.0	Collilongus	249.86755471404317	249.13789664099144
0.0	Colobomycter	292.71575188051463	283.1663626878044
0.0	Colobops	221.0242697848614	219.82681293322958
0.0	Coloradisaurus	222.04327885869841	207.0811780829971
0.0	Coloradisuchus	215.1930073411282	214.01193929868967
0.0	Concavispina	229.9626830863603	228.29737599294737
0.0	Contectopalatus	247.21380185648076	246.41457435034604
0.0	Corosaurus	248.78066371376127	246.8975675289584
0.0	Cosesaurus	237.84617580759786	236.58904394554855
0.0	Crosbysaurus	226.6885864183544	210.81161106821446
0.0	Ctenosauriscus	248.842240619736	248.07493924138237
0.0	Cyamodus	247.6097893622603	230.92477252202266
0.0	Cymatosaurus	247.10716360035116	244.25742693375102
0.0	Cymbospondylus_Temperate_N	245.6592648858101	234.85051644494203
0.0	Cymbospondylus_Tropical_N	248.83894565640313	235.77829974152567
0.0	Czatkowiella	250.49582391376043	249.79295640804725
0.0	Dactylosaurus	247.8873021460309	242.10710725947987
0.0	Daemonosaurus	202.8107270541257	201.7933118833262
0.0	Dagasuchus	229.6393806763943	228.07174775861415
0.0	Dawazisaurus	244.89992914069128	244.08439421469626
0.0	Decuriasuchus	242.54153932297666	236.01536217769316
0.0	Delatorrichnus	200.68059918876065	199.65998253140427
0.0	Delorhynchus	289.34901485546345	281.66788050526475
0.0	Deltadectes	221.95214184367805	202.70653578051162
0.0	Deltavjatia	264.7162154969246	259.66407595409277
0.0	Desmatosuchus	232.63250896060825	213.9609233031735
0.0	Diandongosaurus	244.4592989426582	243.6451972188573
0.0	Diandongosuchus	241.1240974426904	240.3702867135326
0.0	Dianmeisaurus	245.05662889662182	244.05309720014665
0.0	Dianopachysaurus	244.60383959182806	243.80006895202234
0.0	Dimetropus	292.2544964129786	282.9767497383803
0.0	Dimorphodon	201.11327142785578	200.09969039234625
0.0	Dinocephalosaurus	244.7983284700789	243.62924168340027
0.0	Diphydontosaurus_Temperate_N	237.40131264593978	201.85764946062025
0.0	Diphydontosaurus_Tropical_N	215.45693838543264	214.31905562082434
0.0	Diphydontosaurus_Tropical_S	222.51974815984127	221.33785564685323
0.0	Dolabrosaurus	212.99248153983115	211.76323861189044
0.0	Dolerosaurus	229.79423665663575	228.25028789152648
0.0	Dolichobrachium	235.76337613848935	234.3559331531398
0.0	Doliovertebra	244.18727234539176	243.36601448844712
0.0	Dongusuchus	246.06814477757194	241.20625206786437
0.0	Dorosuchus	245.42411758175925	242.15597304760973
0.0	Doswellia	237.92389160761897	208.20655560339208
0.0	Dracoraptor	200.30381405954583	199.2620917743539
0.0	Drepanosaurus_Temperate_N	216.46820575340303	215.20666347077088
0.0	Drepanosaurus_Tropical_N	221.35751890714448	206.30716100735546
0.0	Dromomeron_Temperate_S	215.36813030937634	214.14745701307115
0.0	Dromomeron_Tropical_N	222.17296028589772	201.4625978312055
0.0	Dromomeron_Tropical_S	227.4559325212	209.455565833851
0.0	Dyoplax	235.78281598384066	234.36186011676284
0.0	Ebrachosuchus	235.47078991998364	233.965483539431
0.0	Effigia	207.3064927878635	203.04390509525862
0.0	Efraasia	220.3270737714425	212.60620211236932
0.0	Eifelosaurus	245.22366616657732	244.41309296383997
0.0	Elachistosuchus	208.24127008812533	207.09236350160035
0.0	Elessaurus	251.02003816113506	250.34589532743135
0.0	Elginia	259.29095534153305	252.36575511820965
0.0	Embrithosaurus	264.5073241524069	259.75755942618895
0.0	Emeroleter	265.43372553100136	259.5621570481214
0.0	Endennasaurus	214.64708784946438	213.46341909527263
0.0	Energosuchus	239.98080233508836	235.70594845349157
0.0	Eodromaeus	229.73821138413055	228.14807695300757
0.0	Eohupehsuchus	248.39408844808858	247.63699664139608
0.0	Eohyosaurus	246.91134687211996	240.8162916397121
0.0	Eomurruna	251.95238701716144	250.93276186228113
0.0	Eoplesiosaurus	201.36070943755735	200.3442720812514
0.0	Eoraptor	234.8429538019784	226.82472315714392
0.0	Eorasaurus	263.3841982036085	262.8284592424138
0.0	Eorhynchochelys	232.11817591061526	230.43845914798595
0.0	Eosauropus_Temperate_N	225.91772049215308	219.52929755362703
0.0	Eosauropus_Tropical_N	227.7992640559213	206.45094681908716
0.0	Eretmorhipis	238.56888253576608	237.59798066013826
0.0	Erpetosuchus	225.87756012484107	224.50370377504842
0.0	Erythrosuchus	245.9665626288897	242.02526862750344
0.0	Erythrovenator	230.44995072912394	228.8630275301558
0.0	Eshanosaurus	200.49630476963802	199.46588619202151
0.0	Eubrontes_Temperate_N	226.68076350663145	199.1808011340133
0.0	Eubrontes_Tropical_N	226.95794005391147	199.0534714372206
0.0	Eucoelophysis	228.7168647874178	199.73911362016602
0.0	Eudibamus	284.75326803439464	284.4567038528721
0.0	Eudimorphodon	225.2918802089316	200.38759497552766
0.0	Eumetabolodon	250.01123650326076	243.31893431544404
0.0	Eunotosaurus	265.397650023271	259.5299127462254
0.0	Euparkeria	247.2677370402391	241.96927116574184
0.0	Eurhinosaurus	200.37704675556822	199.34204423917916
0.0	Eurycleidus	201.1900261540165	200.17284148586018
0.0	Eusaurosphargis	246.04450429102803	240.24132895015447
0.0	Euscolosuchus	231.2772132950616	229.62107324029577
0.0	Evazoum	231.21009116175168	206.3340993499635
0.0	Fasolasuchus	214.38959800490406	213.15097046111066
0.0	Faxinalipterus	211.47504404539433	207.4424134500086
0.0	Feeserpeton	283.71117461963496	282.9022781959135
0.0	Feralisaurus	247.23532399715464	246.44193116665733
0.0	Fodonyx	247.44219805905436	241.84780291865397
0.0	Fraserosphenodon_Temperate_N	232.4931986289179	230.8020728296171
0.0	Fraserosphenodon_Tropical_S	224.65669875250174	223.38982984678762
0.0	Fraxinisaura	239.89104943661604	239.15397276143216
0.0	Fugusuchus	248.5948067827256	247.82666393836797
0.0	Fuyuansaurus	237.95612181668946	236.7369471545383
0.0	Galesphyrus	257.79033378561365	254.97972209214487
0.0	Gamatavus	242.51369834245054	235.7775623426082
0.0	Gansurhinus	271.952633112116	255.18533676061332
0.0	Garjainia_Temperate_N	249.03539465590217	247.27723571215708
0.0	Garjainia_Temperate_S	251.45769849288217	246.6381554155728
0.0	Garzapelta	224.14179205499462	222.920752972578
0.0	Gecatogomphius	275.15852857131125	268.21994529169496
0.0	Gephyrosaurus	204.83959896412512	202.2922975570473
0.0	Glaurung	255.47426550003365	255.36611441314815
0.0	Glyphoderma	240.51629447120607	239.77093536921438
0.0	Gnathovorax	232.59522727510483	210.5018986375417
0.0	Gojirasaurus	211.63785073488293	210.36776558587894
0.0	Gomphiosauridion	236.3264027479506	235.00580587862547
0.0	Gorgetosuchus	228.6470937427304	227.18463495004616
0.0	Gracilisuchus	240.38581269942722	236.7443678293127
0.0	Grallator_Temperate_N	235.0358326386907	198.0409119626582
0.0	Grallator_Temperate_S	230.95756825478315	212.06499792316654
0.0	Grallator_Tropical_N	233.08636082125383	199.21239857311835
0.0	Graoullyodon	208.15888179957088	207.03272988408543
0.0	Gregaripus	228.00520665266973	212.38475279910674
0.0	Gresslyosaurus	227.89614312868892	208.7264759952392
0.0	Grippia	251.28440886212033	247.83673512641138
0.0	Guaibasaurus	226.75718935631332	207.85460774996903
0.0	Gualosuchus	239.6328457740662	236.39875076424917
0.0	Guanlingsaurus	234.22668306618905	226.47607784333545
0.0	Guchengosuchus	244.50048962751148	243.6968160241692
0.0	Guizhouichthyosaurus	240.97508939081212	227.39489466729898
0.0	Gulosaurus	249.71613139712457	248.23308271801133
0.0	Gunakadeit	215.55911936885212	214.3436008616481
0.0	Gwyneddichnium	228.72959714110135	202.45520135509375
0.0	Gyposaurus	202.03760910916338	199.41033725143063
0.0	Halazhaisuchus	244.0628056507966	243.25788172058702
0.0	Haligonia_Temperate_N	210.18840694644487	202.85861951098323
0.0	Haligonia_Tropical_N	235.01618080924527	233.40118940375262
0.0	Hanosaurus	250.56480029679975	249.86715908476202
0.0	Helcura	202.01131787562443	199.49821057803774
0.0	Helveticosaurus	241.83365948182714	241.07086768302813
0.0	Hemilopas	248.37080350243738	241.0774121207805
0.0	Hemiprotosuchus	215.41011008683137	213.25009884739924
0.0	Heptasuchus	231.89140248458742	230.20399102011348
0.0	Herrerasaurus	235.60756081061774	226.56284207059443
0.0	Hescheleria	243.13947659033624	242.33615988989993
0.0	Hesperosuchus	223.55191369210598	202.13384109859163
0.0	Heterodontichnites	236.22930746653725	224.0198645376101
0.0	Heteropelta	246.87642684629904	246.10374496863204
0.0	Himalayasaurus	215.885469220928	214.65926457207073
0.0	Hispaniasaurus	240.9798278994932	240.2571267671981
0.0	Honghesaurus	244.7141965090564	243.91195843618198
0.0	Horaffia	240.44656926198633	235.70207982607326
0.0	Hovasaurus	259.48292257279974	249.8835195327114
0.0	Howesia	244.0704359780801	242.03564067324186
0.0	Hudsonelpidia	211.57346504807376	210.35712965968793
0.0	Hupehsuchus	250.54010797872982	235.41425488183526
0.0	Hwiccewyrm	237.01961378052573	227.3023001463625
0.0	Hyloidichnus	255.15776338837918	251.09217187910556
0.0	Hyperodapedon_Temperate_S	236.78079330377383	208.29196607093297
0.0	Hyperodapedon_Tropical_N	229.5074589605214	227.13633720693664
0.0	Hypselorhachis	246.28775150643878	245.47350749305085
0.0	Hypsognathus_Temperate_N	202.20403909101242	201.18378090994753
0.0	Hypsognathus_Tropical_N	232.57733423466172	205.92655552797925
0.0	Hypuronector	213.61066217855935	208.2818056341502
0.0	Icarosaurus	218.43346499963593	217.27792240631146
0.0	Ichthyosaurus_Temperate_N	208.60725611923593	199.15852658249958
0.0	Ichthyosaurus_Tropical_N	221.17021615117577	207.12084295508677
0.0	Ichthyotitan	202.00166553392222	200.98535320907607
0.0	Idiosaura	229.29332217329423	227.81498176844545
0.0	Ignotosaurus	233.46244525531162	231.81031408567083
0.0	Incertovenator	236.0722634319388	234.6770572279905
0.0	Ingentia	219.18662900531012	218.01583225932097
0.0	Isfjordosaurus	249.0237214772071	248.29244778172915
0.0	Ixalerpeton	236.02508398505896	217.73048305912576
0.0	Jaklapallisaurus	217.5576212331512	216.33700969123217
0.0	Jaxtasuchus	239.19222418230848	236.6467824065976
0.0	Jesairosaurus	243.64096591058353	242.83639807969823
0.0	Jingshanosaurus	200.66275784168377	198.90484281947994
0.0	Jushatyria	244.80939525738108	244.00014232130678
0.0	Kadimakara	251.87426605666738	251.17647146674366
0.0	Kalisuchus	251.464159073262	250.87823560413406
0.0	Kapes_Temperate_N	251.5953715232669	242.2945281525306
0.0	Kapes_Tropical_N	244.96591734181982	242.47421275501182
0.0	Kayentapus_Temperate_N	201.55953706424856	199.25008812098164
0.0	Kayentapus_Tropical_N	228.16329334776376	199.39401931594847
0.0	Keichousaurus	248.38715984067326	235.76888683533863
0.0	Kholumolumo	228.2828837289937	209.3724108461123
0.0	Kinelia	258.12016533352073	258.009332427052
0.0	Kintneria	221.6363428178861	207.5035519093726
0.0	Kitchingnathus	250.47672080248032	249.75832192832087
0.0	Kocurypelta	212.82845848818573	211.58727095988795
0.0	Koiloskiosaurus	245.89880950041515	245.107552881646
0.0	Komlosaurus	201.70982069898383	199.15648212812897
0.0	Krzyzanowskisaurus	238.351210843776	212.5268967415915
0.0	Kudnu	252.00104501926103	250.53542266266658
0.0	Kuehneosaurus	235.65177404156483	200.22764121229588
0.0	Kuehneosuchus	207.09282268786112	206.0325229626638
0.0	Kuruxuchampsa	235.7184198681155	234.2980889692945
0.0	Kwangsisaurus	250.86096801309444	246.61156676543598
0.0	Labidosaurikos	283.00423441844697	272.93216235183405
0.0	Labidosauriscus	293.0900713484052	282.4440760179597
0.0	Labidosaurus	282.8142808436944	273.7864118952549
0.0	Lagerpeton	241.87799119745813	235.31205240021166
0.0	Lanceirosphenodon	213.29784831195957	212.14189979851957
0.0	Langeronyx	245.77015448475035	240.8961085701737
0.0	Langobardisaurus	217.28270518326323	208.51177651053308
0.0	Lanthaniscus	268.44173229236236	267.04354441375676
0.0	Lanthanolania	266.95635903935295	265.90712939906894
0.0	Lanthanosuchus	263.0188868825253	262.49814988102173
0.0	Laquintasaura	200.03728062546926	199.0488225877348
0.0	Largocephalosaurus	245.3065505447184	243.6299108662697
0.0	Lariosaurus	250.11410756872007	235.7734475989309
0.0	Lasasaurus	249.64444734957647	248.90148078163062
0.0	Lavinipes	201.20494902803694	198.97949925030713
0.0	Lepidus	210.48971408637382	209.30846127958915
0.0	Leptonectes	202.15801384180668	198.79258134479545
0.0	Leptosuchus	227.39157093490286	208.23661825109158
0.0	Lessemsaurus_Temperate_S	224.35033246109168	208.99183685784826
0.0	Lewisuchus	241.90180402496398	230.4855585550672
0.0	Libognathus	221.14224872806778	219.9990704945215
0.0	Liliensternus	226.53206857212075	205.32025416383956
0.0	Lindwurmia	200.21540142680553	199.1923126096125
0.0	Litorosuchus	242.1525523139107	241.39305057202728
0.0	Lophostropheus	206.86093632983858	205.8077872582934
0.0	Lotosaurus	247.56400667606155	242.22434342893573
0.0	Lucasuchus	235.79573700594634	227.12877609940645
0.0	Lucianosaurus	214.0557463655609	212.87393615332357
0.0	Lucianovenator	222.63195783517935	221.4617676067831
0.0	Lufengosaurus	201.91127947649287	199.26054358583755
0.0	Lukousaurus	201.1169917352295	199.10833218850942
0.0	Luopingosaurus	244.47367623457416	243.66129706901546
0.0	Luperosuchus	242.52807456771467	238.56877733918807
0.0	Macgowania	215.14571967075304	208.81941188562385
0.0	Machaeroprosopus	227.73566082579362	201.3963706298197
0.0	Macrocnemus	247.23235095186152	235.95908213131102
0.0	Macrocollum	221.66457956463256	212.46146746021
0.0	Macroleter_Temperate_N	271.7675835817173	263.77912585085335
0.0	Macroleter_Tropical_N	272.7606415610517	271.63543192153514
0.0	Macroplacus	207.97282794731302	206.79323815442612
0.0	Macroplata	200.80087649164818	199.82741094768343
0.0	Maehary	221.4292180975999	207.79246269545715
0.0	Majiashanosaurus	248.09354506339304	247.33112131527375
0.0	Malerisaurus	212.40997149101807	208.1020291030329
0.0	Malutinisuchus	238.72446973902265	235.56465561009549
0.0	Mambawakale	247.12086003090909	246.35227875398004
0.0	Mandaphon	246.12089441066058	245.32424165752096
0.0	Mandasuchus	248.0405649833046	241.9501380653141
0.0	Marasuchus	243.1530259052137	238.36029875817675
0.0	Marcianosuchus	245.7299259993011	244.91647263819524
0.0	Massospondylus	233.647114128145	232.05113486888771
0.0	Mbiresaurus	233.49955187349184	229.03835520829696
0.0	Megachirella	244.50498256995206	243.70966211325148
0.0	Megalancosaurus	217.39857869690582	212.84904128578341
0.0	Megalosauripus	201.8647797748041	200.8313281872983
0.0	Megalosaurus	202.79523420204174	201.80154233783986
0.0	Megapnosaurus	200.32506294140452	199.3617919039637
0.0	Mehliella	236.55729239261044	235.2822217260869
0.0	Melanorosaurus	215.45919236944917	214.2347473124792
0.0	Merriamosaurus	248.91049016051025	248.16347176569838
0.0	Mesodapedon	244.97761850126318	244.17217395281364
0.0	Mesosaurus_Antarctic	290.7685367006128	281.33788858235357
0.0	Mesosaurus_Temperate_S	290.84521656531956	283.1132939883474
0.0	Mesosuchus	247.19503553519456	242.72921328097743
0.0	Metamosaurus	288.5602561976774	288.2822419803777
0.0	Metashastasaurus	228.23371589505834	212.20525884957607
0.0	Microcnemus_Temperate_N	251.97418398749062	246.88305955117738
0.0	Microleter	286.46469715171065	286.1911850203132
0.0	Micromenodon	232.0353947225603	230.4214089194001
0.0	Microsphenodon	218.7474095767105	214.65157443413858
0.0	Mikadocephalus_Temperate_N	237.5467693374369	236.19683699847522
0.0	Mikadocephalus_Tropical_N	243.31985805838966	242.52748975221735
0.0	Milleretta	260.1365867339867	250.00213638321296
0.0	Millerinoides	254.62011999348456	254.5126409083765
0.0	Milleropsis	261.365880721218	250.04702254752561
0.0	Millerosaurus	260.88030186228934	252.56242156073796
0.0	Miodentosaurus	235.00196156954325	227.30465248509776
0.0	Mixosaurus	247.0023316166314	240.31876577274392
0.0	Moradisaurus	253.85360220397314	250.4129860775688
0.0	Mystriosuchus_Temperate_N	224.18671870191847	199.05774092139495
0.0	Mystriosuchus_Tropical_N	218.07921557396034	207.45712614623514
0.0	Nambalia	225.12099146369616	217.77045196278738
0.0	Nanchangosaurus	250.19075023110761	234.97856273734402
0.0	Nanoparia	257.1240786228873	255.959656116563
0.0	Neoaetosauroides	227.91774741427503	208.00998713707813
0.0	Neoprocolophon	243.558520407366	242.7739511514703
0.0	Neusticosaurus	246.5821155465257	236.05608517211587
0.0	Nhandumirim	228.6733983034044	213.50553943452715
0.0	Nicrosaurus_Temperate_N	227.95456897847166	209.26731389696747
0.0	Nicrosaurus_Tropical_N	222.31541083545702	221.08034390571322
0.0	Nochelesaurus	265.33852186840767	260.1477924189308
0.0	Notatesseraeraptor	216.53198131553663	215.38060294429744
0.0	Noteosuchus	251.65707527268793	251.13140838288206
0.0	Nothosaurus_Temperate_N	247.68039008407908	202.41529567037338
0.0	Nothosaurus_Tropical_N	247.07195138013734	235.41514597388442
0.0	Nothosaurus_Tropical_S	247.54603305324935	239.22514101662182
0.0	Nundasuchus	247.46267311503473	246.66211585697462
0.0	Nyasasaurus	244.60160011151592	242.17575825199052
0.0	Nycteroleter	266.34182097219065	263.7197185922628
0.0	Nyctiboetus	284.18948491843344	267.63944764249356
0.0	Nyctiphruretus	273.6648130838698	263.6908114679646
0.0	Obirkovia	266.63562108761306	258.4737793275037
0.0	Odontochelys	230.10661344723147	227.21376068322053
0.0	Omphalosaurus_Temperate_N	248.95683101382085	235.4930464985002
0.0	Omphalosaurus_Tropical_N	249.5359304133289	236.4675432306221
0.0	Opisthodontosaurus	291.1418710665048	282.7931425845046
0.0	Orenburgia	250.81317448684516	247.1627288585843
0.0	Orovenator	291.10675016462017	287.13703853519047
0.0	Oryctorhynchus	237.4166365547242	235.24257557294607
0.0	Oryporan	249.7027433260818	247.06630115617452
0.0	Osmolskina	250.2213294533018	249.4925617337326
0.0	Otozoum	213.3133337755541	212.0591236571372
0.0	Owenetta	261.16762427959316	246.80347411600633
0.0	Ozimek	233.7068558955616	226.86267487257152
0.0	Pachypes	253.7477736771717	253.63940346492518
0.0	Pachypleurosaurus	241.35969893187334	236.34487997461687
0.0	Pachystropheus	208.38750051673188	200.17193299651032
0.0	Palacrodon_Temperate_S	249.28470255446905	241.22479505940984
0.0	Palacrodon_Tropical_N	223.11231793978916	209.5062876209406
0.0	Palaeagama	253.36238941133874	253.25555991729024
0.0	Palaeochersis	222.52326518280864	219.64600734552178
0.0	Palaeosaurus	229.71500345921856	228.08621780320289
0.0	Palatodonta	246.48585496488872	245.68746496002592
0.0	Paleollanosaurus_Temperate_N	204.72819456195762	203.70699896053583
0.0	Paleollanosaurus_Tropical_S	210.14230722370698	208.98967495116986
0.0	Paliguana	249.0027100738415	248.2411387578855
0.0	Pamelaria	247.74754004699724	242.57444406189077
0.0	Pamelina	249.48049164464837	248.73346362886548
0.0	Pampadromaeus	237.2309691174134	207.55512873071845
0.0	Panguraptor	200.84331000160614	199.8525104547466
0.0	Panphagia	229.7556379758577	228.17158487482584
0.0	Pantydraco	236.8629275673179	235.6661549643149
0.0	Panzhousaurus	244.23174911743087	243.42598136957338
0.0	Pappochelys	238.47344066772044	237.4990905691529
0.0	Parabrontopodus_Temperate_N	201.7093924239342	199.1548118037669
0.0	Parahupehsuchus	249.09211401781565	248.35659396660256
0.0	Paralonectes	251.2524255379694	241.84839493136315
0.0	Paraplacodus	247.67564699365676	235.41708402832236
0.0	Pararcus	245.7828048402698	244.97650522919707
0.0	Parasaurus	260.35955493607173	253.38295306503554
0.0	Parasuchus_Temperate_N	251.39928264422844	225.2080030403973
0.0	Parasuchus_Temperate_S	233.5339609846113	229.88648906778866
0.0	Parasuchus_Tropical_N	234.62633227178537	216.8976890776198
0.0	Parasuchus_Tropical_S	224.35792454596273	218.96678312390938
0.0	Paratypothorax_Temperate_N	227.54577112903888	211.41518623745412
0.0	Paratypothorax_Tropical_N	225.913752246429	207.8621221683902
0.0	Paratypothorax_Tropical_S	210.20843965646057	209.02259912092856
0.0	Pareiasaurus	266.5713554599573	250.13137101821104
0.0	Pareiasuchus	262.5377513193483	254.11129576463583
0.0	Parringtonia	246.00594238763793	245.21049237966028
0.0	Partanosaurus	240.0180873402877	239.2812429890426
0.0	Parvinatator	248.13036847233468	247.3420743895324
0.0	Parvosuchus	238.97001475218966	238.1714631402063
0.0	Pectodens	247.50343476036608	246.72519660213692
0.0	Pelecymala	234.18735037551875	226.5304954530774
0.0	Pendraig	236.17440822666236	234.82283229354593
0.0	Pentaedrusaurus	242.4200042901501	241.66989581082927
0.0	Permotriturus	263.4918225970609	262.90466375214663
0.0	Pessopteryx	248.7343547145184	243.9859267193654
0.0	Peteinosaurus	215.07483296861838	212.9668514614362
0.0	Phaanthosaurus	251.91761940438388	251.15296777575085
0.0	Phalarodon_Temperate_N	251.0128785859288	241.04577088159652
0.0	Phalarodon_Tropical_N	245.7050483295373	236.03284972541007
0.0	Phantomosaurus	246.07769791753373	245.26972437249933
0.0	Phonodus	251.47511634489143	250.88897357929108
0.0	Pisanosaurus	232.89450275520574	231.28261179442728
0.0	Pistosaurus	246.41232857273255	236.62611254839607
0.0	Placochelys	234.67295774805154	221.8894784997504
0.0	Placodus_Temperate_N	247.20385330649177	236.57429543854758
0.0	Placodus_Tropical_N	245.06079690841463	244.06206045964998
0.0	Placodus_Tropical_S	249.10391247819842	239.3352753175009
0.0	Planocephalosaurus_Temperate_N	237.0481195112013	201.94703032106648
0.0	Planocephalosaurus_Tropical_S	222.57575496950463	221.43452178253338
0.0	Plateosauravus	228.75349415265964	211.56542430243127
0.0	Plateosaurus_Temperate_N	225.34232272976766	199.3102237507582
0.0	Plateosaurus_Temperate_S	226.8465743625304	208.4019649537509
0.0	Platypterna	216.32780273952343	198.56668410608685
0.0	Plectropterna	201.19765872810345	199.08505690948368
0.0	Plesiornis	201.4823001122917	200.4787164396121
0.0	Plesiosaurus	208.94868831479593	200.0613512112539
0.0	Polesinesuchus	237.17417637748582	236.06315244393323
0.0	Polonosuchus	231.26614219684214	229.6072811108302
0.0	Polymorphodon	239.19383888923633	238.43904680263597
0.0	Poposaurus	237.19604206117566	203.3036576672772
0.0	Postosuchus	228.7748122351974	201.42674673236442
0.0	Powellvenator	213.92338187140328	212.73424989173617
0.0	Pravusuchus	216.01185207794222	214.77606097139324
0.0	Preondactylus	217.31661830766632	209.67363846469956
0.0	Prestosuchus	241.15526762903116	234.3530918765142
0.0	Procerosuchus	239.1413775218526	238.34234008932913
0.0	Procolina	247.64031759341287	246.84796927306996
0.0	Procolophon	251.9581854522803	247.11420864959953
0.0	Procolophonichnium_Temperate_N	247.98538479902422	242.78813768794387
0.0	Procolophonichnium_Temperate_S	251.81271232860644	251.34583951529888
0.0	Procompsognathus	213.95806750798127	212.72667676521968
0.0	Proganochelys_Temperate_N	223.86259653905708	204.86484041435324
0.0	Proganochelys_Tropical_N	214.1600978379304	212.940816795104
0.0	Prolacerta	251.83163620113368	247.7608132256327
0.0	Prolacertoides	251.51434590655344	250.92101174164105
0.0	Prosantosaurus	240.5181834682842	239.76635560759414
0.0	Prosaurosphargis	248.36435729509054	247.60891346311746
0.0	Protanystropheus	247.07818968526234	243.9893657824288
0.0	Protecovasaurus	222.284745043748	216.78567658559754
0.0	Protenodontosaurus	235.98055064472763	234.53966129793434
0.0	Proteosaurus	201.87225424405253	200.502308412481
0.0	Proterochampsa	229.4748730130384	227.91692846748643
0.0	Proterochersis	220.0090129983941	212.19847249816974
0.0	Proterosuchus_Temperate_N	251.85015983031983	250.93009300448807
0.0	Proterosuchus_Temperate_S	251.88089032979119	246.9359111834203
0.0	Protoavis	220.02324364230782	211.9131415673498
0.0	Protocaptorhinus	292.3821840133482	282.0752603224402
0.0	Protoichthyosaurus	200.2596603576609	199.2249989139812
0.0	Protome	219.29843598510558	218.08856889729248
0.0	Protorosaurus	261.20255619555246	254.7442506324194
0.0	Protorothyris	299.2270240266366	293.0052129886244
0.0	Protosuchus	206.0582625788038	199.1397338713703
0.0	Provelosaurus	266.94524226214713	263.58159857168323
0.0	Psephochelys	232.26161278152216	230.56044935824485
0.0	Psephoderma_Temperate_N	208.66062855673178	201.59523507445758
0.0	Psephoderma_Tropical_N	216.32907928773645	212.23240229004304
0.0	Psephoderma_Tropical_S	243.53269134486933	239.70103569775958
0.0	Psephosauriscus	247.26482639499991	241.34451419964998
0.0	Psephosaurus_Temperate_N	238.6661843939446	237.71931401560587
0.0	Psephosaurus_Tropical_S	246.59319368869288	241.97131106356815
0.0	Pseudhesperosuchus	210.76382133649983	209.57871370446418
0.0	Pseudochampsa	231.54169237595934	229.9939702259053
0.0	Pseudotetrasauropus_Temperate_N	211.8420843262719	210.6873583194303
0.0	Pseudotetrasauropus_Tropical_N	228.0536830248915	204.8138399598867
0.0	Pterodactylus	200.27716058247967	199.2907679805366
0.0	Pumiliopareia	259.14430177534797	259.0292138375634
0.0	Qianichthyosaurus	239.99912466653342	227.3824448254669
0.0	Qianosuchus	245.0037518483284	243.51177962530082
0.0	Qianxisaurus	238.29010364380488	237.27638424288273
0.0	Quasianosteosaurus	248.2685261133774	247.52781792377598
0.0	Raeticodactylus	210.749065596671	209.55846187927915
0.0	Rautiania	260.65829421436604	256.3680609737126
0.0	Redondasuchus	228.97220753083909	212.5125576630551
0.0	Redondavenator	209.59398456372398	208.4640149515459
0.0	Revueltosaurus	236.85584159902535	207.81714025761744
0.0	Rhaeticosaurus	206.5025120219907	205.44277809575482
0.0	Rhipaeosaurus	267.3229885054059	261.1912241191953
0.0	Rhomaleosaurus	208.09879289803914	198.12602485505127
0.0	Rhombopholis	246.12057535889207	234.84990767838417
0.0	Rioarribasuchus	220.95055457328627	208.53768842825633
0.0	Riojasaurus	212.46797858548885	208.5023255261595
0.0	Riojasuchus	221.02066055846524	219.76605738673086
0.0	Romeria	299.6784022708852	297.92110360659
0.0	Rothianiscus	273.4348765095735	264.23385440185336
0.0	Rotodactylus	220.20997868885368	218.96270900090616
0.0	Ruehleia	218.60069227906428	214.22414890582883
0.0	Rugarhynchos	210.17932008203286	209.04012263346624
0.0	Ruhuhuaria	245.9161492107878	245.121041388169
0.0	Rutiodon	235.59208878852564	208.82578018472825
0.0	Sacisaurus	221.10332430098438	219.9411333909707
0.0	Saltoposuchus	217.20896780417695	214.2403988456881
0.0	Sanchiaosaurus	247.50469967029304	246.71143956817025
0.0	Sanchuansaurus	252.00355700152878	251.66845528527858
0.0	Sanjuansaurus	232.6177203168652	230.9250081178172
0.0	Santaisaurus	251.75684417212	251.02225205730988
0.0	Sarcosaurus	200.13627007139195	199.12865531581008
0.0	Sarmatosuchus	244.7301016364699	243.92156020378397
0.0	Saturnalia	236.47245993946737	218.2731780547896
0.0	Saurischichnus	228.03857966368463	215.4916987224993
0.0	Saurodektes	251.99557473027215	246.6503163068181
0.0	Sauropareion	251.99921254532714	246.91598878809592
0.0	Sauropus	201.77220898213113	200.76431016246593
0.0	Saurorictus	258.33789127692995	258.22755265050085
0.0	Saurosternon	257.3461460660205	257.2412824612818
0.0	Saurosuchus	236.98184463341278	235.79410463905452
0.0	Scelidosaurus	201.1684537770945	200.15507856132425
0.0	Scharschengia	248.63611496208586	247.87508109226079
0.0	Schleitheimia	213.4080988196918	212.25308255796352
0.0	Sclerocormus	249.11866697524283	248.38201403536445
0.0	Sclerosaurus	246.44138073046568	242.3255723128385
0.0	Sclerostropheus	220.71041262359262	219.50952503463355
0.0	Scoloparia_Temperate_N	206.5762129410276	205.5415246684537
0.0	Scoloparia_Tropical_N	234.18538745085593	231.5790084753158
0.0	Scolotosuchus	247.93768770593294	247.12649417249415
0.0	Scutarx	228.9179318127511	208.1897073764384
0.0	Scutosaurus	265.5122641340719	257.52092044566945
0.0	Scythosuchus	250.2034148280703	249.48085233210415
0.0	Seazzadactylus	222.3314639754926	221.15491264328577
0.0	Selenichnus	201.34872784692558	199.47985729938324
0.0	Serpianosaurus	247.37980799539176	236.33648445548835
0.0	Shansisuchus	247.3879577240197	241.78603683432686
0.0	Shastasaurus_Temperate_N	214.3976017156938	213.17256796781462
0.0	Shastasaurus_Tropical_S	236.31977064332605	231.51556720324504
0.0	Shihtienfenia	254.65183570876144	250.16795579905994
0.0	Shonisaurus_Temperate_N	231.35960034999704	200.1540567585618
0.0	Shonisaurus_Tropical_N	224.67236283230892	215.94413109788897
0.0	Shringasaurus	247.60591593078763	241.71504477214327
0.0	Shuangbaisaurus	201.16807216007047	200.138546080834
0.0	Shuvosaurus	227.80502032766827	200.93518047353805
0.0	Sigmala	235.96495755026373	226.80178882266776
0.0	Sikannisuchus	226.97093290147703	214.7475319060608
0.0	Silesaurus	233.48016374581886	231.93887908336302
0.0	Sillosuchus	236.56869146146724	235.2972000611946
0.0	Simosaurus_Temperate_N	242.82840378836013	203.68994760094233
0.0	Simosaurus_Tropical_S	242.54243933341684	241.8119949728981
0.0	Sinocyamodus	230.44411081430724	228.88535801596734
0.0	Sinosaurosphargis	244.73509100892866	243.35981333732684
0.0	Sinosaurus	201.65224885024864	199.98853941987113
0.0	Skybalonyx	223.78476258348164	222.59514862315913
0.0	Smilodonterpeton	206.06029668088215	205.02096072097046
0.0	Smilosuchus	235.84490509108878	209.12046536126098
0.0	Sophineta	249.1517419626361	248.416202158657
0.0	Soturnia	220.39651982131645	207.27574193054284
0.0	Soumyasaurus	213.81958957076168	212.5576147550814
0.0	Sphenotitan	218.01358695293834	208.74982033944246
0.0	Sphodrosaurus	219.7616270704314	218.605387828241
0.0	Spinosuchus	233.70293497970377	206.24759546409302
0.0	Spondylolestes	257.0336226216771	252.5120345111835
0.0	Spondylosoma	242.48964004964233	240.2615101526433
0.0	Stagonolepis_Temperate_N	233.86447222524998	228.5121912781716
0.0	Stagonolepis_Tropical_N	227.9123440103318	212.86833721754667
0.0	Stagonolepis_Tropical_S	220.19127429820912	219.04079140185107
0.0	Stagonosuchus	246.042986820006	241.4231038612826
0.0	Staurikosaurus	235.1511042706391	233.6166119238878
0.0	Stauromatodon	238.72733326204715	237.92211245006797
0.0	Stegomus	228.50177908111698	211.02961887411894
0.0	Stenaulorhynchus	247.06794190706768	241.50521977930953
0.0	Stenomyti	209.5337534653904	208.39832621382732
0.0	Stenoscelida	210.94451947913433	209.7470898802186
0.0	Stereosternum_Antarctic	284.89896913827147	284.6231841090396
0.0	Stereosternum_Temperate_S	291.3483628177426	282.7357478601837
0.0	Styracocephalus	262.9262675896213	259.39292098304963
0.0	Syntarsus	207.8390310855653	206.7710509531048
0.0	Syntomiprosopus	227.91660581225034	226.34689372673304
0.0	Tachiraptor	200.8056693412756	199.78439893167257
0.0	Tanaisosaurus	249.97228281683616	249.23806184570697
0.0	Tanystropheus_Temperate_N	247.51858264628197	200.86493428667245
0.0	Tanystropheus_Tropical_N	246.79043895231396	236.2676989375367
0.0	Tanystropheus_Tropical_S	247.01031836130952	243.5065096133307
0.0	Tanytrachelos	228.5622896531834	208.7858920081641
0.0	Tarjadia	241.7212977448423	237.16282800402618
0.0	Tarsodactylus	200.672125190099	199.65884659082025
0.0	Tasmaniosaurus	251.88249178795877	250.79523684916546
0.0	Tawa	227.64654125826982	210.7054890972268
0.0	Taytalura	230.08463837504016	228.492114277486
0.0	Technosaurus	212.12984123511538	210.9665762265158
0.0	Tecovasaurus	228.74765086509223	210.23012781879413
0.0	Tecovasuchus	223.6025996242767	208.72069161149383
0.0	Teleocrater	247.3665056598839	243.48468965450107
0.0	Temnodontosaurus	200.51390169876794	199.014542362399
0.0	Teraterpeton	233.67833898170264	225.98721000257706
0.0	Teratophon	247.12111448851462	242.49442251731796
0.0	Teratosaurus_Temperate_N	239.9211789742706	206.00179814967925
0.0	Teratosaurus_Temperate_S	250.44450671231397	249.71065920619264
0.0	Termatosaurus	208.01406608877068	201.612048130486
0.0	Terrestrisuchus	237.12146346578834	230.01525081121278
0.0	Tetrasauropus_Temperate_N	211.8948359172897	210.67842330752896
0.0	Tetrasauropus_Temperate_S	246.79545940483416	239.69753941936628
0.0	Teyujagua	250.75020371551196	250.04447128870774
0.0	Teyumbaita	223.0466485221512	207.9118777685768
0.0	Thadeosaurus	256.7947915676414	256.68728953776474
0.0	Thaisaurus	248.35359465553802	247.57977964703875
0.0	Thalassiodracon	208.0052850434893	199.06050638616662
0.0	Thalattoarchon	245.03619346904264	244.22101285352235
0.0	Thalattosaurus	248.15561487900325	240.29538106630633
0.0	Thecodontosaurus	243.15542500103274	200.7723071408181
0.0	Theledectes	246.560889154369	245.76473501051754
0.0	Thelephon	243.59047808789026	242.80381266139594
0.0	Thelerpeton	245.77177554999005	241.2155068052617
0.0	Tholodus_Temperate_N	247.50197538743694	241.04685116834048
0.0	Tholodus_Tropical_N	245.65040576566506	244.86311862317197
0.0	Thuringothyris	289.04543107831506	282.65159479115
0.0	Tichvinskia	251.2213209651213	246.72853159170276
0.0	Ticinosuchus	248.47260642409267	241.17218543527787
0.0	Tikisuchus	229.96168082030061	228.36578340313355
0.0	Timanophon	251.2629957927267	246.05076015956917
0.0	Toretocnemus	234.91904496003554	227.76660791986296
0.0	Trachelosaurus	246.19728851961096	245.3968085237554
0.0	Trialestes	233.51101890827266	228.93632358254786
0.0	Tricuspisaurus	206.19442205675028	205.1708284093814
0.0	Trihamus	200.62599493382686	199.63171597420632
0.0	Trilophosaurus	235.87095157411824	209.04026678347245
0.0	Tropidosuchus	242.3653134069043	236.677437178767
0.0	Tuebingosaurus	209.6500582701185	208.57624657007398
0.0	Turfanosuchus	246.25555727842834	245.47100582235518
0.0	Typothorax	227.40217695457068	201.07030671983125
0.0	Uatchitodon	236.83972243243497	221.7579591344079
0.0	Unaysaurus	218.31624825427255	212.6113517513326
0.0	Unguinychus	212.52340601770436	211.30717272191524
0.0	Uralosaurus	244.48604271567856	241.7097829574339
0.0	Utatsusaurus	251.32853340850525	246.58964266277442
0.0	Vallesaurus	215.41327642605873	212.86014021490783
0.0	Vancleavea	236.8330531788588	204.2922026714509
0.0	Variodens	209.070406025556	200.8462465149541
0.0	Vellbergia	239.6051370717327	238.85829450260604
0.0	Velocipes	225.8353890156482	224.52888370080908
0.0	Venaticosuchus	230.18704577570813	228.60942289064744
0.0	Venetoraptor	232.6086886729359	212.63021485930312
0.0	Vinitasaura	229.9435772823339	228.35166463069004
0.0	Vivaron	228.78765079015253	208.47617669765418
0.0	Vjushkovisaurus	244.67997816373835	242.10053176827714
0.0	Volcanosuchus	228.65695965211052	227.1998653708165
0.0	Vonhuenia	251.95456113799796	251.5887509074499
0.0	Vritramimosaurus	247.75328323918737	246.97057196432752
0.0	Vytshegdosuchus	250.4163062461037	249.7045226359133
0.0	Wahlisaurus	201.4578385656394	200.41533595366047
0.0	Waluchelys	215.35557275829217	214.1840873348822
0.0	Wangosaurus	240.52036031757928	236.2939134650025
0.0	Wannia	223.20927938789714	220.7083285051983
0.0	Wapitisaurus	249.5820406047144	248.85034440210288
0.0	Weigeltisaurus	261.1400240640751	255.39455901229317
0.0	Whitakersaurus	204.19189185373105	203.13400969282145
0.0	Wimanius	244.4400269567692	243.64532323923677
0.0	Wumengosaurus	246.96611577634062	242.7944293547315
0.0	Xenodiphyodon	231.07645419796168	229.45017299535314
0.0	Xilousuchus	244.17301309097948	243.37500152685612
0.0	Xingxiulong	201.47821678556406	200.46621947925388
0.0	Xinminosaurus	244.22548774727812	243.42222259075328
0.0	Xinpusaurus	240.31118752041326	226.0611523776447
0.0	Xiphopeza	200.44229832012329	199.4169510856631
0.0	Yarasuchus	245.17529021873605	243.34910972593602
0.0	Yelaphomte	221.87145811872966	220.689376860024
0.0	Yimenosaurus	201.2938777261345	199.16845181326667
0.0	Youngetta	247.87068949229592	247.10009985374282
0.0	Youngina	261.0664394681538	250.12695576917497
0.0	Youngosuchus	243.9422438857696	243.1687935906486
0.0	Yunguisaurus	241.52781663731253	236.3644534838052
0.0	Yunnanosaurus	200.79091504585844	199.30938866784402
0.0	Zanclodon	240.5466974713639	203.09096653689056
0.0	Zhongjiania	261.38399471676166	254.96099340094074
0.0	Zupaysaurus	225.94541379505455	224.66179575867866
