clade	species	ts	te
0.0	Abyssomedon	283.91501881778623	282.97160419520554
0.0	Acadiella	231.30175065453642	229.58676014560646
0.0	Acaenasuchus	225.96447930505664	207.3812437257485
0.0	Acallosuchus	222.43260536664206	221.19738556557476
0.0	Acerosodontosaurus	253.948260291766	253.83877258187542
0.0	Acleistorhinus	273.8713987933368	272.5939942549085
0.0	Acrodenta	257.30578780712784	257.1910129035067
0.0	Actiosaurus	208.90725840168577	207.79767097567571
0.0	Adamanasuchus	221.70621204181197	220.50988246812145
0.0	Adelosaurus	255.3413039521842	255.2296219034037
0.0	Aenigmasaurus	250.2669369326021	249.4638931957355
0.0	Aenigmaspina	231.56511685705752	229.87223301480563
0.0	Aenigmastropheus	254.36136147547637	254.2505923157339
0.0	Aetosauroides	238.28134752618098	208.4212847747328
0.0	Aetosaurus	225.2934101915979	208.26740289481205
0.0	Agkistrognathus	251.3381826822912	250.65385058206326
0.0	Agnosphitys	232.79195097100447	230.98927692492435
0.0	Alexeyisaurus	215.47545096691996	214.33693851190688
0.0	Alwalkeria	236.23888324930414	234.88625858826032
0.0	Amanasaurus	235.91011033342653	213.99573919146803
0.0	Ammorhynchus	247.6647795618222	245.720579931569
0.0	Ammosaurus	201.5890575208895	198.85122859948055
0.0	Amotosaurus	247.7466239505689	241.2201026122249
0.0	Anarosaurus	247.2061662399468	244.5502465945355
0.0	Anchisauripus_Temperate_N	228.58600784045825	198.8343362708428
0.0	Anchisauripus_Tropical_N	225.4903365724052	198.6691887523246
0.0	Ancistronychus	212.543923358807	211.39042522241658
0.0	Angistorhinus	237.76416135626707	209.6495733900974
0.0	Anisodontosaurus	246.92051479073135	236.56994119458196
0.0	Anomoepus_Temperate_N	201.09309391542655	199.47817505698325
0.0	Anomoepus_Tropical_N	227.9267576501901	198.82285676923834
0.0	Anomoiodon	246.39323285308467	244.744038600942
0.0	Anshunsaurus	240.2078732972184	227.91046852625604
0.0	Anthodon	258.2575618383964	253.58444990854144
0.0	Anticheiropus	200.32174245060867	199.30483906111593
0.0	Apachesuchus	209.67961355151303	208.57904806304967
0.0	Apatopus_Temperate_N	235.96535050420627	234.5410028755778
0.0	Apatopus_Tropical_N	227.87192718154628	200.7078486377694
0.0	Apatopus_Tropical_S	233.32233706321676	231.6402558172581
0.0	Apatosuchus	216.72904239878707	215.5283728639606
0.0	Aphelosaurus	295.675898742427	294.12358604528055
0.0	Araeoscelis	291.3966622733678	273.06202625337096
0.0	Archeopelta	241.2786484688659	240.5437220014785
0.0	Archosaurus	260.7185770140035	256.4929405321127
0.0	Arcticodactylus	215.43132624280958	214.21070035095264
0.0	Arganaceras	255.44454103859874	255.33153364489178
0.0	Arganasuchus	233.36086277872158	227.47572359477658
0.0	Argoides	202.06967266676486	198.77206326166228
0.0	Arizonasaurus	247.02795669487702	245.92666062554454
0.0	Asilisaurus	247.40882353307853	241.78988243604084
0.0	Askeptosaurus	244.49984077697738	237.43408999055092
0.0	Asperoris	247.54037895891406	246.74671906126954
0.0	Asylosaurus	209.09010359263033	200.62854105605788
0.0	Atopodentatus	244.90569942232315	243.6807894365493
0.0	Atreipus_Temperate_N	232.97583763143808	231.26692288593674
0.0	Atreipus_Tropical_N	230.87541960586853	215.97060878664274
0.0	Augustaburiania	251.48940157713812	246.42282985583554
0.0	Augustasaurus	243.67030152030648	242.90993664367156
0.0	Australothyris	260.34619310646764	259.95075444135995
0.0	Austriadactylus	213.40923324172422	211.39573347024515
0.0	Austriadraco	211.74476354556361	210.59692153038193
0.0	Avalonnectes	200.70576396835617	199.73667477768683
0.0	Avicranium	206.3995321087597	205.42385129470495
0.0	Azendohsaurus	230.92731205214005	229.20600224971017
0.0	Baeotherates	285.6586109402023	285.3826473596514
0.0	Baisesaurus	249.03367605865975	248.18920397948963
0.0	Barasaurus	261.1424523003369	248.33771130395877
0.0	Barberenasuchus	238.7461065224121	237.8295570294802
0.0	Barracudasauroides	247.64100199647717	241.6917811051578
0.0	Barracudasaurus	246.1001323692779	236.25411259999728
0.0	Barrancapus	223.9738854144898	222.73037020518424
0.0	Bashkyroleter	270.06484022923746	265.0109330300423
0.0	Batrachopus_Temperate_N	247.10215160970125	201.2276335888384
0.0	Batrachopus_Tropical_N	218.3932816470335	198.94825341806376
0.0	Batrachotomus	239.59935379985788	237.38382041820563
0.0	Belebey	273.87684330423474	263.86599930171377
0.0	Benggwigwishingasuchus	247.39496878996565	246.6007474206227
0.0	Bentonyx	246.4861876983297	245.67212974356713
0.0	Bergamodactylus	213.9879554533417	212.77746330807577
0.0	Besanosaurus	238.33681547362823	237.23958040132257
0.0	Blezingeria	247.37107571695225	246.53444447853363
0.0	Blomosaurus	251.80172520279484	251.29896947194072
0.0	Bobosaurus	234.6576397080601	233.00689995064312
0.0	Bolosaurus	297.9025835761232	279.5110632030088
0.0	Boreopricea	250.84138326528165	248.94928162690593
0.0	Brachychirotherium_Temperate_N	235.74209095258266	234.29833818433963
0.0	Brachychirotherium_Tropical_N	232.04271194972856	205.24033933574225
0.0	Brachychirotherium_Tropical_S	234.43040247262138	226.0290241106525
0.0	Bradysaurus	264.7273496116274	259.26398783370547
0.0	Brasinorhynchus	243.25358834762898	238.04466454640792
0.0	Brazilosaurus	291.6472933666868	282.27380290543846
0.0	Bromsgroveia	247.27339247622385	241.9475526411146
0.0	Broomia	265.29153231171637	260.7358432146875
0.0	Bunostegos	252.65691277453809	252.5453638899228
0.0	Buriolestes	236.00437937701906	207.56176877574276
0.0	Bystrowisuchus	248.73790345340254	247.93753024074024
0.0	Callawayia	216.44038300650377	213.38344391529654
0.0	Calyptosuchus	236.13460839658197	208.20306010743687
0.0	Camelotia	206.85946595400728	204.80667364348358
0.0	Camposaurus	209.18486076140735	208.1035523968949
0.0	Candelaria	242.87344587612722	235.47369825500448
0.0	Captorhinikos	283.4006152903351	273.06199681839985
0.0	Captorhinoides	280.42535519549705	276.36905346011065
0.0	Captorhinus_Temperate_S	254.35455703058022	254.24289124087323
0.0	Captorhinus_Tropical_N	284.2891535044409	273.07709619961355
0.0	Captorhinus_Tropical_S	290.7250008641706	273.7367400610803
0.0	Cargninia	217.81291877209247	216.62504763279705
0.0	Carnufex	231.84108368632792	230.1075347182857
0.0	Cartorhynchus	249.09466424953007	248.2599576255475
0.0	Caseosaurus	210.94291128401235	209.73538935467792
0.0	Caviramus	212.36312253299272	211.18348145532914
0.0	Ceresiosaurus	242.48982261508957	235.75230178536376
0.0	Chalishevia	242.40987025160473	236.7228699348924
0.0	Chanaresuchus	241.31009863643484	238.17269276248075
0.0	Chaohusaurus	250.57188829969556	243.59450518242897
0.0	Chasmatosuchus	251.79552622163615	246.95609506667796
0.0	Chelyoposuchus	202.77329111068997	201.79199173747045
0.0	Chinchenia	238.3316369934873	237.26141145906675
0.0	Chindesaurus	227.70080556072742	207.33726501039456
0.0	Chinshakiangosaurus	199.97966020998723	199.0412062535672
0.0	Chirotherium_Temperate_N	237.72453641335522	201.45141063290438
0.0	Chirotherium_Temperate_S	242.2492440580579	235.70906495236412
0.0	Chirotherium_Tropical_N	252.47433467888462	206.09763139859712
0.0	Chromogisaurus	229.24995484575788	227.75256419138876
0.0	Clarazia	244.1038628779897	243.3257152456193
0.0	Claudiosaurus	259.3027367956271	249.62845061227728
0.0	Clevosaurus_Temperate_N	237.14982407671064	198.79819684593346
0.0	Clevosaurus_Temperate_S	236.4566626280402	208.13617223042843
0.0	Coahomasuchus	235.44972312339206	207.83639140316097
0.0	Coartaredens	247.13286968488106	240.5957461952695
0.0	Coburgosuchus	215.8555386572031	214.66753774640898
0.0	Coelodontognathus	251.2804933205649	247.15368971734327
0.0	Coelophysis_Tropical_N	228.26957895807593	199.35887453726156
0.0	Coelophysis_Tropical_S	209.12106816957504	208.02527046380703
0.0	Coelurosauravus_Temperate_N	256.57932807068363	256.46985770538373
0.0	Coelurosauravus_Temperate_S	256.75260047723003	250.55917182517723
0.0	Coelurosaurichnus_Temperate_N	247.12438444012352	203.2179855373975
0.0	Coelurosaurichnus_Tropical_N	246.9374330658617	215.27425031761445
0.0	Coelurosaurichnus_Tropical_S	234.3809131115296	226.16435543928185
0.0	Coletta	250.12939425932007	249.32730028893837
0.0	Collilongus	248.17910396433751	247.33509747489393
0.0	Colobomycter	291.1470262474744	282.85731547291283
0.0	Colobops	209.52735045580545	208.39431955662596
0.0	Coloradisaurus	228.2698893450611	215.77546574575317
0.0	Coloradisuchus	214.7931361102815	213.57416903868065
0.0	Concavispina	231.16036508251702	229.47057203926516
0.0	Contectopalatus	240.1970085428871	239.47837418014097
0.0	Corosaurus	249.23183140780634	246.85047834439663
0.0	Cosesaurus	239.67814126005257	238.95279616034642
0.0	Crosbysaurus	228.3863229891304	209.00642654205524
0.0	Ctenosauriscus	248.116792026428	247.29625381090412
0.0	Cyamodus	243.8136040767649	227.490512469047
0.0	Cymatosaurus	247.9978114401366	241.94624932924827
0.0	Cymbospondylus_Temperate_N	245.12529124883335	236.37138957661227
0.0	Cymbospondylus_Tropical_N	248.43345427996368	236.31076754433386
0.0	Czatkowiella	249.42751884528218	248.5936781366756
0.0	Dactylosaurus	247.8936124842951	240.9028119639845
0.0	Daemonosaurus	205.29754721258806	204.31717597215012
0.0	Dagasuchus	236.84045914248523	235.67713006945945
0.0	Dawazisaurus	244.2644166808687	243.49196424151327
0.0	Decuriasuchus	240.77406925730446	237.1187310307987
0.0	Delatorrichnus	201.56193286751952	200.55360454842807
0.0	Delorhynchus	292.12145698794	282.90347638097313
0.0	Deltadectes	221.33720909507343	202.1900246913925
0.0	Deltavjatia	264.5103082238977	259.4199713848045
0.0	Desmatosuchus	236.7086690317501	208.2548132989972
0.0	Diandongosaurus	244.39666516590816	243.64723456661525
0.0	Diandongosuchus	241.5179995469596	240.79312353196008
0.0	Dianmeisaurus	245.35796230349533	243.10929509958677
0.0	Dianopachysaurus	244.34377718886313	243.57010302963022
0.0	Dimetropus	291.498210105664	281.6721566538606
0.0	Dimorphodon	201.41284757260794	200.45520691937392
0.0	Dinocephalosaurus	245.21539674184396	243.5798823075253
0.0	Diphydontosaurus_Temperate_N	236.29331878576554	201.07704223352133
0.0	Diphydontosaurus_Tropical_N	215.02472007846606	213.8506792469932
0.0	Diphydontosaurus_Tropical_S	213.9101728716338	212.70418596283605
0.0	Dolabrosaurus	210.12330724331883	208.97246440767404
0.0	Dolerosaurus	231.6052708362323	229.88503977314642
0.0	Dolichobrachium	236.72758061518138	235.52145725271401
0.0	Doliovertebra	244.0701513748072	243.30401717319614
0.0	Dongusuchus	245.99177561848123	242.21758380655297
0.0	Dorosuchus	244.79904637533264	242.64553851618885
0.0	Doswellia	237.47529246578986	211.47882974398823
0.0	Dracoraptor	201.29872083256535	200.32942482908206
0.0	Drepanosaurus_Temperate_N	217.1286717630376	215.86459805452753
0.0	Drepanosaurus_Tropical_N	218.39685985421383	201.04534057780265
0.0	Dromomeron_Temperate_S	213.4743732451348	212.26289655693114
0.0	Dromomeron_Tropical_N	220.59919933464056	202.47339310309692
0.0	Dromomeron_Tropical_S	220.3243918626507	207.38482363302984
0.0	Dyoplax	231.53298142716193	229.81109544249605
0.0	Ebrachosuchus	233.96001099243668	232.29310620172225
0.0	Effigia	208.60517179744127	201.55240721158353
0.0	Efraasia	217.0340110764893	213.25243359056972
0.0	Eifelosaurus	246.7519220196771	245.94986310903394
0.0	Elachistosuchus	202.7663359533836	201.78241704994915
0.0	Elessaurus	248.7419004832768	247.90900600263637
0.0	Elginia	259.3962001442229	249.59186790058553
0.0	Embrithosaurus	266.1191968912327	260.2035213652799
0.0	Emeroleter	265.2082426722273	259.5325852899309
0.0	Endennasaurus	214.18704754469272	213.01852674424887
0.0	Energosuchus	241.73796663560498	235.11679493414138
0.0	Eodromaeus	233.66833651576763	231.93160890569843
0.0	Eohupehsuchus	248.8228598893046	247.98821046123334
0.0	Eohyosaurus	248.0388625496614	243.14528826571424
0.0	Eomurruna	252.02578714541733	250.887337554945
0.0	Eoplesiosaurus	200.16174760494724	199.20814817830882
0.0	Eoraptor	238.21799411466884	226.5204539649656
0.0	Eorasaurus	263.45799958532183	262.9070795164463
0.0	Eorhynchochelys	232.7117640333665	231.14083532181562
0.0	Eosauropus_Temperate_N	226.91601517104718	217.8941784644043
0.0	Eosauropus_Tropical_N	220.8032565457028	206.7644854984892
0.0	Eretmorhipis	242.7306861785137	241.98588312918446
0.0	Erpetosuchus	215.37052285395504	214.23767446178442
0.0	Erythrosuchus	247.35558682394577	242.12630980804676
0.0	Erythrovenator	232.44661157919907	230.61836822920984
0.0	Eshanosaurus	200.272136838172	199.31936776254489
0.0	Eubrontes_Temperate_N	226.941883574492	198.97870988554283
0.0	Eubrontes_Tropical_N	226.61668348993484	199.1279833960511
0.0	Eucoelophysis	225.7391120894303	200.26156017895312
0.0	Eudibamus	285.80273208948427	285.53339492089106
0.0	Eudimorphodon	218.66783384281263	200.80712105167873
0.0	Eumetabolodon	251.24678518907	243.65890579342232
0.0	Eunotosaurus	265.4135751029284	259.4823789392233
0.0	Euparkeria	246.90305415283365	242.3092871949925
0.0	Eurhinosaurus	200.6797170843195	199.70527132636195
0.0	Eurycleidus	200.96970884178668	199.9725489059552
0.0	Eusaurosphargis	247.97126225001122	240.03920929541005
0.0	Euscolosuchus	236.757594217233	235.6036365748284
0.0	Evazoum	232.40747134423333	200.57443954891718
0.0	Fasolasuchus	213.310644693901	212.13817010365838
0.0	Faxinalipterus	228.674001551788	208.10859295088738
0.0	Feeserpeton	283.75141798366116	282.58199695403067
0.0	Feralisaurus	247.43482695957206	246.62708907613836
0.0	Fodonyx	247.1480695127624	241.87713651317102
0.0	Fraserosphenodon_Temperate_N	234.19579094071563	232.51927802444354
0.0	Fraserosphenodon_Tropical_S	211.74987649211803	210.55281319129108
0.0	Fraxinisaura	238.45637032401754	237.42721582082964
0.0	Fugusuchus	245.88617945190077	245.07453144964066
0.0	Fuyuansaurus	240.02112505362297	239.3129189405599
0.0	Galesphyrus	260.086239506615	254.23848491919125
0.0	Gamatavus	242.75957804168212	241.0649398030981
0.0	Gansurhinus	270.84937237437526	250.35366499292488
0.0	Garjainia_Temperate_N	249.35737999521052	247.0236524212956
0.0	Garjainia_Temperate_S	251.44712464691386	246.82824763675222
0.0	Garzapelta	219.09967333488095	217.89162280161713
0.0	Gecatogomphius	276.55075511086204	270.3178813232282
0.0	Gephyrosaurus	209.50802759227955	203.1110574457346
0.0	Glaurung	254.2922129668075	254.18352413929395
0.0	Glyphoderma	238.90815031048692	238.06662388915043
0.0	Gnathovorax	231.72112144421473	223.8812044664386
0.0	Gojirasaurus	213.98656581748682	212.80704052677098
0.0	Gomphiosauridion	231.03879693318953	229.24456796806115
0.0	Gorgetosuchus	233.6411047196358	231.98173206001508
0.0	Gracilisuchus	241.36876203247718	235.5682781682778
0.0	Grallator_Temperate_N	232.27201968615785	198.3064502079053
0.0	Grallator_Temperate_S	231.44960240026842	214.9975818756725
0.0	Grallator_Tropical_N	232.6287523206798	199.27359763242856
0.0	Graoullyodon	208.69030763561068	207.6338079734657
0.0	Gregaripus	228.07532135752106	212.43972561205575
0.0	Gresslyosaurus	212.53693719846265	208.07927739860938
0.0	Grippia	250.5981200224222	246.8837888811149
0.0	Guaibasaurus	226.4877652785986	208.82417209281365
0.0	Gualosuchus	241.96644419345367	239.61773208438967
0.0	Guanlingsaurus	236.16053694266137	229.7991128139798
0.0	Guchengosuchus	246.85364105951408	246.04915552084228
0.0	Guizhouichthyosaurus	242.87385757985132	226.28263576182465
0.0	Gulosaurus	251.0653435653805	248.69415209375586
0.0	Gunakadeit	210.99592125000143	209.80260477336927
0.0	Gwyneddichnium	223.5752838097769	202.35335017141782
0.0	Gyposaurus	201.60774595824768	199.08328488275976
0.0	Halazhaisuchus	244.3083548549799	243.5471916499108
0.0	Haligonia_Temperate_N	206.09696624957266	200.52102386351174
0.0	Haligonia_Tropical_N	232.54230632727635	230.79477953702508
0.0	Hanosaurus	250.90516696476567	250.15414607902238
0.0	Helcura	201.30312720553212	200.38330493855395
0.0	Helveticosaurus	243.6879406495739	242.92177246237608
0.0	Hemilopas	248.39920043072894	241.84073389277742
0.0	Hemiprotosuchus	228.1377568603955	223.4191558009026
0.0	Heptasuchus	235.0148149317807	233.42926363680226
0.0	Herrerasaurus	236.42418506852474	226.65126428199144
0.0	Hescheleria	242.64448479795436	241.90266099750104
0.0	Hesperosuchus	227.1052321751692	204.7140801514333
0.0	Heterodontichnites	233.6088993302939	223.03112028289013
0.0	Heteropelta	245.4903600668444	244.7253728117037
0.0	Himalayasaurus	215.5664241387495	214.27947072610252
0.0	Hispaniasaurus	237.61944275319652	236.1385404208699
0.0	Honghesaurus	244.26183850657355	243.47793952904374
0.0	Horaffia	239.74231322998972	235.73459699493546
0.0	Hovasaurus	259.634697210183	248.89077430712612
0.0	Howesia	246.1288321812586	243.3941487138029
0.0	Hudsonelpidia	221.03557544177576	219.84188950432693
0.0	Hupehsuchus	250.30497180777817	240.6904704737208
0.0	Hwiccewyrm	235.92576279995436	227.28267664178694
0.0	Hyloidichnus	258.5446019792257	251.44136397984963
0.0	Hyperodapedon_Temperate_S	237.18574534796824	208.42007172274987
0.0	Hyperodapedon_Tropical_N	230.1101287136238	226.84363181929425
0.0	Hypselorhachis	246.04225550603397	245.24425620531144
0.0	Hypsognathus_Temperate_N	203.02037437815906	202.04815561563302
0.0	Hypsognathus_Tropical_N	230.20824459416306	202.66697235199368
0.0	Hypuronector	220.7543517913336	208.6065819026622
0.0	Icarosaurus	217.42881126209826	216.21607330942138
0.0	Ichthyosaurus_Temperate_N	208.21483446033298	199.18055375838193
0.0	Ichthyosaurus_Tropical_N	224.9839436947497	213.40883577373887
0.0	Ichthyotitan	207.2370751813323	206.19027538116936
0.0	Idiosaura	235.3172323928042	233.8801096637354
0.0	Ignotosaurus	231.06645174504234	229.31538170388146
0.0	Incertovenator	230.74537902710998	229.01240911218048
0.0	Ingentia	218.55552981969547	217.32161078319987
0.0	Isfjordosaurus	248.38007913931332	247.55494004028478
0.0	Ixalerpeton	233.2612359750005	220.5246858327323
0.0	Jaklapallisaurus	224.10889141042603	222.88477362407184
0.0	Jaxtasuchus	239.94445682017908	235.3853446047265
0.0	Jesairosaurus	248.64542145861552	247.81391081180928
0.0	Jingshanosaurus	202.590821601959	198.37551581470174
0.0	Jushatyria	245.231065809379	244.4669744096293
0.0	Kadimakara	251.61243728279067	250.82540038886344
0.0	Kalisuchus	251.5721173961035	250.95786653705017
0.0	Kapes_Temperate_N	250.61404132112872	244.43583588114112
0.0	Kapes_Tropical_N	247.29980186563236	241.22544505893367
0.0	Kayentapus_Temperate_N	201.65149613026085	199.12419764167493
0.0	Kayentapus_Tropical_N	227.76118230156035	198.97795504864303
0.0	Keichousaurus	250.91374676062273	235.83129136216118
0.0	Kholumolumo	226.39390216824376	207.40212587028475
0.0	Kinelia	258.5820523990853	258.47064736627635
0.0	Kintneria	222.618122986279	210.85401800820222
0.0	Kitchingnathus	250.06398224511696	249.23761874041088
0.0	Kocurypelta	213.4684297511313	212.27609422247005
0.0	Koiloskiosaurus	247.05986602344416	246.24991349072727
0.0	Komlosaurus	201.66197292529228	199.3421108824727
0.0	Krzyzanowskisaurus	238.98407055156795	210.99100288405756
0.0	Kudnu	252.04848052864952	250.50446165507233
0.0	Kuehneosaurus	237.90182469321954	203.15067046884147
0.0	Kuehneosuchus	208.58222938353416	207.48867777546585
0.0	Kuruxuchampsa	231.74100996412932	229.9996662363939
0.0	Kwangsisaurus	250.53053104691944	247.3694081258136
0.0	Labidosaurikos	283.20289143665207	272.58088384826425
0.0	Labidosauriscus	290.1998287776293	283.6476909234944
0.0	Labidosaurus	282.80380092904915	272.6189612360274
0.0	Lagerpeton	242.6014351495953	237.00718079125627
0.0	Lanceirosphenodon	216.99108804497908	215.78056946331787
0.0	Langeronyx	248.30261546693262	235.99340378811888
0.0	Langobardisaurus	218.060651666486	208.7232740033243
0.0	Lanthaniscus	271.4082727105073	267.08812642879224
0.0	Lanthanolania	271.00841870510214	269.6879379177749
0.0	Lanthanosuchus	261.93954255897796	261.4839619375914
0.0	Laquintasaura	200.79422104827023	199.78118628943986
0.0	Largocephalosaurus	245.1353977883121	244.1622979274191
0.0	Lariosaurus	248.53763032446608	236.42807133250082
0.0	Lasasaurus	250.73403050032823	249.96408551354617
0.0	Lavinipes	201.66848514378646	200.0413189826273
0.0	Lepidus	210.2466208490175	209.06995419549588
0.0	Leptonectes	201.307951080095	198.76334527214092
0.0	Leptosuchus	227.6926650649316	208.20374055829865
0.0	Lessemsaurus_Temperate_S	228.05157669303748	208.35083567268893
0.0	Lewisuchus	240.55182922504625	229.7537754146855
0.0	Libognathus	222.68855665542213	221.44249263646833
0.0	Liliensternus	214.54889529961446	202.48864726933044
0.0	Lindwurmia	200.57632060128557	199.5724072671312
0.0	Litorosuchus	238.7304350869197	237.77578137847067
0.0	Lophostropheus	207.76593895871756	206.72953362963494
0.0	Lotosaurus	247.17386242011082	242.12334128477002
0.0	Lucasuchus	233.45583042358183	226.41428087806045
0.0	Lucianosaurus	212.43493664056717	211.24945563484732
0.0	Lucianovenator	223.82064506938616	222.5934124512204
0.0	Lufengosaurus	201.78611950816753	199.32172104166432
0.0	Lukousaurus	200.84082356264835	198.95863980247935
0.0	Luopingosaurus	244.30816421053134	243.52931222524663
0.0	Luperosuchus	242.17777006979324	238.4799486731577
0.0	Macgowania	217.19644099099972	213.84635976750943
0.0	Machaeroprosopus	227.70180098505614	201.2898306003472
0.0	Macrocnemus	244.13680265830502	236.12443449212537
0.0	Macrocollum	223.38372944214368	207.16854073690655
0.0	Macroleter_Temperate_N	272.5329948612284	264.33559358384883
0.0	Macroleter_Tropical_N	267.57282595690685	266.4655670144116
0.0	Macroplacus	205.35973338507532	204.3200206675152
0.0	Macroplata	201.08333789999392	200.11368366043536
0.0	Maehary	229.01033041239384	221.95415260733193
0.0	Majiashanosaurus	248.33409956752098	247.5105187193341
0.0	Malerisaurus	221.81156489954827	207.24822567416422
0.0	Malutinisuchus	242.48715089372757	235.19912998638404
0.0	Mambawakale	243.0615301360048	242.32214440331387
0.0	Mandaphon	245.4189308748999	244.66156715942543
0.0	Mandasuchus	247.4387677146628	242.2375373819339
0.0	Marasuchus	243.47640067774333	235.20707423850885
0.0	Marcianosuchus	245.39205024822147	244.63253774416015
0.0	Massospondylus	231.5566753538676	229.87146676735296
0.0	Mbiresaurus	237.058240863209	231.39556978574308
0.0	Megachirella	244.9049008019588	244.1266009906598
0.0	Megalancosaurus	216.96670487752561	212.7358736462446
0.0	Megalosauripus	200.50818526498355	199.5278480752765
0.0	Megalosaurus	201.99395198441047	201.0187958053442
0.0	Megapnosaurus	201.59028736044587	200.60046181294902
0.0	Mehliella	236.51761209090847	235.23865557300493
0.0	Melanorosaurus	225.1583831992041	223.8329004301147
0.0	Merriamosaurus	249.02578025268167	248.2296851808045
0.0	Mesodapedon	244.49656370800656	243.7349795996706
0.0	Mesosaurus_Antarctic	291.1948811613103	286.1529109538907
0.0	Mesosaurus_Temperate_S	290.15660476883374	282.8729357074651
0.0	Mesosuchus	246.8531910125272	241.61369535508373
0.0	Metamosaurus	284.33508198081205	283.9427172081688
0.0	Metashastasaurus	217.78640205940448	210.53287850502915
0.0	Microcnemus_Temperate_N	251.77944892630595	247.1052019988618
0.0	Microleter	287.69859286546307	287.42416542813913
0.0	Micromenodon	232.54510294690314	230.74060528229452
0.0	Microsphenodon	226.74472482192726	212.25163997342008
0.0	Mikadocephalus_Temperate_N	240.28582059454146	239.5637051587276
0.0	Mikadocephalus_Tropical_N	244.08610819488905	243.2973699285074
0.0	Milleretta	259.2277036665557	250.1293355563697
0.0	Millerinoides	252.44650917978777	252.31577774877334
0.0	Milleropsis	260.15977817456917	250.7429464442792
0.0	Millerosaurus	257.6681735023935	251.66016416820503
0.0	Miodentosaurus	235.08297131679015	226.57643684747782
0.0	Mixosaurus	246.99902654421226	238.1526715390893
0.0	Moradisaurus	256.66250231746073	250.02201589175
0.0	Mystriosuchus_Temperate_N	222.4451816983588	199.86778007520732
0.0	Mystriosuchus_Tropical_N	217.43331447843997	209.51430581897927
0.0	Nambalia	225.54706505813593	210.91642805937096
0.0	Nanchangosaurus	249.02477325032092	241.20689321561312
0.0	Nanoparia	259.5105836330549	256.73691881305126
0.0	Neoaetosauroides	221.0802674199105	209.1207258118945
0.0	Neoprocolophon	245.62214753812034	244.85184519283746
0.0	Neusticosaurus	247.82110643047	236.15607877454846
0.0	Nhandumirim	222.60361090927933	218.0913358462582
0.0	Nicrosaurus_Temperate_N	226.9760707030916	210.4467057356236
0.0	Nicrosaurus_Tropical_N	218.0382478165121	216.83310409336167
0.0	Nochelesaurus	264.114230066316	259.36340302053895
0.0	Notatesseraeraptor	227.56162189035075	225.94654344258103
0.0	Noteosuchus	251.55229935789205	250.94078167700408
0.0	Nothosaurus_Temperate_N	247.65384216226911	205.7908922029564
0.0	Nothosaurus_Tropical_N	246.0360830090636	235.34316951100138
0.0	Nothosaurus_Tropical_S	249.22711727505933	236.28877870419166
0.0	Nundasuchus	245.93253352575013	245.1290111711887
0.0	Nyasasaurus	247.98675984107197	242.73518689718685
0.0	Nycteroleter	269.52159200847217	266.39967818012855
0.0	Nyctiboetus	282.1470962418802	268.8188915013009
0.0	Nyctiphruretus	274.01908817668635	262.3259954793072
0.0	Obirkovia	266.36615563117164	256.82971686857525
0.0	Odontochelys	230.18013394193085	227.46203225411463
0.0	Omphalosaurus_Temperate_N	249.98567038089797	236.14817172130455
0.0	Omphalosaurus_Tropical_N	248.76830368372478	241.73660749151907
0.0	Opisthodontosaurus	291.16459589187065	282.83249300707485
0.0	Orenburgia	250.69759416259745	247.27784117446615
0.0	Orovenator	292.59328744000646	283.170672554424
0.0	Oryctorhynchus	236.68890652526744	230.1133165022965
0.0	Oryporan	251.11353919813928	247.89600614999108
0.0	Osmolskina	249.30072093561589	248.4781128729054
0.0	Otozoum	216.16853502159682	214.96115251161484
0.0	Owenetta	260.710368222266	248.98001328253736
0.0	Ozimek	233.00674246980844	229.565761929812
0.0	Pachypes	253.7559815020842	253.64424319875957
0.0	Pachypleurosaurus	242.39246032482296	237.8046256620216
0.0	Pachystropheus	209.8927816683309	202.04641353033574
0.0	Palacrodon_Temperate_S	249.72550015241475	243.60645606784755
0.0	Palacrodon_Tropical_N	217.02182680839775	208.60342344941276
0.0	Palaeagama	252.16984764783365	251.66442009878358
0.0	Palaeochersis	227.66239434512048	212.9554157604981
0.0	Palaeosaurus	236.47066472349556	235.1198693840521
0.0	Palatodonta	243.08728792634543	242.32314261637939
0.0	Paleollanosaurus_Temperate_N	203.55450655907342	202.57454245574763
0.0	Paleollanosaurus_Tropical_S	216.89977609596238	215.62986543438353
0.0	Paliguana	248.94109038776978	248.09776921799684
0.0	Pamelaria	247.79013673973847	242.02102980365444
0.0	Pamelina	248.9939472490355	248.1662038736798
0.0	Pampadromaeus	234.5489719441195	214.51542040654732
0.0	Panguraptor	200.34869659888975	199.35582960111043
0.0	Panphagia	228.0164272113637	226.57948364571806
0.0	Pantydraco	235.7378577469907	234.22626683177117
0.0	Panzhousaurus	244.74110151507267	243.9911603083025
0.0	Pappochelys	239.2437742688564	238.49578168168168
0.0	Parabrontopodus_Temperate_N	201.95607246175678	199.16566316358276
0.0	Parahupehsuchus	248.01760325003377	247.1776708847086
0.0	Paralonectes	250.91741907933303	234.591418944764
0.0	Paraplacodus	247.9355802672374	235.22033872532097
0.0	Pararcus	245.43381403138935	244.65767310964148
0.0	Parasaurus	259.9304061743968	253.81055677822815
0.0	Parasuchus_Temperate_N	251.65969850293462	226.83222544938218
0.0	Parasuchus_Temperate_S	232.41858316802077	230.23240608821274
0.0	Parasuchus_Tropical_N	236.7289284418225	213.70323490939012
0.0	Parasuchus_Tropical_S	224.63729610091735	215.7164968543472
0.0	Paratypothorax_Temperate_N	224.5396728261702	212.78455172461133
0.0	Paratypothorax_Tropical_N	227.35079771769753	207.9237483508597
0.0	Paratypothorax_Tropical_S	219.6298236412015	218.42261840162152
0.0	Pareiasaurus	265.29141869305323	250.57828493264591
0.0	Pareiasuchus	262.0235768973477	253.9173681716312
0.0	Parringtonia	244.76220887761008	243.99119167341928
0.0	Partanosaurus	238.57715725395502	237.54038519331303
0.0	Parvinatator	246.49507619617907	245.6837686410116
0.0	Parvosuchus	239.6876969264839	238.8934701298181
0.0	Pectodens	245.188020469363	244.41406447773804
0.0	Pelecymala	232.05651283907685	227.10536550542162
0.0	Pendraig	231.75695149487245	229.96998137577174
0.0	Pentaedrusaurus	247.69404633655114	246.89252067428825
0.0	Permotriturus	265.3542319530814	264.53262902965747
0.0	Pessopteryx	249.24870657191315	243.07013664393668
0.0	Peteinosaurus	216.69019228347017	213.40230376282162
0.0	Phaanthosaurus	251.95444561875263	250.98968241817735
0.0	Phalarodon_Temperate_N	251.34564592954422	241.37038022377385
0.0	Phalarodon_Tropical_N	246.34659611167993	241.33124520574444
0.0	Phantomosaurus	244.56328945035844	243.79860382824663
0.0	Phonodus	251.57856419594685	250.97780470869256
0.0	Pisanosaurus	234.80760169828562	233.17487771512677
0.0	Pistosaurus	244.62078831642518	235.65692081463422
0.0	Placochelys	237.0891514735276	219.28470369347465
0.0	Placodus_Temperate_N	246.34829322608257	236.44296734324084
0.0	Placodus_Tropical_N	247.67737908244203	243.152087311213
0.0	Placodus_Tropical_S	244.66296684999244	239.49714276197884
0.0	Planocephalosaurus_Temperate_N	237.30540801369978	204.02424008459673
0.0	Planocephalosaurus_Tropical_S	226.2671558993918	224.75330886001242
0.0	Plateosauravus	224.64526640114892	210.3706337061717
0.0	Plateosaurus_Temperate_N	227.6426669520668	199.4819221027285
0.0	Plateosaurus_Temperate_S	229.09317517312192	212.27619696417983
0.0	Platypterna	213.83423007617952	198.61163135734284
0.0	Plectropterna	201.8907882236423	199.0814254708689
0.0	Plesiornis	200.92814330671766	199.94796750790056
0.0	Plesiosaurus	207.81916880609478	199.80342619886596
0.0	Polesinesuchus	231.5370928703218	229.81965068225546
0.0	Polonosuchus	230.6963597560139	228.9744127877607
0.0	Polymorphodon	239.83536359602834	239.12435481607056
0.0	Poposaurus	235.95289862741808	202.03201905385941
0.0	Postosuchus	233.85861304154915	201.02154169377485
0.0	Powellvenator	220.5847676235256	219.3786412253224
0.0	Pravusuchus	209.79552080995845	208.65923922307556
0.0	Preondactylus	216.37207922879867	208.17964906931533
0.0	Prestosuchus	241.8134425724558	230.31617157192144
0.0	Procerosuchus	238.84695233286592	237.97692671635266
0.0	Procolina	250.0182380218556	249.19294170159796
0.0	Procolophon	251.81397904189794	246.95547924657436
0.0	Procolophonichnium_Temperate_N	246.7180366027953	244.295610010021
0.0	Procolophonichnium_Temperate_S	250.86268408629297	250.1211159053431
0.0	Procompsognathus	215.42437684975962	214.23260578428042
0.0	Proganochelys_Temperate_N	227.8965721699208	205.01624160980623
0.0	Proganochelys_Tropical_N	209.556776855076	208.40965492937164
0.0	Prolacerta	251.7183177551965	247.06973487489427
0.0	Prolacertoides	251.56132811124291	250.94320013095705
0.0	Prosantosaurus	241.43181271011167	240.7084567958704
0.0	Prosaurosphargis	248.83396358739938	248.03868197136956
0.0	Protanystropheus	245.79271768218254	241.4827946729493
0.0	Protecovasaurus	221.3845936857368	208.30685328725667
0.0	Protenodontosaurus	235.45057062927023	233.83572100639657
0.0	Proteosaurus	202.02155160800612	200.49636047885082
0.0	Proterochampsa	235.13127482456085	233.55423794238848
0.0	Proterochersis	226.0676929256224	210.89600144345428
0.0	Proterosuchus_Temperate_N	251.66120463090087	250.76568948079662
0.0	Proterosuchus_Temperate_S	251.92795434689526	246.94379211031242
0.0	Protoavis	223.50260406312597	207.31473799351997
0.0	Protocaptorhinus	292.7472196573259	285.94605263472704
0.0	Protoichthyosaurus	201.83532854922987	200.86499566538484
0.0	Protome	221.6491324203185	220.42959177361732
0.0	Protorosaurus	261.09818859810304	253.77622664515906
0.0	Protorothyris	299.4024410396422	293.00544148461915
0.0	Protosuchus	208.47266187240845	199.26232098654634
0.0	Provelosaurus	267.27637527930955	263.0362231800702
0.0	Psephochelys	232.33995868239205	230.63773963858628
0.0	Psephoderma_Temperate_N	206.30379020013908	200.7018052236336
0.0	Psephoderma_Tropical_N	217.47205512437316	212.50069739790305
0.0	Psephoderma_Tropical_S	244.50196336685377	241.051601609014
0.0	Psephosauriscus	246.98911685023768	235.6496571924237
0.0	Psephosaurus_Temperate_N	237.66626074013783	236.15026620304593
0.0	Psephosaurus_Tropical_S	243.48433009568967	242.4176327672296
0.0	Pseudhesperosuchus	211.13513410842327	209.92979492275228
0.0	Pseudochampsa	232.29912898713175	230.5800783464642
0.0	Pseudotetrasauropus_Temperate_N	225.55648397438156	224.22082596095834
0.0	Pseudotetrasauropus_Tropical_N	229.0180491439467	200.35158474844945
0.0	Pterodactylus	201.2316358498758	200.21720011173355
0.0	Pumiliopareia	256.2513880977057	256.138608866384
0.0	Qianichthyosaurus	239.71129661783905	227.27335848944924
0.0	Qianosuchus	245.22630511253138	243.22619844274357
0.0	Qianxisaurus	238.61093993594707	237.69345460218847
0.0	Quasianosteosaurus	248.52669059754953	247.7116465161615
0.0	Raeticodactylus	201.9025396817951	200.91946291001761
0.0	Rautiania	264.4662511123942	261.2918757995767
0.0	Redondasuchus	223.11656478278468	207.4398999496635
0.0	Redondavenator	227.63631048188498	226.10307551930123
0.0	Revueltosaurus	232.12394750158631	208.2890354617523
0.0	Rhaeticosaurus	207.33108205312166	206.25705849876695
0.0	Rhipaeosaurus	267.5536141712939	260.83241452742226
0.0	Rhomaleosaurus	204.4195358954831	198.9826998704493
0.0	Rhombopholis	245.26231654549693	238.5904196195321
0.0	Rioarribasuchus	223.58470373594332	212.8620334261705
0.0	Riojasaurus	225.46035645436902	216.8839972328299
0.0	Riojasuchus	213.31418391799068	212.08664951431658
0.0	Romeria	296.5102890398059	294.86764595126334
0.0	Rothianiscus	272.0277237719901	264.16955802953476
0.0	Rotodactylus	222.96411834609066	221.74412498540195
0.0	Ruehleia	218.38430814316894	211.17527534432173
0.0	Rugarhynchos	225.94547548418726	224.59746449734578
0.0	Ruhuhuaria	246.50853741047968	245.70660936506653
0.0	Rutiodon	234.56205648891853	208.00268843490196
0.0	Sacisaurus	225.40511354079277	224.05955944197564
0.0	Saltoposuchus	216.46154036148945	212.25288381575953
0.0	Sanchiaosaurus	242.95481846334036	242.20359400853246
0.0	Sanchuansaurus	252.43846347364382	252.29950253643167
0.0	Sanjuansaurus	227.9638916528161	226.55694545169436
0.0	Santaisaurus	251.87771450298393	251.1262895147196
0.0	Sarcosaurus	201.5496667944359	200.57318143927998
0.0	Sarmatosuchus	246.0876278776513	245.3063994687661
0.0	Saturnalia	229.1604807189692	224.55566860311026
0.0	Saurischichnus	221.88308778421134	207.4700848619287
0.0	Saurodektes	251.96222820196792	246.5862991420495
0.0	Sauropareion	251.53966587260746	247.836730628569
0.0	Sauropus	200.86673880235287	199.87969050410916
0.0	Saurorictus	258.4717918052762	258.3581913413711
0.0	Saurosternon	257.6515821603373	257.54096940778317
0.0	Saurosuchus	236.20211418220373	234.83815175752565
0.0	Scelidosaurus	200.82197554699158	199.83214123880254
0.0	Scharschengia	249.10013868621513	248.24093956596704
0.0	Schleitheimia	219.37029781678666	218.19167032857865
0.0	Sclerocormus	249.13776035978094	248.3244163863018
0.0	Sclerosaurus	247.14048883469655	244.57604554588355
0.0	Sclerostropheus	225.0060835237199	223.77175102062637
0.0	Scoloparia_Temperate_N	204.68194378993957	203.73522027235134
0.0	Scoloparia_Tropical_N	236.97312142217586	230.96586826884717
0.0	Scolotosuchus	249.59639037280047	248.79175760399264
0.0	Scutarx	226.66446909359502	217.60320511985668
0.0	Scutosaurus	265.61378085536575	257.0113280000365
0.0	Scythosuchus	248.62799459379443	247.78802477979656
0.0	Seazzadactylus	213.33896512938736	212.12396714593254
0.0	Selenichnus	201.91671230994223	200.22800820427912
0.0	Serpianosaurus	245.34056941748537	237.71062671685016
0.0	Shansisuchus	247.440605048194	242.13740409690752
0.0	Shastasaurus_Temperate_N	216.67361008977568	215.4819363945533
0.0	Shastasaurus_Tropical_S	237.37440306780837	228.42464759707363
0.0	Shihtienfenia	254.0533074874455	250.11186470757616
0.0	Shonisaurus_Temperate_N	233.89021671700044	201.0880394465955
0.0	Shonisaurus_Tropical_N	228.33465099190678	215.13785590269694
0.0	Shringasaurus	247.48810305363182	241.7383932953297
0.0	Shuangbaisaurus	200.00345611988598	199.02485248466195
0.0	Shuvosaurus	225.77868059130157	201.98209305044406
0.0	Sigmala	236.59202101543696	227.01284282385004
0.0	Sikannisuchus	228.91370125245246	209.10627264803665
0.0	Silesaurus	233.10584113072179	231.44636431276354
0.0	Sillosuchus	233.98116625835667	232.204428728023
0.0	Simosaurus_Temperate_N	242.25563217428723	204.60969402194036
0.0	Simosaurus_Tropical_S	242.9924375092367	242.21895497777487
0.0	Sinocyamodus	233.97257715994078	232.28088397161807
0.0	Sinosaurosphargis	245.02119086907152	243.1601958623856
0.0	Sinosaurus	201.90277314928787	199.40027097686288
0.0	Skybalonyx	218.33929067194694	217.095669532295
0.0	Smilodonterpeton	205.69571384357263	204.74241266366766
0.0	Smilosuchus	230.6867360140547	208.68172708273048
0.0	Sophineta	248.00472813370902	247.19521364593686
0.0	Soturnia	224.88576738114756	208.81022260322806
0.0	Soumyasaurus	226.41172915490185	225.02367737747022
0.0	Sphenotitan	225.21795549622243	211.61117569492816
0.0	Sphodrosaurus	215.381786991814	214.16001378367514
0.0	Spinosuchus	232.78410152941424	212.0161421495189
0.0	Spondylolestes	256.64086574534105	255.91403537389198
0.0	Spondylosoma	242.3010056463488	235.473943389371
0.0	Stagonolepis_Temperate_N	237.17129916627925	228.8532827882302
0.0	Stagonolepis_Tropical_N	226.22333568071306	209.4401026157086
0.0	Stagonolepis_Tropical_S	216.3737862981184	215.18421626482123
0.0	Stagonosuchus	247.20093436730724	241.10860428621953
0.0	Staurikosaurus	235.23964620610633	233.66034067262484
0.0	Stauromatodon	238.29199199231505	237.23176643538625
0.0	Stegomus	227.82268729230472	212.18498020804418
0.0	Stenaulorhynchus	246.98665841567436	241.28645796686862
0.0	Stenomyti	213.94842839920588	212.73002868321575
0.0	Stenoscelida	224.6800113758272	223.38419611449902
0.0	Stereosternum_Antarctic	283.65359150750777	282.6285069969597
0.0	Stereosternum_Temperate_S	291.1829917764755	282.639966196368
0.0	Styracocephalus	266.1338546303376	260.0786242601159
0.0	Syntarsus	201.72685243553056	200.75445796456574
0.0	Syntomiprosopus	224.95662973388158	223.6551364720462
0.0	Tachiraptor	201.4528548501271	200.45784139075593
0.0	Tanaisosaurus	251.05159684437945	250.31162868103658
0.0	Tanystropheus_Temperate_N	248.35941234794856	199.85300677054641
0.0	Tanystropheus_Tropical_N	244.2450909759366	235.0693012438193
0.0	Tanystropheus_Tropical_S	245.37834724292492	242.0313400927616
0.0	Tanytrachelos	224.87145254732866	208.719350002387
0.0	Tarjadia	242.43058443248728	236.0142561520945
0.0	Tarsodactylus	200.72409479913554	199.7702649407844
0.0	Tasmaniosaurus	251.74632499061775	250.86366396845247
0.0	Tawa	228.57586454238603	208.0819456706096
0.0	Taytalura	231.06619464935014	229.3754087637026
0.0	Technosaurus	218.37042253848023	217.13860415719432
0.0	Tecovasaurus	228.0579894191161	213.86462981319323
0.0	Tecovasuchus	225.3740585570509	213.19969540433107
0.0	Teleocrater	247.25260627533746	241.15031117261273
0.0	Temnodontosaurus	201.75660397015895	199.55088032321632
0.0	Teraterpeton	236.39703623291953	229.17264688155646
0.0	Teratophon	246.6431978809028	242.72294593446304
0.0	Teratosaurus_Temperate_N	242.44701229578703	211.99142696206422
0.0	Teratosaurus_Temperate_S	250.66729363697115	249.8727481812737
0.0	Termatosaurus	208.23913879008603	200.72529962555888
0.0	Terrestrisuchus	236.55081492728198	229.16795214291776
0.0	Tetrasauropus_Temperate_N	216.17607296283975	214.97715602348308
0.0	Tetrasauropus_Temperate_S	247.00088287570463	239.73757542293671
0.0	Teyujagua	251.39744001007824	250.72661989693512
0.0	Teyumbaita	226.57395911535218	209.9757343392181
0.0	Thadeosaurus	252.1480778183689	251.60329069423884
0.0	Thaisaurus	248.01380853096305	247.19771664658518
0.0	Thalassiodracon	208.49998617989885	199.07551136350295
0.0	Thalattoarchon	244.3156320066399	243.53474482922636
0.0	Thalattosaurus	245.72173224137777	243.11295602067594
0.0	Thecodontosaurus	241.81880211617866	200.7127031307018
0.0	Theledectes	245.94674033009196	245.1888211715757
0.0	Thelephon	245.99103408711528	245.18200254648218
0.0	Thelerpeton	245.71919888016046	242.16971027525778
0.0	Tholodus_Temperate_N	247.87667671504514	241.84986120279098
0.0	Tholodus_Tropical_N	240.73249665043164	239.99811918920054
0.0	Thuringothyris	292.4265120966303	282.41396215695653
0.0	Tichvinskia	251.3669085068095	246.6991700952303
0.0	Ticinosuchus	247.30222636078608	242.29899618162196
0.0	Tikisuchus	231.24305755460324	229.56116642464718
0.0	Timanophon	250.07178216931916	246.940117668902
0.0	Toretocnemus	236.17757410412236	228.03426235126713
0.0	Trachelosaurus	247.073157532415	246.26963788692834
0.0	Trialestes	236.71142898093333	225.56279259097502
0.0	Tricuspisaurus	203.6985631420795	202.73089366867254
0.0	Trihamus	200.67102082596242	199.63287974474304
0.0	Trilophosaurus	230.91992527613752	208.9082705738103
0.0	Tropidosuchus	242.23662067151093	236.10260975194248
0.0	Tuebingosaurus	209.5638968035164	208.4373744131725
0.0	Turfanosuchus	244.13796622715782	243.38054685602205
0.0	Typothorax	227.77192402793415	201.12865960857266
0.0	Uatchitodon	234.36207404613572	218.00487209881183
0.0	Unaysaurus	216.16191792810525	212.59312280259766
0.0	Unguinychus	220.86417061764521	219.66456291905362
0.0	Uralosaurus	247.20259084843534	244.20296226990124
0.0	Utatsusaurus	250.57693806539325	246.57955846205476
0.0	Vallesaurus	217.51280705077275	213.0194924150557
0.0	Vancleavea	235.92519371041442	201.63264279886906
0.0	Variodens	208.42921021473464	201.36261333715916
0.0	Vellbergia	239.7810389808145	239.0374968103405
0.0	Velocipes	217.16751023816542	216.04676589602508
0.0	Venaticosuchus	228.08703493621667	226.61656747205953
0.0	Venetoraptor	234.2164892627188	207.39322643091535
0.0	Vinitasaura	231.98315300267348	230.27346954439537
0.0	Vivaron	224.34210272058144	211.14401672098987
0.0	Vjushkovisaurus	246.64689165234526	242.52521075373895
0.0	Volcanosuchus	234.82023453834782	233.18265832697816
0.0	Vonhuenia	251.6979131825388	251.14967116357747
0.0	Vritramimosaurus	248.28958343810342	247.47148192357176
0.0	Vytshegdosuchus	248.03955119763455	247.2302703752991
0.0	Wahlisaurus	200.04717050548163	199.10669526214178
0.0	Waluchelys	219.53410044230773	218.284005702857
0.0	Wangosaurus	239.76346991153545	235.13938105098245
0.0	Wannia	220.5654888538506	213.4907080660696
0.0	Wapitisaurus	251.2848625785707	250.5918336914929
0.0	Weigeltisaurus	260.98582640108657	253.98629566587385
0.0	Whitakersaurus	208.2900689681094	207.20283912301394
0.0	Wimanius	245.11863899923674	244.3648854270425
0.0	Wumengosaurus	247.53106972340882	242.01347763881563
0.0	Xenodiphyodon	231.79154592870424	230.1196101464214
0.0	Xilousuchus	243.98440469779626	243.21296892595888
0.0	Xingxiulong	201.02104649997236	200.02841213817723
0.0	Xinminosaurus	244.34721017871993	243.59848287595312
0.0	Xinpusaurus	242.0788118821409	226.8575598800786
0.0	Xiphopeza	201.19693597952573	200.20818024119794
0.0	Yarasuchus	245.92541701441965	241.51913861558927
0.0	Yelaphomte	213.57396718636477	212.36563599177833
0.0	Yimenosaurus	201.4753841770353	199.32165671228682
0.0	Youngetta	249.44285076597637	248.59732977037328
0.0	Youngina	259.8348060011195	250.7258681009861
0.0	Youngosuchus	246.39359224368815	245.61568296710152
0.0	Yunguisaurus	242.79461351650102	236.21847714224413
0.0	Yunnanosaurus	202.01046424105118	198.5458676989222
0.0	Zanclodon	243.92261674255818	202.87375250512903
0.0	Zhongjiania	259.2666848258825	255.9037113405306
0.0	Zupaysaurus	210.61486428927037	209.4515315511402
