clade	species	ts	te
0.0	Abajudon	107.97897220860429	83.83137355277638
0.0	Abdalodon	81.64389941170585	81.28588503051526
0.0	Acratophorus	61.902380582291144	52.99816980990496
0.0	Adelobasileus	42.98191397998999	41.71638331365683
0.0	Aelurognathus_Temperate_S	84.89472375487745	77.05881247223613
0.0	Aelurosaurus	96.69838931065532	79.00410151475738
0.0	Aelurosuchus	70.43308502851426	70.09967920810405
0.0	Aerosaurus	128.3141383351676	116.23771569884943
0.0	Akidnognathus	83.47754637918959	78.72744587593796
0.0	Alemoatherium	48.56405696648324	46.92009813106554
0.0	Aleodon	70.54847256528264	50.898483547273635
0.0	Alepognathus	87.23617325812907	86.46452244272136
0.0	Alierasaurus	101.59985821710855	100.56617863381692
0.0	Alopecideops	86.51023606653327	85.79258404152077
0.0	Alopecodon	89.22890351725863	85.2415956728364
0.0	Alopecognathus	89.29059824062031	84.75636125662832
0.0	Alopecorhinus	83.83940124912455	83.34212496448224
0.0	Aloposaurus	85.50260606153077	77.97951659229615
0.0	Alrausuchus	98.04097480490245	90.61733611655829
0.0	Ameghinichnus	41.88643908204102	40.771849784892446
0.0	Andescynodon	71.75053073186594	43.53937525562781
0.0	Angelosaurus	106.9923256548274	91.18662753426715
0.0	Angonisaurus	69.92350641470735	69.5596361455728
0.0	Annatherapsidus	89.04409726663332	82.20180702351176
0.0	Anningia	88.33170811005503	87.49198198799401
0.0	Anomocephalus	91.68824193996997	90.50428548574286
0.0	Antecosuchus	71.33622640870435	67.46920586943472
0.0	Anteosaurus_Temperate_N	88.8731227853927	88.0484191895948
0.0	Anteosaurus_Temperate_S	89.39433825062531	84.5994257653827
0.0	Apsisaurus	118.96037111355679	117.90554427563781
0.0	Archaeosyodon	91.38951668134067	90.38576605752876
0.0	Archaeothyris	134.95025296398202	132.26036049124565
0.0	Archaeovenator	127.2769572116058	126.22307739319659
0.0	Arctognathus	85.26706925562782	78.74986977588794
0.0	Arctops	85.51790696548274	78.39542838969486
0.0	Arctotraversodon	61.05475233966983	53.6754426088044
0.0	Arisierpeton	111.7502896568284	110.97939935317659
0.0	Aulacephalodon	84.90519648724363	77.1142950150075
0.0	Aulacocephalus	82.42529194397198	82.10020083891946
0.0	Australobarbarus	88.78482339919961	84.6530004762381
0.0	Australosyodon	91.4533213841921	90.24850264282142
0.0	Avenantia	86.8822706528264	86.11205689594797
0.0	Baldwinonus	128.06823457728865	118.81338839069535
0.0	Basilodon	84.9277507493747	78.20604053076539
0.0	Bauria	72.4143124967484	67.04642419559781
0.0	Beishanodon	74.1080579909955	73.9362307803902
0.0	Biarmosuchoides	91.24733526813408	90.19764516358178
0.0	Biarmosuchus	97.97868533616808	88.93388454577288
0.0	Biseridens	97.52628903451726	92.99459381990995
0.0	Blattoidealestes	84.4491993781891	83.94220698349174
0.0	Bohemiclavulus	126.49214619209604	125.67311319109557
0.0	Bolodon	31.77616897848925	30.875895349174588
0.0	Bolotridon	70.95345609504751	70.61442968684342
0.0	Bonacynodon	67.58233625912958	55.996657060030024
0.0	Boreogomphodon	60.08408449524762	41.89321752026013
0.0	Botucaraitherium	45.15149628714357	43.6015063971986
0.0	Brachyprosopus	89.64352276488243	84.66125100950475
0.0	Brachyzostrodon	33.442307881440726	27.63085347973987
0.0	Brasilitherium	51.750744630815404	33.48429876588294
0.0	Brasilodon	52.305461447723864	33.32800709304652
0.0	Brontopus	84.45250684592295	78.11275143971986
0.0	Bulbasaurus	85.19063512206104	79.38056162081041
0.0	Bullacephalus	89.25116856478239	88.27909709004503
0.0	Burnetia	81.06559812056028	80.77977843971985
0.0	Cabarzia	121.24900745872937	120.4100872586293
0.0	Callibrachion	111.38400109204603	110.75245869934967
0.0	Candelariodon	64.93868264782391	64.59545640820411
0.0	Caodeyao	80.66638521110555	80.42029888194098
0.0	Casea	109.23618011855928	97.48862291845923
0.0	Caseoides	107.51288167283641	92.99693554727364
0.0	Caseopsis	106.03210502751375	95.38748743721861
0.0	Cerdodon	91.94776725362681	91.01933263531765
0.0	Cerdorhinus	81.77493864732365	81.49392006903452
0.0	Cerdosuchus	81.28895448924463	81.01732193446723
0.0	Chalepotherium	29.042820281140568	28.308576618309157
0.0	Chaliminia	50.1927381755878	37.46208399299649
0.0	Charassognathus	82.06110441870935	81.7007048014007
0.0	Charruodon	46.070217269634824	44.56477130765382
0.0	Chiniquodon	67.42586956878439	42.46835925512757
0.0	Choerosaurus	95.60999134067035	81.50079245172587
0.0	Chthomaloporus	90.90822676888443	89.94076752776388
0.0	Chthonosaurus	87.10629607353677	83.30637505202601
0.0	Cistecephaloides	81.96698537168584	81.69462102051025
0.0	Cistecephalus	84.7567522056028	79.08608213106554
0.0	Cistecynodon	70.46440496348174	70.09194507453726
0.0	Clelandina	85.22493824312156	77.59439686443223
0.0	Clepsydrops	132.14793599849926	103.16519490545274
0.0	Colobodectes	88.54091034267134	77.15767466783393
0.0	Compsodon	85.44595663231615	77.59666483141571
0.0	Cotylorhynchus	108.62221781490744	90.92812906353177
0.0	Counillonia	74.79195825912956	74.5933758184092
0.0	Cricodon	72.34320492096049	60.658849288644326
0.0	Criocephalosaurus	89.70266131965982	84.96511984742372
0.0	Cromptodon	69.45705879089545	69.10456222161079
0.0	Cryptocynodon	85.42900299949974	79.57681905152576
0.0	Cryptovenator	124.27588509004501	123.41347306303152
0.0	Ctenorhachis	111.13641090495248	110.35681490895448
0.0	Ctenospondylus	118.85248275887943	108.88711234917459
0.0	Cutleria	121.71115549424712	113.74671919809906
0.0	Cynariognathus	89.11332272336169	85.14902212456228
0.0	Cyniscops	81.72100866033017	81.44724593246623
0.0	Cynognathus	72.41675048724362	52.62648720010005
0.0	Cynosaurus	85.2122582236118	77.64442093646824
0.0	Cyonosaurus	85.16667487593797	77.09108536018009
0.0	Dadadon	62.477754496748375	53.388716346673334
0.0	Dalongkoua	78.36081298249125	78.12334964782391
0.0	Daptocephalus	88.67719397598799	76.90087613856929
0.0	Daqingshanodon	80.49984100450224	80.27129846373187
0.0	Datheosaurus	124.36592428414207	123.4748405957979
0.0	Davletkulia	94.53187515807903	93.54201163181591
0.0	Deccanodon	50.36993184142071	49.56665132316158
0.0	Delectosaurus	83.90360557728864	82.38653280140069
0.0	Delphinognathus	87.10922084892447	86.31568113906954
0.0	Deuterosaurus	92.08964211955978	85.42748315607804
0.0	Diademodon	72.3481787423712	54.67508855477738
0.0	Dicynodon_Temperate_N	90.54370765932967	85.46998378539269
0.0	Dicynodon_Temperate_S	112.35980595697848	63.317044807903955
0.0	Dicynodontipus_Temperate_N	71.462312018009	71.19703756978488
0.0	Dicynodontipus_Temperate_S	84.23288302301151	60.26376472136069
0.0	Dicynodontoides_Temperate_S	85.52078410205102	74.04935212706354
0.0	Diegocanis	57.60159381190595	55.97219051575788
0.0	Digalodon	85.09422976138069	77.36847314107052
0.0	Diictodon_Temperate_N	78.43453545772886	78.18959586543272
0.0	Diictodon_Temperate_S	92.10098111755877	77.07090543421711
0.0	Diictodontoides	81.53985385892948	81.24425171835918
0.0	Dimacrodon	107.94247493646823	93.21833350875438
0.0	Dimetrodon	123.73431486593296	89.5323149689845
0.0	Dinanomodon	85.50062608104052	73.72129053176589
0.0	Dinodontosaurus	67.1283912566283	57.41371773086543
0.0	Dinogorgon	85.09591022311156	78.70231633166584
0.0	Dinosaurus	91.85533677988994	89.90969123561781
0.0	Dolichuranus	70.19822481990995	69.80732287093545
0.0	Dolomitipes	77.58523769534769	73.6644491245623
0.0	Driveria	100.08245184092046	98.83877870185091
0.0	Dromatherium	43.83544273436719	42.616935707853926
0.0	Dvinia	87.23106115257629	83.3358583631816
0.0	Ecteninion	57.528600022011005	55.93417228914458
0.0	Edaphosaurus	129.35118324012004	93.25250385092546
0.0	Elcabrosaurus	126.70938188844421	125.71530347373688
0.0	Elephantosaurus	64.20001836068033	63.9823902176088
0.0	Elliotsmithia	88.17818239269634	87.33244690045022
0.0	Elph	88.49135186593296	83.91805716408206
0.0	Emydochampsa	82.51267833766885	82.19831846373187
0.0	Emydops	94.9896827923962	78.6943274482241
0.0	Emydorhinus	84.04578722811405	79.07278386443221
0.0	Emydorhynchus	81.55782302851425	81.27147162331165
0.0	Emyduranus	84.47278291145572	80.11699059779889
0.0	Endothiodon_Temperate_S	101.35238450075038	78.64858519209604
0.0	Endothiodon_Tropical_S	83.87209234567284	77.12285366133067
0.0	Ennatosaurus_Temperate_N	97.6301249589795	89.49303054227114
0.0	Ennatosaurus_Tropical_N	87.72483340670335	86.99886254777388
0.0	Eocasea	127.25566718109053	126.23503187993997
0.0	Eodicynodon	95.88250228564283	87.50987291295648
0.0	Eoraetia	30.658397938969486	29.907940900450225
0.0	Eosimops	89.38655805352676	80.71755752726364
0.0	Eothyris	112.10997705252626	111.28025495647823
0.0	Eozostrodon	31.667295144072035	27.960970779889944
0.0	Ericiolacerta	76.5168296548274	72.9654995717859
0.0	Eriphostoma	89.96936315757878	78.66861104002
0.0	Estemmenosuchus	94.21184038769385	89.11287653526762
0.0	Eubrachiosaurus	58.26925646923462	56.68048007753877
0.0	Euchambersia	81.28498313656829	81.00775101050525
0.0	Euptychognathus	82.62671293546772	82.28542300050026
0.0	Euromycter	106.96133981190596	106.0290504372186
0.0	Exaeretodon_Temperate_S	65.56334513256628	32.84982639869935
0.0	Exaeretodon_Tropical_N	69.50673156028014	69.19055221110554
0.0	Fluctuodon	30.762980241120562	29.95518673586793
0.0	Galechirus	88.22135182141072	84.98312154527264
0.0	Galeops	88.74912131615808	81.14926068584292
0.0	Galesaurus	77.21675385542771	71.97903421860931
0.0	Gaumia	41.03649012656329	26.787866778389194
0.0	Geikia_Temperate_N	78.04522957428715	77.81758907353677
0.0	Geikia_Temperate_S	84.3091923091546	79.95565792346174
0.0	Glanosuchus	91.79302372986493	85.07886350225114
0.0	Glaucosaurus	106.9669855717859	105.7247365857929
0.0	Gomphodontosuchus	58.54639172436218	45.9483133961981
0.0	Gondwanadon	57.27776882091046	56.35641886843422
0.0	Gordonia	79.00442667933967	76.95736381290645
0.0	Gorgodon	104.95297629514758	93.95492187143572
0.0	Gorgonops	89.46970929114558	78.08316296648324
0.0	Gorochovetzia	85.40584015057529	84.89499089844921
0.0	Gorynychus	88.2207188684342	85.20819698849425
0.0	Habayia	30.67320716458229	29.837378407703856
0.0	Hahnia	29.895058772886443	29.09184768334167
0.0	Hallautherium	30.34760870685343	29.58376245972986
0.0	Haptodus	131.07922071585793	110.88958409254627
0.0	Haramiyavia	32.43333624562281	28.40599179289645
0.0	Hazhenia	72.11578254027015	71.85538989044522
0.0	Heleosaurus	86.63440156928465	85.87251910755377
0.0	Helvetiodon	29.021235334667335	28.254701343171586
0.0	Herpetoskylax	84.96165751475739	80.01818934867434
0.0	Hipposaurus	88.84412003051527	85.56571782291147
0.0	Hofmeyria	85.36733658429213	78.98958797848924
0.0	Homodontosaurus	84.32136367783892	78.11303229114557
0.0	Hwanghocynodon	81.91907725012507	81.62138649224613
0.0	Hyaenasuchus	87.36974944772388	86.57216557228615
0.0	Hypselohaptodus	121.56368207753877	120.69132589044521
0.0	Hypsiprymnopsis	30.18395890545273	29.38789302401201
0.0	Ianthasaurus	131.01215105052526	128.6264992586293
0.0	Ianthodon	130.2677537863932	129.20839251225613
0.0	Ichibengops	83.56726257778888	79.55910054227112
0.0	Icticephalus	82.26748254477239	81.94309715707854
0.0	Ictidochampsa	80.27263794147075	79.97656966583293
0.0	Ictidognathus	85.6330669929965	81.02013364132065
0.0	Ictidorhinus	81.95871836468234	81.61347146173087
0.0	Ictidosaurus	92.15795529764884	85.90543535067535
0.0	Ictidosuchops	84.87733226313156	77.35091781690845
0.0	Ictidosuchus	83.04415559879939	82.67844653326664
0.0	Idelesaurus	88.16561318209105	87.37940642071037
0.0	Impidens	69.98639771085544	69.65193950775388
0.0	Inostrancevia_Temperate_N	89.96937796848422	81.39637599349675
0.0	Inostrancevia_Temperate_S	82.05930014357178	81.70901001150575
0.0	Interpresosaurus	83.3205477963982	83.06115888194095
0.0	Irajatherium	49.96921964482242	37.529571827913955
0.0	Ischigualastia	61.60076973086543	52.114066874937464
0.0	Isengops	81.69581846723362	81.41649114807404
0.0	Jachaleria	65.72055244272136	33.37841678189095
0.0	Jimusaria_Temperate_N	80.56969732666333	77.01939899749874
0.0	Jiufengia	81.82280396798399	81.5409878204102
0.0	Jonkeria	89.9378516528264	81.15919329664831
0.0	Julognathus	87.19285987143573	86.53448195147574
0.0	Kamagorgon	99.71189587293647	94.79077947023512
0.0	Kannemeyeria	75.54862341770887	67.04861390645323
0.0	Karenites	88.29314628364183	85.5072325767884
0.0	Kataigidodon	42.45756279889945	41.347506355177586
0.0	Katumbia	84.49544934717359	79.47817244572285
0.0	Kawingasaurus	84.69724951775888	79.4023246098049
0.0	Kembawacela	84.79915631465732	78.53899079689845
0.0	Kenomagnathus	130.02819905602803	128.94160051675837
0.0	Keratocephalus	89.61787368134068	84.8306783881941
0.0	Keyseria	80.13483834517258	79.81717273136567
0.0	Kitchinganomodon	85.08829466633316	78.47498012856428
0.0	Knoxosaurus	107.39231548924462	94.85092373436719
0.0	Kombuisia	70.48471353226613	68.26839887793896
0.0	Kotelcephalon	87.01437399049524	86.29808058129065
0.0	Kuehneotherium	33.12675236118059	27.224143448224115
0.0	Kunpania	80.54898227113557	80.3064621935968
0.0	Kwazulusaurus	81.3082431935968	80.99591376988494
0.0	Lalieudorhynchus	89.45431140270134	88.55951218209105
0.0	Langbergia	75.98425447223613	72.06191515007504
0.0	Lanthanostegus	88.7358432196098	86.16196133016508
0.0	Lemurosaurus	83.20901595947974	79.34649767233617
0.0	Lende	82.2097105827914	81.8563220190095
0.0	Leogorgon	87.06954922011005	84.07071120910454
0.0	Leontosaurus	85.46204896648324	76.70490455677837
0.0	Lepagia	33.546997578789394	27.041852965982994
0.0	Leucocephalus	82.46117289744872	82.16100124712355
0.0	Lisowicia	37.07090270885442	36.21318040270135
0.0	Lobalopex	82.22826137118558	81.8922402156078
0.0	Lophorhinus	81.87164850075038	81.5340714152076
0.0	Luangwa	71.99839689994997	55.158958320160075
0.0	Lumkuia	70.00545231465732	69.6746596138069
0.0	Lupeosaurus	121.48122160130065	120.33254353026513
0.0	Lycaenodon	84.24749069084541	80.56427508004002
0.0	Lycaenops	85.13858828364182	77.92869292246122
0.0	Lycedops	86.61606814107054	85.87521246123062
0.0	Lycideops	80.96871228064033	80.6538451865933
0.0	Lycosaurus	88.32717820510256	81.24882540020009
0.0	Lycosuchus	87.30246619709854	86.47228088744373
0.0	Lystrosaurus_Temperate_N	78.89281467533766	74.68980662731364
0.0	Lystrosaurus_Temperate_S	87.41378538469235	72.1851456528264
0.0	Macromerion	126.71001884492246	125.55225571935968
0.0	Madysaurus	57.7610774022011	57.06612403551776
0.0	Malasaurus	83.15030398049024	82.88216167183592
0.0	Mandagomphodon	71.23421387243621	68.0729698114057
0.0	Martensius	112.69676328164083	112.0587634082041
0.0	Massetognathus	67.18843559029514	55.97910614007003
0.0	Mastersonia	101.82990137968984	100.5725773971986
0.0	Maubeugia	31.31240082991496	30.485232307153574
0.0	Megawhaitsia	84.15180397148575	82.33014487643823
0.0	Melanedaphodon	134.12979322261128	133.12377928914458
0.0	Menadon	65.3077874472236	51.02683848274137
0.0	Mesenosaurus_Temperate_N	98.23148074487243	89.09569160580291
0.0	Mesenosaurus_Tropical_S	112.23272088544272	111.38855673136568
0.0	Meurthodon	30.301210380690343	29.548786295147575
0.0	Microconodon	59.029546006003	36.160163271135566
0.0	Microgomphodon	75.31399570085043	67.15648458679338
0.0	Microhelodon	69.52451477388695	69.19167754377187
0.0	Microscalenodon	32.568840258129065	28.51635173236618
0.0	Microsyodon	98.94533407903951	92.86987298449226
0.0	Microurania	89.70588586843421	82.78770905002501
0.0	Microvaranops	89.50246809804902	84.80025478989495
0.0	Microwhaitsia	83.75738182291146	79.65292708754377
0.0	Milosaurus	128.48300172986495	127.41672593646823
0.0	Minicynodon	45.4521228054027	43.98878094597299
0.0	Mirotenthes	84.73848751725863	80.29769306853426
0.0	Mitredon	29.67802080090045	28.982625603801903
0.0	Mobaceras	92.39073752576287	91.45207236368184
0.0	Moghreberia	61.217472675337675	30.93036503901951
0.0	Mojo	30.559370249624813	29.743681969484744
0.0	Molybdopygus	91.15691115607804	90.15507928764382
0.0	Morganucodon	32.368109068034016	26.909155425712857
0.0	Mormosaurus	91.98696865082542	86.34369737468734
0.0	Moschops	89.83273421260633	82.1715852206103
0.0	Moschorhinus	84.9077689709855	72.16784048924463
0.0	Moschowhaitsia	84.71772360880442	82.3114803621811
0.0	Muchia	87.26599270785393	86.56235127563784
0.0	Mucrotherium	29.76968971135568	28.992635144072036
0.0	Mupashi	81.66210068084042	81.38373384992497
0.0	Mycterosaurus	113.91601199749874	98.75052212856428
0.0	Myosauroides	82.50822214207105	82.18944604052025
0.0	Myosaurus	76.9089108024012	71.96914258129065
0.0	Nanictidops	82.33444051175587	82.04915867833917
0.0	Nanictocephalus	82.11565035667834	81.80011078939471
0.0	Nanictosaurus	84.09424742021011	78.0234725867934
0.0	Nanocynodon	87.45472978589297	86.77866285892945
0.0	Nanogomphodon	63.550661807403706	63.36348157178589
0.0	Neosaurus	117.73792286793396	116.83444239769885
0.0	Niaftasuchus	96.47928770185092	89.57126303501751
0.0	Niassodon	82.7516284092046	82.39100021660829
0.0	Nikkasaurus	96.4874171815908	91.43828974587294
0.0	Nitosaurus	126.44915423311654	125.44869569334668
0.0	Niuksenitia	87.51216946873437	86.75257757878938
0.0	Nochnitsa	87.00855487193597	86.35225312506252
0.0	Notaelurodon	80.15616921360682	79.8859135167584
0.0	Nothogomphodon	70.37298770435218	68.41586541970985
0.0	Notosyodon	88.57119032266132	87.74321656928464
0.0	Nshimbodon	82.02742219309654	81.646268981991
0.0	Nythosaurus	70.07418135067533	69.70438549724864
0.0	Odontocyclops	85.10032159529764	79.27122472236118
0.0	Oedaleops	127.17231223211607	113.72248926163081
0.0	Oligokyphus	32.40514544672336	28.27657015857929
0.0	Olivierosuchus	76.4372332396198	72.04776132566283
0.0	Ophiacodon	129.11138051625812	93.24397399349675
0.0	Ophidostoma	81.55192165882941	81.27469050825412
0.0	Ordosiodon	70.99978191695848	67.8337392176088
0.0	Oromycter	112.88500049274639	112.01542649274637
0.0	Otsheria	90.9934982226113	90.02507811455727
0.0	Oudenodon_Temperate_S	87.63992131115558	76.99448777988994
0.0	Pachydectes	86.53205112456229	85.88297786993496
0.0	Palemydops	84.18974119009505	79.90206742821411
0.0	Pampaphoneus	91.84919510655327	86.64912130365182
0.0	Panchetocynodon	76.1287110150075	75.90260384392195
0.0	Parabradysaurus	99.23269469634818	93.37028551325663
0.0	Paraburnetia	82.67919999149575	82.37311176988494
0.0	Paragalerhinus	80.67967684992496	80.3838108384192
0.0	Parakannemeyeria_Temperate_N	71.82650079139569	65.96221065032518
0.0	Parasuminia	86.86199409154575	86.19911449774887
0.0	Paratraversodon	66.90938068084043	58.86001804352176
0.0	Pardosuchus	87.79311878939471	86.96703958979491
0.0	Pascualgnathus	60.892603508254126	53.66974391895948
0.0	Patranomodon	91.74056203051525	89.26930911705853
0.0	Pelanomodon	84.51652930065032	77.03778643371686
0.0	Pelictosuchus	83.23535077738869	78.187509084042
0.0	Pentasauropus_Temperate_S	67.14526157528765	33.27815241770885
0.0	Pentasauropus_Tropical_N	44.09119934317158	43.00665754777389
0.0	Pentasaurus	37.8828287833917	36.54053841720861
0.0	Peramodon	87.91623414257128	83.5684132086043
0.0	Perplexisaurus	90.77078955527763	84.79308439219608
0.0	Phocosaurus	88.63675443971985	85.62874092896449
0.0	Phreatophasma	98.21985746873436	97.28714514107052
0.0	Phthinosaurus	95.31471088244123	89.64674874837418
0.0	Placerias	59.67085352626313	33.81579717408704
0.0	Planitorostris	64.32577772336168	64.10417544422211
0.0	Platycraniellus	76.73760653676838	72.15936005952977
0.0	Platycyclops	82.27349927913959	82.00334956678338
0.0	Platypodosaurus	84.70430348724362	79.07560610955478
0.0	Plinthogomphodon	44.43409117958979	43.10628574387193
0.0	Polonodon	56.469733067033516	55.30772048774387
0.0	Polycynodon	82.12492949224611	81.76849630765383
0.0	Porosteognathus	90.25306551675837	86.2916764412206
0.0	Pravoslavlevia	86.01887878489244	85.46306563531766
0.0	Pristerodon_Temperate_S	88.86882468584292	79.1158731905953
0.0	Pristerognathoides	89.76866026463233	82.79087084942472
0.0	Pristerognathus	89.36927776238119	84.80434206553277
0.0	Pristerosaurus	87.9724160390195	87.14421567533766
0.0	Probainognathus	67.05736693396699	53.32383940270135
0.0	Proburnetia	87.41324651125562	86.6942318284142
0.0	Procynosuchus_Temperate_N	85.84842122011005	81.1130825737869
0.0	Procynosuchus_Temperate_S	85.21519775887944	73.83840223961982
0.0	Prodicynodon	83.11640009504752	80.0277006158079
0.0	Progalesaurus	76.79567111405703	76.51003687093545
0.0	Promoschorhynchus	84.65521469384693	77.68335547823912
0.0	Prosictodon	90.34706353426714	89.41352788644322
0.0	Protheriodon	64.53502358829415	64.20839347673837
0.0	Protuberum	67.38182653176588	58.21243022511256
0.0	Prozostrodon	58.88243426713356	36.008175288644324
0.0	Pseudotherium	57.085604543271636	55.44170411105553
0.0	Pseudotriconodon_Temperate_N	41.82700973386694	26.777936897948976
0.0	Pseudotriconodon_Tropical_N	42.34405156378188	41.20688753376688
0.0	Ptomalestes	88.8002324022011	85.0611032706353
0.0	Purlovia	84.4624612056028	82.4519090430215
0.0	Putillosaurus	74.14096313556777	73.96401766833417
0.0	Pyozia	93.88605806203101	92.84839927463733
0.0	Rabidosaurus	71.30932634067034	68.26008719709854
0.0	Raranimus	96.68372621510754	95.62985593496748
0.0	Rastodon	87.4575208114057	86.67373995047524
0.0	Rechnisaurus	70.61372723461733	68.08009347073538
0.0	Redondagnathus	42.6591988014007	41.46796772236118
0.0	Regisaurus	76.40136306153076	73.15095970535268
0.0	Reiszia	95.08131757028514	89.92451539769885
0.0	Remigiomontanus	123.93360714557278	123.08078332666334
0.0	Repelinosaurus	75.1604475567784	74.96116899749875
0.0	Rewaconodon_Temperate_S	59.06465077738869	55.33057306053026
0.0	Rewaconodon_Tropical_S	42.57065179439719	41.47168187443722
0.0	Rhachiocephalus	84.82837476738369	79.0048474252126
0.0	Rhadiodromus	70.89545236768386	67.68370814157078
0.0	Rhinodicynodon	69.05085545322662	68.6510244352176
0.0	Rhopalodon	91.68571711005504	89.57737538569285
0.0	Riebeeckosaurus	86.94907212456229	86.18497742721361
0.0	Riograndia	51.88147414657329	33.64837234217109
0.0	Riojanodon	59.09637634617309	57.890688986493245
0.0	Robertia	89.20100902151076	83.72701520310153
0.0	Rosieria	33.00005069834918	28.884401743871937
0.0	Ruberodon	56.677784243121565	55.81653789144572
0.0	Rubidgea	85.13063942371186	77.36788085342671
0.0	Ruhuhucerberus	83.52890790995498	79.91063840270135
0.0	Ruthenosaurus	110.25367314057029	109.44317288994498
0.0	Ruthiromia	127.42637527213607	126.4198504092046
0.0	Sangusaurus	71.36381192196099	63.283825328164085
0.0	Santacruzgnathus	56.998084381190594	55.42088270235118
0.0	Santacruzodon	60.97192693046524	52.70458624662331
0.0	Santagnathus	52.383679680340165	33.08825799349675
0.0	Sauroctonus_Temperate_N	87.96228246523262	87.2267427653827
0.0	Sauroctonus_Temperate_S	82.5610943631816	82.22725529414706
0.0	Sauroscaptor	84.97937267983991	79.2520305357679
0.0	Scalenodon	71.95314254927465	63.77709969584792
0.0	Scalenodontoides	52.76540394997499	27.62190655027514
0.0	Scalopocephalus	82.99578440820409	82.59914580390195
0.0	Scalopodontes	86.55561628414208	85.89928528064033
0.0	Scalopognathus	76.62957870485243	76.4592427673837
0.0	Scaloporhinus	80.93794866483243	80.65037065082542
0.0	Scaloposaurus	83.55309543771885	72.01717403251625
0.0	Scaloposuchus	80.63795270335169	80.32434655277639
0.0	Scylacoides	84.1988014162081	83.75233441570785
0.0	Scylacops	85.10466294597298	78.87158085992996
0.0	Scylacosaurus	88.15445463231616	80.54204254877439
0.0	Scylacosuchus	86.89826724912456	86.21437060130066
0.0	Scymnosaurus	89.48080358629315	84.76958847723861
0.0	Secodontosaurus	115.00037026413206	101.13241544722362
0.0	Sesamondontoides	69.21039351175588	68.87597703001501
0.0	Shaanbeikannemeyeria	71.56005490195098	68.07030140270135
0.0	Shansiodon_Temperate_N	72.05598802451225	67.31005348174085
0.0	Shansiodon_Temperate_S	69.43289835517758	69.08909554327164
0.0	Shashajaia	112.95234790845421	112.03326521960982
0.0	Shiguaignathus	80.99998908454226	80.74408412256128
0.0	Silphedosuchus	74.47527181990996	74.29351914557279
0.0	Silphoictidoides	83.56689229214608	80.79176541020512
0.0	Sinoconodon	30.231564373186593	29.476619581290645
0.0	Sinognathus	69.42047361880941	69.02574690745372
0.0	Sinokannemeyeria	71.95923834367184	65.2293463691846
0.0	Sinophoneus	97.78287222211105	91.86329113556779
0.0	Sintocephalus	82.02995070235117	81.7223204072036
0.0	Siriusgnathus	58.831608965482744	35.897871302651325
0.0	Sludica	89.22619155827915	85.50022632466234
0.0	Smilesaurus	84.22924844722361	79.1770536168084
0.0	Sphenacodon	128.4225467623812	108.58675109504753
0.0	Stahleckeria	70.22234161130565	60.07487102051026
0.0	Steppesaurus	100.97628422911455	99.78174852026012
0.0	Stereophallodon	117.59225965832916	116.60781237718861
0.0	Stereorhachis	129.56941538369185	128.6271636048024
0.0	Struthiocephaloides	88.49163411005502	86.47078888544272
0.0	Struthiocephalus	89.31631909404702	84.71005598649324
0.0	Styracocephalus	88.74063592046024	85.49501835867933
0.0	Suchogorgon	89.51029034567284	85.34806288744373
0.0	Suminia	89.4598683551776	84.56294822711355
0.0	Sungeodon	76.65434993396698	76.47842335067533
0.0	Sycosaurus	84.88502966833417	79.65832802851425
0.0	Syodon	100.56613850575286	85.47410717508755
0.0	Syops	84.73141894147074	78.98725225662831
0.0	Sysphinctostoma	70.02422646723363	67.83116327113557
0.0	Tambacarnifex	112.14197042471235	111.53273269734868
0.0	Tamboeria	86.62854024712357	85.85117388244122
0.0	Taoheodon	80.27255266933467	80.00992759629816
0.0	Tapinocaninus	90.80208481590796	89.68911998849424
0.0	Tapinocephalus	88.2957857693847	85.1682615607804
0.0	Tappenosaurus	107.23266035417709	95.0601351715858
0.0	Taurocephalus	87.1055496608304	86.31030690545273
0.0	Tenuacaptor	130.14837035567786	129.08237702051028
0.0	Tessellatia	43.51568503901951	42.18474361030515
0.0	Tetraceratops	103.76248947673837	102.31792857178588
0.0	Tetracynodon	84.57006461630816	72.20348290795397
0.0	Tetragonias	71.75667543271636	68.35770708204102
0.0	Theriognathus	85.06397329614808	69.51945558729365
0.0	Therioherpeton	51.77314295297649	50.304792397198604
0.0	Therioides	87.37012567783891	86.59574483391695
0.0	Theroteinus	29.53345383891946	28.767776727863932
0.0	Thliptosaurus	81.17870447023512	80.88159880390195
0.0	Thomasia	40.608447231615806	26.243428440720358
0.0	Thrinaxodon	76.89845766583291	72.21742419409705
0.0	Tiarajudens	91.75712051375687	90.76883130165082
0.0	Tigrisuchus	84.04345470035017	80.81535545722859
0.0	Tikitherium	57.208751556278145	56.369853028514264
0.0	Titanophoneus	92.27725495097549	85.32377342371184
0.0	Titanosuchus	92.75701097048524	84.55980508204101
0.0	Traversodon	67.45191313256629	58.496186003501755
0.0	Traversodontoides	69.54574353276638	69.1698376058029
0.0	Trichasaurus	104.2553445987994	102.87685027063532
0.0	Tricuspes	40.5887208094047	26.258494176588293
0.0	Trirachodon	71.9796429609805	67.37763193346673
0.0	Tritylodon	34.37086231615808	33.185085584292146
0.0	Trochorhinus	87.22723491795897	86.47046386743371
0.0	Trochosaurus	89.42184600800401	85.18789423961981
0.0	Trochosuchus	87.60967566233117	86.79779907553777
0.0	Tropidostoma	87.6293149749875	79.34498922261132
0.0	Trucidocynodon	59.924431894947475	38.26990656378189
0.0	Turfanodon_Temperate_N	83.17225687643823	77.06896335817909
0.0	Ufudocyclops	70.84911826363182	67.63016293546772
0.0	Ulemica	92.42602412906454	85.31727607003502
0.0	Ulemosaurus	91.81665302151076	85.1392001885943
0.0	Uniserium	31.12993552826413	30.338661740370185
0.0	Uralocynodon	86.03607113756878	85.48170917958979
0.0	Uralokannemeyeria	70.89057401150575	68.04886601050525
0.0	Urumchia	76.70297084142071	76.54270487093548
0.0	Ustia	86.89118192296148	86.20332916358178
0.0	Varanodon	94.63607562131065	93.55017994747374
0.0	Varanops	115.43493405602801	100.11214634667334
0.0	Varanosaurus	113.89727751625813	98.08281825362683
0.0	Vaughnictis	121.6565704642321	112.99612412106053
0.0	Venyukovia	91.49375573036518	90.53696771635818
0.0	Vetusodon	80.71524327513758	80.43098027663832
0.0	Viatkogorgon	89.132046014007	85.52604773536768
0.0	Viatkosuchus	88.34956170785391	85.17827271735867
0.0	Vinceria	71.81410894247125	67.5901220190095
0.0	Vivaxosaurus	89.33255506903453	81.76305941770886
0.0	Wadiasaurus	69.3245811355678	69.00336400850426
0.0	Walteria	87.56715697348675	86.74357706003003
0.0	Wantulignathus	92.42906333266633	91.47235062381192
0.0	Watongia	93.64413740270135	92.54814755127563
0.0	Woutersia	32.560805703851926	27.568594319659827
0.0	Woznikella	60.77381632016008	53.54571670285143
0.0	Xiyukannemeyeria	72.16712224612307	62.444820952976485
0.0	Xyrospondylus	130.85243227613805	128.39237554027014
0.0	Yikezhaogia	68.84064830165083	68.45813241170586
0.0	Zambiasaurus	69.56053593146572	69.20589299799899
