clade	species	ts	te
0.0	Acanthostomatops	118.28052191610085	118.09814278291759
0.0	Acerastea	76.60057262664978	76.49138930855378
0.0	Acheloma	117.11378503091	80.55613507680022
0.0	Acroplous	121.07334190584353	115.81215680335417
0.0	Actinodon	122.33667398653462	115.95356031418038
0.0	Actiobates	130.89554546658366	130.71592394454535
0.0	Adamanterpeton	134.08069787229843	133.89822376309937
0.0	Almasaurus	54.10182795610097	52.768821682477736
0.0	Amphibamus	135.33822044466552	131.44219694393647
0.0	Anakamacops	93.66568061089224	91.48740044493913
0.0	Anaschisma	61.56902694120728	30.702509395764785
0.0	Anconastes	128.02872678086797	127.84702884170304
0.0	Angusaurus	76.4017836459475	71.33158375025393
0.0	Anisodexis	98.64721611845965	96.74502202326902
0.0	Anthichnium	86.22680725579922	84.72436306692049
0.0	Anthracobamus	125.84604598409824	125.66211299653958
0.0	Apachesaurus	62.4167982098445	29.27670795144817
0.0	Apateon	128.15009568844226	80.52944337859557
0.0	Aphaneramma_Temperate_N	76.90838947637104	71.45740898984864
0.0	Aphaneramma_Temperate_S	77.73044212264054	73.30248699932577
0.0	Arachana	61.68080125219328	60.537094901177134
0.0	Archegosaurus	124.40238672667792	105.71827689505423
0.0	Arenaerpeton	74.32807270541322	74.2272246439732
0.0	Aspidosaurus_Temperate_N	99.49720524219816	97.56357090509202
0.0	Aspidosaurus_Tropical_N	127.03166544540336	95.18094118000135
0.0	Aspidosaurus_Tropical_S	127.9546709292786	106.27200604526013
0.0	Astreptorhachis	125.66565684709605	125.48566265511775
0.0	Australerpeton	92.81255614131265	85.26943374892957
0.0	Bageherpeton	87.95855040019352	86.14219617975358
0.0	Banksiops	76.9030804456623	76.32392649980113
0.0	Bashkirosaurus	91.7381077850982	89.6296921904057
0.0	Bathignathus	74.41412480928312	64.39863429658774
0.0	Batrachosuchoides_Temperate_N	76.2671354324668	71.22779926104482
0.0	Batrachosuchus_Temperate_S	77.94832851166714	66.21890767513482
0.0	Benthosphenus	74.7695066718966	74.66891647127702
0.0	Benthosuchus	76.5212758336575	72.17940609757137
0.0	Bermanerpeton	125.15409485770083	124.9773498664106
0.0	Boreopelta	72.70955664725076	72.6065260409981
0.0	Bothriceps	85.55667975637698	76.09005970330172
0.0	Brachyops	73.54454190940827	73.44443357015557
0.0	Branchierpeton	131.80306638773567	115.58737888273899
0.0	Branchiosaurus	133.63533754189407	118.96720078767383
0.0	Brevidorsum	115.38667980332613	115.11832278595097
0.0	Broiliellus	124.371233443169	95.91643375024442
0.0	Broomistega	78.27127714817975	72.67017490315557
0.0	Bukobaja	72.42826642650338	57.05490369392705
0.0	Bulgosuchus	76.36396380801587	76.2618983714049
0.0	Cacops	115.29417975774125	95.89078155203335
0.0	Calamops	52.68407384753067	51.37739340770909
0.0	Callistomordax	64.47983795181283	59.98442012454269
0.0	Calmasuchus	68.30243326305566	67.72817046332233
0.0	Capetus	133.4034498506816	133.22062312353125
0.0	Capitosauroides	68.41288997229758	67.82808315512175
0.0	Capulomala	77.99121502879096	76.14675145743367
0.0	Cheliderpeton	122.11597160086096	85.20957138309565
0.0	Chelydosaurus	85.53071610735687	83.9430385918771
0.0	Chenoprosopus	128.7708514118745	106.31170401160354
0.0	Cherninia	70.0503010977973	67.24324927571254
0.0	Chinlestegophis	44.481693102830576	30.62728654375188
0.0	Chomatobatrachus	77.93635327426206	76.15726230369609
0.0	Clamorosaurus	107.48559423143985	95.49680627889828
0.0	Cochleosaurus	135.43872904804127	132.19185062775182
0.0	Collidosuchus	91.0077711839986	88.82071154456588
0.0	Compsocerops_Temperate_S	64.32378393763624	30.40627361169164
0.0	Conjunctio	126.80665321868263	111.2727272006574
0.0	Cosgriffius	72.5082719552445	72.40432505152096
0.0	Cyclotosaurus_Temperate_N	68.74103054551668	28.194373541850013
0.0	Cyclotosaurus_Tropical_N	71.81697915961875	71.36566308442687
0.0	Czatkobatrachus	73.953482419361	73.85459852470558
0.0	Dasyceps	122.97715367650918	98.15653354877543
0.0	Dawsonerpeton	126.92778062290492	125.33164828191077
0.0	Deltacephalus	76.59639406396772	76.49166528154893
0.0	Deltasaurus_Antarctic	76.78256393906976	76.25275946151638
0.0	Deltasaurus_Temperate_S	76.31910201903321	71.5488200046748
0.0	Derwentia	78.2642649364557	75.95466535338915
0.0	Dissorophus	110.83420040687348	97.96438311351697
0.0	Doleserpeton	112.38810493451695	95.4962584458006
0.0	Dutuitosaurus	54.91341350920493	53.50065128838672
0.0	Dvinosaurus	89.8658025330182	79.204161010828
0.0	Ecolsonia	124.64320018350048	107.4998713515184
0.0	Edingerella	76.2059404808306	73.46556700186152
0.0	Edops	128.41698014674554	110.86171468653276
0.0	Eimerisaurus	119.70635828762573	112.96367691489796
0.0	Eocyclotosaurus	72.04002865634756	68.60678299886646
0.0	Eodiscoglossus	53.70912061273802	52.37157972986397
0.0	Eolydekkerina	74.86165780753983	74.76232651176974
0.0	Eoscopus	127.40253003392756	127.22162061566364
0.0	Erpetosaurus	133.877709865106	132.54175856183528
0.0	Eryops	129.1405108363839	88.0460360862165
0.0	Eryosuchus_Temperate_N	74.43874255279425	66.70381933055985
0.0	Eryosuchus_Temperate_S	72.38549303538788	67.15084693420181
0.0	Erythrobatrachus	75.01916239973426	74.91804231752658
0.0	Eumicrerpeton	134.4526476131435	134.2727373577325
0.0	Eurycervix	68.92891555021285	68.3126788138125
0.0	Fayella	95.39038717020387	90.38015342640834
0.0	Fedexia	124.01129409069117	123.82825853559149
0.0	Funcusvermis	51.4086758388179	49.81223512491391
0.0	Georgenthalia	109.89593741629358	109.29422639469209
0.0	Gerobatrachus	107.38825193246565	106.53921678989387
0.0	Gerrothorax_Temperate_N	67.40410793477325	25.271473269558683
0.0	Glanochthon	124.63789520158014	113.85221719250181
0.0	Glaukerpeton	129.40543619341554	129.22163632520326
0.0	Hadrokkosaurus	70.50945197794634	69.89404060923846
0.0	Hemiprichisaurus	33.402476589628414	32.020175535182354
0.0	Heptasaurus	67.81436416975073	67.28599400569047
0.0	Hyperokynodon	59.170724085933706	48.26099965030686
0.0	Indobrachyops	75.09019592332555	73.69378148713058
0.0	Inflectosaurus	74.2659855461326	72.62781133376507
0.0	Intasuchus	98.77322423541627	96.79430012704371
0.0	Iratusaurus	92.39305974671768	90.16309714455224
0.0	Isodectes	135.51291169280378	94.78424551482188
0.0	Jammerbergia	69.73261548534093	69.12581865376904
0.0	Kamacops	91.69717819256333	88.52040527583777
0.0	Keratobrachyops	76.44013460848197	76.34198380401604
0.0	Kestrosaurus	77.56340795766685	71.97483487325097
0.0	Koinia	97.41309487831968	94.87863628462351
0.0	Komatosuchus	75.6839729632245	75.58462636735595
0.0	Konzhukovia_Temperate_N	92.903480271163	85.56588318574549
0.0	Konzhukovia_Temperate_S	92.11973840872317	82.73731032608426
0.0	Korkonterpeton	123.81216872966759	123.62972367903362
0.0	Kuttycephalus	52.45066975791568	30.10143142546346
0.0	Kwatisuchus	75.06710432883277	74.96729953132318
0.0	Laccosaurus	80.464039809371	79.3344390513917
0.0	Lafonius	127.8413670607518	124.43371971618768
0.0	Laidleria	67.84937811918434	67.32706833028551
0.0	Lapillopsis	76.34794738112929	76.24453053107564
0.0	Leptorophus	112.35410005230973	107.52901670990482
0.0	Limnerpeton	134.81777911143163	124.72931187844277
0.0	Limnogyrinus	136.89877575633798	108.54813004436355
0.0	Luzocephalus	78.4285958703541	73.04664065737019
0.0	Lydekkerina	86.795759277032	72.37024848036941
0.0	Lyrocephaliscus	77.03563802977783	73.81930339416328
0.0	Macrerpeton	133.83617889203575	133.65652050376963
0.0	Macromerium	133.60132144426595	133.41782371175
0.0	Mahavisaurus	77.76366630483122	73.91139385771454
0.0	Manubrantlia	76.83272455510685	76.64988451222463
0.0	Mastodonsaurus_Temperate_N	71.88516081612899	27.9025822004115
0.0	Mastodonsaurus_Tropical_N	71.35791273134662	67.10279847531642
0.0	Megalophthalma	63.72486757259787	63.09022867955354
0.0	Melanerpeton	127.08397422236997	92.15684709809904
0.0	Melanopelta	77.37124016798703	73.26674220791547
0.0	Melosaurus	100.92076454190502	88.25243577794791
0.0	Mentosaurus	69.43099906270376	68.82235135229588
0.0	Metoposaurus_Temperate_N	62.23663260284804	30.49770528577442
0.0	Metoposaurus_Temperate_S	60.33804668956011	49.75397663594076
0.0	Metoposaurus_Tropical_N	57.17059856905566	44.992928289809406
0.0	Metoposaurus_Tropical_S	60.75691335532062	31.423875218744193
0.0	Meyerosuchus	73.65175209183538	72.79390071888466
0.0	Micromelerpeton	128.91074830630478	120.31291221304507
0.0	Micropholis	77.88822825633099	71.97535891660452
0.0	Microposaurus	71.26302485921306	66.94355937844037
0.0	Milnererpeton	128.24992065643747	128.0674540920653
0.0	Miobatrachus	134.5297922113943	134.34763398206894
0.0	Mordex	132.95190211676294	132.76893367487804
0.0	Nannospondylus	92.69892803308471	90.52092565314894
0.0	Nanobamus	120.50973824803421	120.32500298860167
0.0	Nanolania	76.47219382484947	76.36942931397778
0.0	Neldasaurus	124.28837080833848	106.99508939746576
0.0	Nigerpeton	79.35063310803719	77.37363120524577
0.0	Nooxobeia	96.40249544133802	94.58531988782696
0.0	Notobrachyops	68.38643660107525	67.79709669593852
0.0	Nyranerpeton	134.32581394109337	124.2124958167167
0.0	Odenwaldia_Temperate_N	72.54570197356932	72.4450123258904
0.0	Odenwaldia_Tropical_N	72.27847962263826	72.12562837106667
0.0	Odenwaldia_Tropical_S	73.10253422365673	66.05624295659118
0.0	Onchiodon	129.55672781345382	99.0097110092676
0.0	Palatinerpeton	118.90138673509709	118.71631292615592
0.0	Panthasaurus	62.3841948399065	35.39041036293659
0.0	Paracyclotosaurus_Temperate_S	71.72759143817305	67.28852610727945
0.0	Parapytanga	87.79044873167126	86.00504652231537
0.0	Parioxys	122.78406240979054	104.83533115815281
0.0	Parotosuchus_Temperate_N	75.91964843963486	71.83391300876451
0.0	Parotosuchus_Tropical_N	74.87068422413084	74.77098592843771
0.0	Pasawioops	117.13567636224843	109.0596235469403
0.0	Pelorocephalus	52.673635839378605	31.431198768563647
0.0	Peltobatrachus	83.88431268983905	79.32233887700625
0.0	Peltostega	76.64231011568647	74.24934051802751
0.0	Perryella	110.40109887352922	109.84357761817385
0.0	Phonerpeton	121.74138236519903	110.09517099923285
0.0	Plagiobatrachus	76.70194602897284	76.5734824642331
0.0	Plagiorophus	70.23570697720754	62.75630952315602
0.0	Plagiosaurus	43.04586927878193	26.23840277005816
0.0	Plagioscutum	71.79458392034563	65.09045679633928
0.0	Plagiosternum	67.43298436688265	51.30905626691301
0.0	Plagiosuchus	65.27456241797478	50.876358906802835
0.0	Platycepsion	72.71129086454938	72.60896558530305
0.0	Platyhystrix	129.51603978341666	105.59211514274533
0.0	Platyoposaurus	100.20456535227916	89.03904466522357
0.0	Platyrhinops	135.45145641198553	131.65916056471664
0.0	Platystega	75.55279217992931	75.45149881944673
0.0	Plemmyradytes	120.75236680534537	120.57051574791558
0.0	Pleuronoura	122.20325825120587	122.01847528536058
0.0	Pneumatostega	78.53274275108849	76.0931262316743
0.0	Porierpeton	126.12349060413142	125.93992477246431
0.0	Potamochoston	134.5476333559745	134.3682539270991
0.0	Prionosuchus	104.69280050161217	103.7900574622804
0.0	Procuhy	103.94087942674699	103.02847991547605
0.0	Promastodonsaurus	46.31413567602441	45.15444771620327
0.0	Prothoosuchus	73.98524816414452	71.95786783697814
0.0	Qantas	77.80812311534542	70.84731865153304
0.0	Quasicyclotosaurus	71.99110551105343	69.30631927427592
0.0	Rastosuchus	92.32093967577329	88.65674463820206
0.0	Reiszerpeton	118.22568751682192	118.04239456465328
0.0	Rewana	78.29583741904187	75.84217525829902
0.0	Rhadalognathus	72.07519347445457	71.66696328578593
0.0	Rhineceps	81.70441375098682	80.48689301224931
0.0	Rhinesuchoides	90.19868819093413	79.63251908719343
0.0	Rhinesuchus_Temperate_N	78.62454690949778	71.52527182859961
0.0	Rhinesuchus_Temperate_S	91.17018427328789	76.91330632229291
0.0	Rhytidosteus_Temperate_N	77.41789366269774	71.17443633839885
0.0	Rhytidosteus_Temperate_S	74.08226755945266	73.98213224783372
0.0	Rileymillerus	54.768671475371825	44.435495842318275
0.0	Rotaryus	110.2304939320235	109.65548234986178
0.0	Rotaurisaurus	76.45783960078833	76.35623043535004
0.0	Rubeostratilia	115.71307194436767	115.52415972811413
0.0	Saharastega	77.7397055489679	77.0533259716868
0.0	Samarabatrachus	77.40232112296539	76.82397113119839
0.0	Sangaia	73.75792336395392	73.65764182871558
0.0	Scapanops	119.48043026101229	119.2997358661467
0.0	Schoenfelderpeton	121.69110310447917	113.06912411196922
0.0	Sclerocephalus	127.13723136073438	108.1985392037037
0.0	Sclerothorax	74.62307273531627	72.49842077934228
0.0	Selenocara	77.15119236824057	75.92883234032435
0.0	Slaugenhopia	100.84341819127131	90.61215197565377
0.0	Sparagmites	134.83309631465414	134.65165777153913
0.0	Stanocephalosaurus_Temperate_S	70.72496912398334	68.17583275209233
0.0	Stanocephalosaurus_Tropical_N	72.7473198860631	68.46677334694473
0.0	Stanocephalosaurus_Tropical_S	73.97590627979037	73.87611146179809
0.0	Stegops	135.05121632303437	131.6972057971632
0.0	Stenokranio	127.90622067606397	127.72534829301769
0.0	Stenotosaurus	73.95533441841377	37.4064788578148
0.0	Stoschiosaurus	78.5224401551168	76.17021458986315
0.0	Subcyclotosaurus	72.09266082874008	71.7005547523592
0.0	Syndyodosuchus	99.87942273769191	98.16756208093355
0.0	Syrtosuchus	78.81400274835894	71.51374043391084
0.0	Tambachia	111.48722464829794	110.93048221415248
0.0	Tatrasuchus	65.23856904722761	60.67258627736121
0.0	Tersomius	122.94457403620014	97.70908654207764
0.0	Tertrema	77.19228090835234	75.27394178490681
0.0	Tertremoides	78.58485254896162	74.38019721636097
0.0	Thabanchuia	76.5698560682299	76.46618310511093
0.0	Thoosuchus	75.83566197914877	72.31059103838479
0.0	Timonya	110.75774378689512	102.70918962593507
0.0	Tirraturhinus	77.12586442384752	76.75956536596185
0.0	Tomeia	76.82058579691662	72.62189960796042
0.0	Trematolestes	65.2662825828037	61.179259804508945
0.0	Trematosaurus_Temperate_N	80.44343238304512	29.05746247146002
0.0	Trematosuchoides	73.16427763006821	73.06449579559263
0.0	Trematosuchus	76.38804901967258	71.919164586186
0.0	Trematotegmen	77.9776951562527	73.46328214290132
0.0	Triadobatrachus	75.63273614214937	75.53159160378665
0.0	Triassurus	57.68356895768924	56.316967250400985
0.0	Trimerorhachis	128.3740679791817	95.04218612092444
0.0	Trucheosaurus	84.00158086915444	82.76826979332962
0.0	Trypanognathus	121.05474809325051	120.8715877354617
0.0	Tryphosuchus	87.61290906331027	83.04341286631566
0.0	Tungussogyrinus	82.5214913566916	75.60890085342443
0.0	Tupilakosaurus	77.52018669330015	76.164936846706
0.0	Uralosuchus	90.32977633830131	88.26420316009016
0.0	Uranocentrodon	81.92357510343088	80.6944873744228
0.0	Uruyiella	41.46008981746421	40.12734274744982
0.0	Vanastega	71.04376819235104	70.45398700061783
0.0	Vigilius	72.4374436814721	67.83015699805767
0.0	Vladlenosaurus	75.96677356367921	75.86677858149315
0.0	Volgosuchus	72.39856207339311	72.28993514276792
0.0	Vyborosaurus	74.19473107985216	74.09351824206927
0.0	Wantzosaurus	78.53724077118423	74.90535369896793
0.0	Warrenisuchus	76.59702777878701	76.4856837595516
0.0	Watsonisuchus_Antarctic	77.81042821103071	75.84237181335864
0.0	Watsonisuchus_Temperate_S	78.70155259547518	70.9796580464021
0.0	Wellesaurus	73.91866519396162	71.1769086092682
0.0	Wetlugasaurus	77.00157054486516	72.18649692513455
0.0	Xenobrachyops	76.36605635081865	76.26730201862408
0.0	Xenotosuchus	72.15446592200293	66.81561372914753
0.0	Yarengia	74.50014016734706	71.35082286316545
0.0	Yuanansuchus	70.08649144718044	66.89291127865673
0.0	Zatrachys	127.7587267382225	98.04497368902936
0.0	Zygosaurus	98.82638241853395	88.83746708778092
