clade	species	ts	te
0.0	Abyssomedon	287.0399352482482	286.83816480480476
0.0	Acadiella	233.37757640040041	232.0400528978979
0.0	Acaenasuchus	227.69843861961962	209.02694080580582
0.0	Acallosuchus	219.22103607407408	217.7476282882883
0.0	Acerosodontosaurus	255.64798443243242	255.52827677277278
0.0	Acleistorhinus	277.62460573373374	276.9799630660661
0.0	Acrodenta	256.78118805305303	256.6570584814815
0.0	Actiosaurus	205.9283774334334	204.80315602202202
0.0	Adamanasuchus	218.16151161461462	216.69990277977982
0.0	Adelosaurus	256.841028960961	256.71470512512514
0.0	Aenigmasaurus	248.8462801921922	248.41647507407404
0.0	Aenigmaspina	232.4970449079079	231.19444098999003
0.0	Aenigmastropheus	256.51502403703705	256.39391724324327
0.0	Aetobarbakinoides	232.46577903703704	231.0661467927928
0.0	Aetosauroides	235.06385477677676	210.74007989989988
0.0	Aetosaurus	226.69064999299303	208.72419733233232
0.0	Agnosphitys	233.77822684384387	232.52824648748745
0.0	Ahvaytum	233.40527652352353	232.013701009009
0.0	Alwalkeria	233.14996905605605	231.80801526826826
0.0	Amanasaurus	233.93724699299298	209.1437434834835
0.0	Ammorhynchus	246.75539013613613	244.81614966966964
0.0	Ammosaurus	201.17188574174173	199.71905803103104
0.0	Amotosaurus	246.71097193293292	243.9400088038038
0.0	Ancistronychus	218.7343572972973	217.20403118418417
0.0	Angistorhinus	236.63970047247247	212.2479255085085
0.0	Anisodontosaurus	246.74779074674674	238.81838636436436
0.0	Anomoepus	200.6380723233233	200.16455792392392
0.0	Anomoiodon	246.77681121321322	243.8720445925926
0.0	Antarctanax	250.17127232332334	249.71501966866867
0.0	Anthodon	259.7925161561561	255.0724744944945
0.0	Apachesuchus	222.61373234834835	221.12330257657658
0.0	Apatopus	231.78406264064063	211.46593139339342
0.0	Apatosuchus	215.7542383063063	214.36770351451452
0.0	Aphelosaurus	296.62598983783784	295.6196202812813
0.0	Araeoscelis	288.96783064564556	272.9495929149149
0.0	Archeopelta	240.34723273873874	239.51687653153152
0.0	Archosaurus	260.38343862462466	254.48834517017016
0.0	Arcticodactylus	216.85427894994993	215.5127534754755
0.0	Arganaceras	256.53867358058056	256.4036833123123
0.0	Arganasuchus	234.5840172342342	229.96298383383385
0.0	Arizonasaurus	246.6605953863864	244.69420382982983
0.0	Asilisaurus	246.63799057157158	241.99042714514513
0.0	Asperoris	245.24178098498498	244.60026375275274
0.0	Asylosaurus	208.6766090950951	201.95309879179183
0.0	Augustaburiania	250.21555686886887	247.9812088898899
0.0	Australothyris	262.57720152352346	261.9616096766767
0.0	Austriadactylus	212.04327151451452	210.66045518118116
0.0	Avicranium	206.39334665465466	205.19142625825825
0.0	Azendohsaurus	233.7465186386386	232.5451056796797
0.0	Baeotherates	286.78826618318317	286.6831588468468
0.0	Baisesaurus	249.4892945735736	249.03228538838837
0.0	Barasaurus	260.4862623773774	248.39162561961962
0.0	Barberenasuchus	240.5083179159159	239.7254527827828
0.0	Bashkyroleter	273.78963984084083	264.4279705635636
0.0	Batrachopus	204.30980996896895	203.26086548448447
0.0	Batrachotomus	239.65364996896898	237.12832721921924
0.0	Beesiiwo	233.43121868568568	231.99968233433432
0.0	Belebey	271.9051812242243	264.2178564344344
0.0	Benggwigwishingasuchus	244.64162084684685	244.0337614734735
0.0	Bentonyx	244.40813616816817	243.8132103383383
0.0	Bergamodactylus	215.87040915015015	214.4412003763764
0.0	Blikanasaurus	205.14384959459457	204.00846607507506
0.0	Blomosaurus	251.6856321191191	251.36240833933934
0.0	Bolosaurus	297.4837226696697	277.2428037057057
0.0	Boreopricea	250.42523954254253	247.81337331431433
0.0	Bradysaurus	264.95015421521526	257.7341295295295
0.0	Brasinorhynchus	241.4655399229229	237.70391946146148
0.0	Bromsgroveia	246.2961206856857	241.86441053453456
0.0	Broomia	264.54908886486487	261.32434476276273
0.0	Bunostegos	253.3661425795796	253.2511747787788
0.0	Buriolestes	235.46640370770774	210.6073351111111
0.0	Bystrowisuchus	248.1491600660661	247.708301995996
0.0	Calyptosuchus	233.12083025025026	208.6192000940941
0.0	Camelotia	208.83708675675675	202.30725946146148
0.0	Camposaurus	218.70732489389388	217.20718304004006
0.0	Candelaria	241.41706733333334	237.28196306106105
0.0	Captorhinikos	282.72422807407406	273.6370498488489
0.0	Captorhinoides	281.2075214904905	276.5909518628629
0.0	Captorhinus	291.06530837537537	256.25687217017014
0.0	Cargninia	217.75842363463462	216.3304221251251
0.0	Carnufex	234.10098863963964	232.76432152052053
0.0	Cartorhynchus	249.24666009109112	248.79322157857857
0.0	Caseosaurus	219.87569898398397	218.24773417317317
0.0	Chalishevia	241.53484564764764	237.17205836436437
0.0	Chanaresuchus	241.04285255555556	237.04492104904904
0.0	Chasmatosuchus	251.7228343243243	246.793637022022
0.0	Chindesaurus	225.7639494064064	209.2439023113113
0.0	Chinshakiangosaurus	200.5320894944945	200.03144032132133
0.0	Chirotherium	233.84207362962965	232.425554012012
0.0	Chromogisaurus	232.92787229529532	231.53252662862863
0.0	Cladeiodon	244.3128796026026	243.66292238638638
0.0	Claudiosaurus	260.6915187907908	252.12076201001003
0.0	Clevosaurus	236.94540194694693	199.45891343243244
0.0	Coahomasuchus	234.21507170970972	213.00729996796798
0.0	Coartaredens	246.01231151651652	242.73863988188188
0.0	Coburgosuchus	218.85459241341343	217.40681732632635
0.0	Coelodontognathus	249.86141969669666	247.59853646846847
0.0	Coelophysis	226.8716330960961	200.03519677777777
0.0	Coelurosauravus	259.262407002002	252.76946054154155
0.0	Coletta	249.35500894594594	248.8996162992993
0.0	Collilongus	249.54877406606604	249.12110538038038
0.0	Colobomycter	291.0673485065065	283.35422867567564
0.0	Colobops	216.64635255855856	215.26994772672674
0.0	Coloradisaurus	225.77469358858858	211.0923663883884
0.0	Coloradisuchus	216.72738336836835	215.35160848748748
0.0	Cornualbus	231.3399088288288	229.98054556656655
0.0	Cosesaurus	238.85022758058057	237.9383755745746
0.0	Crosbysaurus	227.69169495495498	208.34155778078082
0.0	Ctenosauriscus	249.406675991992	248.93905593693694
0.0	Czatkowiella	248.99549294894896	248.54669815215215
0.0	Daemonosaurus	206.69160468468468	205.54475777177174
0.0	Dagasuchus	231.82318607207205	230.54245084384385
0.0	Decuriasuchus	242.4489334354354	237.19590732532532
0.0	Delorhynchus	289.4261687457457	283.6771013293294
0.0	Deltadectes	222.6105761161161	203.47959309209207
0.0	Deltavjatia	264.71743574374375	259.60285337737736
0.0	Desmatosuchus	232.11778927727727	208.78662886486487
0.0	Diandongosuchus	240.58934192692695	239.7920328848849
0.0	Dimetropus	291.2357262872873	282.23089070870867
0.0	Dimorphodon	200.4602313073073	199.93971335435432
0.0	Diphydontosaurus	237.08432962162163	201.6645779069069
0.0	Dolabrosaurus	218.33556165765765	216.76542001501505
0.0	Dolerosaurus	230.56711680580582	229.15959442342344
0.0	Dolichobrachium	231.83893361161162	230.5035053893894
0.0	Dongusuchus	246.27523685085086	241.87809990290293
0.0	Dorosuchus	245.697379022022	242.6070445065065
0.0	Doswellia	237.00891205805806	213.1516476976977
0.0	Dracoraptor	200.6836978118118	200.20303232732732
0.0	Drepanosaurus	222.04298966066068	202.86446188088087
0.0	Dromomeron	227.29030687487486	204.8603010760761
0.0	Dynamosuchus	230.12360066866867	228.6693761211211
0.0	Dyoplax	233.67486693793794	232.28421977777776
0.0	Ebrachosuchus	233.13994056756758	231.93435096996998
0.0	Effigia	208.02363647047048	202.05949125925926
0.0	Efraasia	219.02177858258258	210.97476284284284
0.0	Eifelosaurus	246.090233005005	245.4540587987988
0.0	Elachistosuchus	205.53673213413413	204.345959021021
0.0	Elessaurus	248.3231392972973	247.87413864464466
0.0	Elginia	256.72517266366367	251.69676193093093
0.0	Elorhynchus	239.6225396916917	238.78972459659659
0.0	Embrithosaurus	264.4865163373373	259.6184383343343
0.0	Emeroleter	264.99047107207207	259.8673668998999
0.0	Energosuchus	240.72113337137137	237.1491820910911
0.0	Eodromaeus	232.00604745145148	230.70512701001002
0.0	Eohupehsuchus	248.93870549649654	248.50480974274274
0.0	Eohyosaurus	245.65183843743745	239.96833562062062
0.0	Eomurruna	251.79812415015016	251.14749797897898
0.0	Eoraptor	234.869546008008	228.37090975375375
0.0	Eorasaurus	261.9532066206206	261.4318215705706
0.0	Eorhynchochelys	233.14193776776776	231.8044239029029
0.0	Eretmorhipis	241.32824023623624	240.5271835135135
0.0	Erpetosuchus	220.45004055555555	218.8781511201201
0.0	Erythrosuchus	246.54465865165164	237.28633200100097
0.0	Erythrovenator	232.99410055655653	231.68905512612614
0.0	Eshanosaurus	200.7969951211211	200.33034912612615
0.0	Eucoelophysis	223.41661099699698	202.573869005005
0.0	Eudibamus	287.14066390690687	286.98395805705707
0.0	Eudimorphodon	222.29846354454455	202.272725984985
0.0	Eumetabolodon	249.16017780380378	243.0543728898899
0.0	Eunotosaurus	264.9064275465466	259.8193593443444
0.0	Euparkeria	246.6607214964965	241.86269738038038
0.0	Eusaurosphargis	246.47780684984986	239.18538349049047
0.0	Euscolosuchus	232.99889592292288	231.63736593993994
0.0	Fasolasuchus	220.4774312942943	219.03333075775777
0.0	Faxinalipterus	226.3301610960961	209.53771831131135
0.0	Feeserpeton	286.72289311311306	286.61530852152146
0.0	Feralisaurus	244.7277641911912	244.12479505205204
0.0	Fodonyx	246.63927353153153	242.03089154554553
0.0	Fraserosphenodon	233.26218336336336	213.7314167357357
0.0	Fraxinisaura	238.7329382182182	237.82422456356355
0.0	Fugusuchus	248.12062148448447	247.60584566666662
0.0	Fuyuansaurus	240.03669543643642	239.11581903803807
0.0	Galesphyrus	258.3472752552553	254.65315659059058
0.0	Gamatavus	241.74714858658658	237.92931476476477
0.0	Gansurhinus	273.37716065465463	254.43539153653654
0.0	Garjainia	251.16032595495494	246.74893877777777
0.0	Garzapelta	219.15142433533535	217.6603201831832
0.0	Gecatogomphius	270.4393813943944	269.303732046046
0.0	Gephyrosaurus	207.46337205005003	202.30571227727728
0.0	Glaurung	257.48140862162165	257.33801275375373
0.0	Gnathovorax	231.74591747847848	214.94166730430433
0.0	Gojirasaurus	217.73189317717717	216.124071014014
0.0	Gomphiosauridion	232.03495708808808	230.7112457847848
0.0	Gondwanax	239.44135622922923	238.51965804404406
0.0	Gorgetosuchus	231.8999157077077	230.54376336936937
0.0	Gracilisuchus	240.69135358058057	238.27526864864865
0.0	Grallator	223.69320003803804	211.12294764864865
0.0	Graoullyodon	205.353628998999	204.08495312912916
0.0	Gresslyosaurus	225.48114993993994	207.96311156156153
0.0	Guaibasaurus	226.9712215075075	209.05203343243244
0.0	Gualosuchus	240.35011260560563	237.4345267887888
0.0	Guchengosuchus	244.95237045645646	244.38987700200198
0.0	Gyposaurus	201.24336224724726	199.88261173173174
0.0	Halazhaisuchus	244.90071976576576	244.28501921821822
0.0	Haligonia	232.97514052752754	202.0791978698699
0.0	Helveticosaurus	245.38443448548549	240.54408140940942
0.0	Hemilopas	249.74782627627627	242.10453305705704
0.0	Hemiprotosuchus	225.66976058758758	211.85745145145142
0.0	Heptasuchus	233.32186719319319	231.90920626426427
0.0	Herrerasaurus	236.61831986686684	227.28950988788787
0.0	Hesperosuchus	227.2987719229229	202.6706292162162
0.0	Heterodontichnites	233.48927176276274	212.92138095795795
0.0	Heteropelta	244.52786679579577	243.91847526026027
0.0	Horaffia	240.69489202502504	236.97320322822821
0.0	Hovasaurus	259.6315862862863	249.5789168948949
0.0	Howesia	246.6024598868869	242.5972709079079
0.0	Hupehsuchus	249.49436307307306	238.17997314514514
0.0	Hwiccewyrm	236.77302098698698	228.02900308708706
0.0	Hyperodapedon	236.86399673273274	208.32627148248247
0.0	Hypselorhachis	244.06328864164163	243.39862397697698
0.0	Hypsognathus	234.86072555855856	202.16895183383383
0.0	Hypuronector	223.95094243743745	213.20104545545547
0.0	Icarosaurus	217.38303480780783	215.94495346446448
0.0	Idiosaura	232.6915493013013	231.38059076476478
0.0	Ignotosaurus	233.5130588018018	232.04850992292293
0.0	Incertovenator	233.62229935835833	232.2943741001001
0.0	Indosauriscus	258.40558939339337	258.23895135835835
0.0	Ingentia	222.96632434334333	212.8899170800801
0.0	Issi	214.74647093093094	213.2482850850851
0.0	Ixalerpeton	235.12066435735736	214.50977875775774
0.0	Jaklapallisaurus	218.34467843043043	216.76659054554557
0.0	Jaxtasuchus	239.631439019019	237.02144554054055
0.0	Jesairosaurus	244.33530506806807	243.72824393193193
0.0	Jingshanosaurus	201.1550472942943	200.04325305505503
0.0	Jupijkam	216.50633018918919	215.09904950950948
0.0	Jushatyria	244.71602235635638	244.0563354144144
0.0	Kadimakara	251.8456295725726	251.18700836736735
0.0	Kahneria	271.3523202282282	270.2640910970971
0.0	Kalisuchus	251.70215163463465	251.39071260860862
0.0	Kapes	250.9766222242242	242.17945443943944
0.0	Kholumolumo	226.25256415515517	208.68126910710708
0.0	Kinelia	268.1639545295295	255.60588444544547
0.0	Kitchingnathus	249.40967641841843	248.93091959459463
0.0	Kocurypelta	218.11477007107106	216.7402976056056
0.0	Koilamasuchus	239.50226694194194	238.6756972962963
0.0	Koiloskiosaurus	246.19695766166166	245.63031330630633
0.0	Kranosaura	216.87182696096096	215.36753032832834
0.0	Krzyzanowskisaurus	234.47195352552552	208.44510755955957
0.0	Kudnu	251.74082918218218	251.12556655655658
0.0	Kuehneosaurus	237.09770530530528	203.76853043543545
0.0	Kuehneosuchus	205.57240557957957	204.5390938018018
0.0	Kuruxuchampsa	230.8260850910911	229.30533677477476
0.0	Labidosaurikos	283.1051096456456	273.8840899049049
0.0	Labidosauriscus	291.7454971271271	282.72286615215216
0.0	Labidosaurus	282.90161402802806	274.10255176876876
0.0	Lagerpeton	241.88344257557557	236.96594578178176
0.0	Lanceirosphenodon	216.44799301201203	214.904533968969
0.0	Langeronyx	246.33253667467466	241.2046775675676
0.0	Langobardisaurus	217.8880378918919	208.32051587987988
0.0	Lanthaniscus	273.0277348818819	266.7756285185185
0.0	Lanthanolania	271.4739044094094	270.45248645845845
0.0	Lanthanosuchus	266.44992502302307	265.4035608668669
0.0	Laquintasaura	200.63500627927925	200.12316532432433
0.0	Largocephalosaurus	246.38367173073073	244.17912843843843
0.0	Lasasaurus	249.0387902822823	248.62429875775777
0.0	Lepidus	217.78972563463464	216.29400706006004
0.0	Leptopleuron	233.00576131331331	231.68376078178179
0.0	Leptosuchus	227.2118991971972	208.41075476676676
0.0	Lessemsaurus	227.24118336236236	208.63504464364365
0.0	Lewisuchus	241.76690824924924	231.39718807407408
0.0	Leyesaurus	220.19706456356354	218.7482608058058
0.0	Libognathus	219.0555598848849	217.49959166066066
0.0	Liliensternus	225.4299085155155	203.39966287787786
0.0	Litorosuchus	239.1419747057057	238.27006985285286
0.0	Lophostropheus	205.29766226526527	204.03374526726725
0.0	Lotosaurus	246.6970649179179	241.97230565765764
0.0	Lucasuchus	236.54486030830833	228.1999038918919
0.0	Lucianosaurus	219.44471488188188	218.03458281881882
0.0	Lucianovenator	217.8716070940941	216.22811443943942
0.0	Lufengosaurus	201.27565543043042	199.69657670170173
0.0	Lukousaurus	200.9664793703704	199.5894995825826
0.0	Luperosuchus	241.28338965565567	237.2807824884885
0.0	Machaeroprosopus	227.34463710710713	201.45926313413415
0.0	Macrocnemus	246.04593509609612	237.06066355955954
0.0	Macrocollum	225.62738823423422	210.34872321821825
0.0	Macroleter	273.4525282962963	264.43674875375376
0.0	Maehary	221.34836973073072	209.5774137957958
0.0	Malerisaurus	223.97705377177178	213.59564765965965
0.0	Malutinisuchus	241.20218241541542	238.16163428528532
0.0	Mambawakale	244.5120252182182	243.83983387787788
0.0	Mandaphon	244.4839906726727	243.86542497297296
0.0	Mandasuchus	246.1078223763764	242.230800003003
0.0	Marasuchus	240.90210926426425	238.25564456356358
0.0	Marcianosuchus	246.1797896996997	245.5887418948949
0.0	Massospondylus	232.37545670870873	230.93389691891892
0.0	Mbiresaurus	235.13247706906907	228.13029194694695
0.0	Megachirella	244.7357397107107	244.11235487287288
0.0	Megalancosaurus	217.26690445745746	208.81065806106105
0.0	Megalosaurus	205.06377236436435	203.90533224824821
0.0	Megapnosaurus	200.780968968969	200.35524265065067
0.0	Melanorosaurus	217.0873314034034	215.7181238278278
0.0	Mesodapedon	244.51134473673673	243.9332447057057
0.0	Mesosuchus	246.57749837137138	237.92918111111112
0.0	Metamosaurus	286.834825027027	286.7142567987988
0.0	Microcnemus	251.9355304074074	246.92936609709713
0.0	Microleter	287.3657282462462	287.25812547447447
0.0	Micromenodon	229.88806812012012	228.52694791391392
0.0	Microsphenodon	225.4245102112112	214.40723154154153
0.0	Milleretta	260.4459777827828	251.99467003103103
0.0	Millerinoides	254.24313145745748	254.1153598728729
0.0	Milleropsis	260.32279583883883	251.89356471571574
0.0	Millerosaurus	258.9462672272272	252.802683003003
0.0	Moradisaurus	256.3554918888889	252.11258414214217
0.0	Mystriosuchus	227.34127404504505	199.78934568768767
0.0	Nambalia	225.42880224824822	212.40140238538535
0.0	Nanchangosaurus	249.5896558008008	240.06872989989986
0.0	Nanoparia	258.5208956766766	254.151524021021
0.0	Neoaetosauroides	227.55687429529527	208.8817669089089
0.0	Neoprocolophon	243.7838043973974	243.0992623203203
0.0	new_Neotheropoda	218.18930951851854	216.8182451171171
0.0	new_Rhynchocephalia	218.0878365135135	216.71155970970972
0.0	Nhandumirim	224.09279690290293	210.12572037437437
0.0	Nicrosaurus	227.48484104704707	208.7651083923924
0.0	Nochelesaurus	264.55639902002	259.7929378388388
0.0	Notatesseraeraptor	220.5570271121121	218.95974342542542
0.0	Noteosuchus	251.64388964564563	251.34244678278276
0.0	Nundasuchus	244.7627062022022	244.1729851011011
0.0	Nyasasaurus	245.3075211171171	242.4861932862863
0.0	Nycteroleter	271.46830323423427	266.7684321791792
0.0	Nyctiboetus	278.82464272272273	278.2780731401402
0.0	Nyctiphruretus	274.69904817817815	259.01758556856856
0.0	Obirkovia	261.94752909409414	256.9320484584585
0.0	Odontochelys	233.02156324824824	227.8143425745746
0.0	Opisthodontosaurus	290.9088634364364	283.0560930360361
0.0	Orenburgia	250.9771566936937	246.9164885135135
0.0	Orovenator	288.3089724354354	283.44986675175176
0.0	Oryctorhynchus	234.296389994995	228.91008163763766
0.0	Oryporan	250.5160221421422	248.2341377117117
0.0	Osmolskina	248.58730822622624	248.17784212912912
0.0	Owenetta	260.30879245645644	248.56147457557557
0.0	Ozimek	233.51288991891894	228.075562019019
0.0	Pachagnathus	219.23737305805804	217.5401388028028
0.0	Pachystropheus	208.77486116916916	201.8308852202202
0.0	Palacrodon	250.99319102502503	213.25608309009007
0.0	Palaeagama	252.7597210880881	252.60033044944947
0.0	Palaeochersis	224.09386519019017	209.5212318088088
0.0	Palaeosaurus	232.65152243143143	231.22494922822824
0.0	Paleollanosaurus	222.59978314714715	203.45189414714713
0.0	Paliguana	249.45242326226224	249.02217534934934
0.0	Pamelaria	246.38749459359357	241.72288140340342
0.0	Pamelina	248.58168965665664	248.16043798999
0.0	Pampadromaeus	232.6452357027027	213.09083472972972
0.0	Panguraptor	200.81943027927926	200.35777449649652
0.0	Panphagia	233.96165544844845	232.57834170870868
0.0	Pantydraco	232.4563892882883	231.05582647747747
0.0	Pappochelys	239.00177018818817	238.08209683783787
0.0	Parahupehsuchus	249.1598056946947	248.70576544644646
0.0	Parasaurus	260.6299155335335	254.3440995105105
0.0	Parasuchus	249.60904035235237	211.59043528828832
0.0	Paratypothorax	227.47284232932932	208.42207753553552
0.0	Pareiasaurus	265.2629328938939	252.0151066886887
0.0	Pareiasuchus	263.9169532162162	254.29908221721723
0.0	Parringtonia	243.9731348938939	243.29994272372372
0.0	Parvosuchus	239.6456373063063	238.79764302002002
0.0	Pectodens	244.03756392592592	243.41616002102103
0.0	Pelecymala	236.00824635735734	227.39113074874874
0.0	Pendraig	232.60922776676676	231.31118478678678
0.0	Pentaedrusaurus	246.55347945845844	246.0226468058058
0.0	Permotriturus	266.1366080770771	265.1731177427427
0.0	Peteinosaurus	218.2724828968969	212.0298247157157
0.0	Phaanthosaurus	251.92389376576574	251.1080873913914
0.0	Phonodus	251.63585197297297	251.32281311611612
0.0	Pinheirochampsa	240.31388002002004	239.45324036036035
0.0	Pintosaurus	252.62226943643645	252.4794293823824
0.0	Pisanosaurus	234.00626124224223	232.6597938628629
0.0	Planocephalosaurus	237.30101300100097	203.2184042882883
0.0	Plateosauravus	226.40254109609612	209.0917164164164
0.0	Plateosaurus	227.3954084784785	200.19480489089088
0.0	Polesinesuchus	232.51477694294292	231.27759215315314
0.0	Polonosuchus	230.44474885385384	229.00462276476475
0.0	Polymorphodon	238.90511445345345	237.94057655255259
0.0	Poposaurus	235.93868000600602	203.22190565165164
0.0	Postosuchus	235.48225118018019	202.05784643243246
0.0	Powellvenator	219.865341980981	218.2461371871872
0.0	Pravusuchus	220.25988019119117	218.69268297197195
0.0	Preondactylus	213.685189007007	212.30465906606608
0.0	Prestosuchus	241.8432932972973	232.90499083983983
0.0	Procerosuchus	239.68143387387389	238.83308667467466
0.0	Procolina	249.2912708838839	248.85057973973974
0.0	Procolophon	251.80219960160161	246.64230263763764
0.0	Procolophonichnium	249.47142933733736	249.01823265365363
0.0	Procompsognathus	215.88109117917918	214.40548544344347
0.0	Proganochelys	227.5851633823824	202.6354933973974
0.0	Prolacerta	251.82428727527528	246.86080614614616
0.0	Prolacertoides	251.6165430540541	251.29156815315315
0.0	Prosaurosphargis	249.77864746846845	249.3230338838839
0.0	Protanystropheus	246.58636745145148	242.12738636036036
0.0	Protecovasaurus	225.68225907907907	212.055428025025
0.0	Proterochampsa	232.65235294294294	231.3417224284284
0.0	Proterochersis	224.80042518018018	209.00080275975975
0.0	Proterosuchus	251.87689556756754	246.90855096996995
0.0	Protoavis	226.39699278978978	210.3351721301301
0.0	Protocaptorhinus	289.0967805125125	283.51105527827826
0.0	Protome	215.77422030030033	214.19056319619622
0.0	Protorosaurus	260.4641305435435	253.92097826626627
0.0	Protorothyris	298.98981515915915	293.5831306186186
0.0	Protosuchus	206.77380997997997	199.53467866766766
0.0	Provelosaurus	267.43826942542546	262.4268392172172
0.0	Pseudhesperosuchus	218.77760891491494	217.27504138538538
0.0	Pseudochampsa	231.86380457357356	230.64913217817818
0.0	Puercosuchus	219.27731573573573	217.67878491291293
0.0	Pumiliopareia	256.782551998999	256.62902405205205
0.0	Qianosuchus	246.4901627987988	243.80514361361364
0.0	Raibliania	231.97383952952953	230.53863746346346
0.0	Rauisuchus	232.47301255255258	230.96359570870874
0.0	Rautiania	262.7022181821822	258.40970141941943
0.0	Redondasuchus	224.8016891971972	210.91343356056055
0.0	Redondavenator	220.91821893993995	219.355314985986
0.0	Retymaijychampsa	239.85619344444444	238.9874105955956
0.0	Revueltosaurus	234.24372456656656	208.88320877777778
0.0	Rhipaeosaurus	267.8088095085085	262.01156664964964
0.0	Rhombopholis	246.09101244544544	240.20848473673675
0.0	Rioarribasuchus	227.3138852422422	209.24481779579577
0.0	Riojasaurus	224.69150086386384	209.36175375475474
0.0	Riojasuchus	218.04452675975975	216.64300104004005
0.0	Romeria	296.2037659119119	295.1088909119119
0.0	Rothianiscus	273.9059945395395	264.6370666826827
0.0	Ruehleia	221.34506659359357	212.68233245545545
0.0	Rugarhynchos	216.09219794694692	214.66753811511515
0.0	Ruhuhuaria	244.32278439339342	243.65759689889887
0.0	Rutiodon	232.00306717217217	208.3667198888889
0.0	Sacisaurus	221.88370293993995	220.22102218318315
0.0	Saltoposuchus	219.60717174874875	211.35313590190188
0.0	Sanchuansaurus	252.58316199199197	252.42645291491496
0.0	Sanjuansaurus	232.46351213713714	231.0528680910911
0.0	Santaisaurus	251.79032022022025	251.10704076276275
0.0	Sarcosaurus	200.2898157007007	199.86415096996998
0.0	Sarmatosuchus	243.8862151941942	243.22881441941942
0.0	Saturnalia	233.50466527427426	214.19962470670671
0.0	Saurodektes	251.92704997597596	248.34588644544544
0.0	Sauropareion	251.24563762662663	247.05310702102102
0.0	Saurorictus	255.92022025525526	255.80484534334332
0.0	Saurosternon	255.19312766066065	255.05310625325328
0.0	Saurosuchus	232.68577462662665	231.28119354354354
0.0	Scelidosaurus	200.6882826626627	200.23370968968968
0.0	Scharschengia	248.85367813213213	248.43761386086086
0.0	Schleitheimia	217.27460450650648	215.71624048648647
0.0	Schultzsuchus	240.4272651811812	239.58998145245246
0.0	Sclerocormus	248.8397986226226	248.3743208818819
0.0	Sclerosaurus	246.64950452352355	244.37897273873875
0.0	Sclerostropheus	222.1631576696697	220.61621177877876
0.0	Scoloparia	235.10832654854855	202.5380025835836
0.0	Scolotosuchus	249.39688822322321	248.95481273073074
0.0	Scutarx	225.16336234334335	209.312482031031
0.0	Scutosaurus	265.06003408808806	256.6494066806807
0.0	Scythosuchus	249.78049774674673	249.34320656156154
0.0	Shansisuchus	246.78415058358357	241.7193134964965
0.0	Shihtienfenia	254.2085707817818	251.72782528528526
0.0	Shringasaurus	246.5838397797798	241.77690855255256
0.0	Shuangbaisaurus	200.95079996996998	200.45875557357357
0.0	Shuvosaurus	226.97437455355353	201.94534635935935
0.0	Sigmala	236.54727652252254	227.43949031231233
0.0	Sikannisuchus	225.64266756356355	208.5417979019019
0.0	Silesaurus	231.38449283583586	229.80274120020022
0.0	Sillosuchus	231.79197541641642	230.4781177737738
0.0	Sinosaurosphargis	246.78093407407408	244.07223593593594
0.0	Sinosaurus	201.37535623923924	199.42459787087085
0.0	Skybalonyx	221.9678891971972	220.37089390890893
0.0	Smilodonterpeton	205.9188945035035	204.81485176376376
0.0	Smilosuchus	233.89034396696698	208.31202687687687
0.0	Sophineta	249.5469094164164	249.06584653553554
0.0	Soturnia	224.34944083983984	211.86683255955955
0.0	Soumyasaurus	218.20382058458458	216.75106431231234
0.0	Sphenotitan	226.66777243243246	209.5551298778779
0.0	Sphodrosaurus	218.0745764104104	216.54850012312312
0.0	Spinosuchus	233.6613229189189	216.27868405805808
0.0	Spondylolestes	257.6512066726727	254.8027677907908
0.0	Spondylosoma	241.63121231931933	237.22454205405407
0.0	Stagonolepis	233.96481432732733	208.833412996997
0.0	Stagonosuchus	246.37970932532534	241.4587697387387
0.0	Staurikosaurus	232.60941686886883	231.43203225725725
0.0	Stauromatodon	238.9287679099099	237.94955140040037
0.0	Stegomus	224.60590843743742	209.49331383583583
0.0	Stenaulorhynchus	246.5784505075075	237.28710928428427
0.0	Stenomyti	221.19635784484484	219.47265733133136
0.0	Stenoscelida	215.59402232132132	214.07188447747748
0.0	Styracocephalus	263.7050467217217	259.93791792092094
0.0	Suchonosaurus	259.37491895395397	259.10114035435436
0.0	Sumidadectes	279.09185116916916	278.63711446146146
0.0	Syntarsus	206.2181669129129	205.08013587387387
0.0	Syntomiprosopus	221.99260615615617	220.42991003003002
0.0	Tachiraptor	200.69028383083085	200.20108361461462
0.0	Tangasaurus	253.95643336836838	251.9627735325325
0.0	Tanystropheus	246.79794273373372	202.65988287187187
0.0	Tanytrachelos	227.00584651551551	209.05387153453455
0.0	Tarjadia	241.3953415965966	237.03465581881883
0.0	Tasmaniosaurus	251.79008015115116	251.19621439839838
0.0	Tawa	226.31164133233233	209.73282590790788
0.0	Taytalura	232.70873639639643	231.17817882282284
0.0	Technosaurus	218.29471755855855	216.86332403903904
0.0	Tecovasaurus	225.59561324924925	208.82344625625626
0.0	Tecovasuchus	226.89422823223222	209.74133118718717
0.0	Teleocrater	245.99517881281284	241.7484157857858
0.0	Teraterpeton	234.72078033333332	228.94309986086085
0.0	Teratophon	246.2568215935936	241.79222141041043
0.0	Teratosaurus	251.07203031631633	214.1449212982983
0.0	Termatosaurus	208.0039042842843	201.92240248948949
0.0	Terrestrisuchus	236.27821664764764	227.09648212212213
0.0	Teyujagua	249.61619052652654	249.14191507607606
0.0	Teyumbaita	226.6464019089089	208.76786021021022
0.0	Thadeosaurus	255.58117064864865	255.46250082682684
0.0	Thecodontosaurus	245.36396885385383	201.0412064064064
0.0	Theledectes	245.06347974974975	244.44753040440443
0.0	Thelephon	244.95438355855856	244.34873646346347
0.0	Thelerpeton	246.1927875935936	242.20245175175174
0.0	Threordatoth	232.749801995996	231.43265348848848
0.0	Thuringothyris	291.66027353453455	283.0737785855856
0.0	Tichvinskia	251.09895697097096	246.9169555025025
0.0	Ticinosuchus	246.51938120420422	242.95420958858858
0.0	Tikisuchus	231.19529677177178	229.72755654354356
0.0	Timanophon	250.28813144144144	247.25440184084087
0.0	Trachelosaurus	246.46801044544546	245.94938653753755
0.0	Tramuntanasaurus	271.96514083883886	270.82672610210216
0.0	Trialestes	234.83523844744747	229.37795781381382
0.0	Tricuspisaurus	204.8737146056056	203.67896905905906
0.0	Trilophosaurus	232.3726484934935	208.50383661461458
0.0	Tropidosuchus	241.7359044044044	237.00674646346346
0.0	Tuebingosaurus	220.55651562862863	218.9197874954955
0.0	Turfanosuchus	244.2033996196196	243.56476411711708
0.0	Typothorax	227.5592455065065	202.14008426726724
0.0	Uatchitodon	234.43442493993996	210.10446862862864
0.0	Unaysaurus	224.525292978979	210.2893933823824
0.0	Unguinychus	219.28794809409408	217.79279950850852
0.0	Uralosaurus	245.7654624964965	242.1256495995996
0.0	Vallesaurus	218.74995671471473	211.00231473273274
0.0	Vancleavea	231.7964998798799	201.97791779379378
0.0	Variodens	207.9464755065065	201.80495893593596
0.0	Vellbergia	238.81324278878878	237.90421323623625
0.0	Velocipes	218.85106343243243	217.35658970370372
0.0	Venaticosuchus	233.71522084884887	232.27053603603602
0.0	Venetoraptor	233.37177616516516	213.79467167867867
0.0	Vinitasaura	234.2242392992993	232.99197762062062
0.0	Vivaron	223.85479664864866	210.55138359559558
0.0	Vjushkovisaurus	245.64248915915917	241.9489269389389
0.0	Volcanosuchus	232.235996023023	230.74851276576575
0.0	Vonhuenia	251.72123546146145	251.42776019219218
0.0	Vritramimosaurus	249.76671958258257	249.32363287087088
0.0	Vytshegdosuchus	249.13816123723723	248.67862206206206
0.0	Waluchelys	218.12231953153156	216.65930224824825
0.0	Wannia	223.3228927987988	209.5851872012012
0.0	Wapitisaurus	249.86268935435436	249.3931777787788
0.0	Weigeltisaurus	260.42965105105105	254.29495415115116
0.0	Whitakersaurus	205.60036168868868	204.39965404804803
0.0	Xenodiphyodon	232.74263275175173	231.4569445005005
0.0	Xilousuchus	247.15214750750752	246.62746907507506
0.0	Xingxiulong	200.6894204114114	200.18557517617617
0.0	Yarasuchus	246.31666303303305	243.19902937337338
0.0	Yimenosaurus	201.4596211781782	199.45436717717718
0.0	Youngetta	249.6995933003003	249.28200028828832
0.0	Youngina	260.44378942142146	251.727141982983
0.0	Youngosuchus	244.20993563563565	243.4997218698699
0.0	Yunnanosaurus	201.19367524424425	199.67709649849846
0.0	Zanclodon	242.43650595095096	202.19116217017017
0.0	Zhongjiania	259.82975465765765	254.51529553953952
0.0	Zupaysaurus	216.17290353253253	214.797270991992
