clade	species	ts	te
0.0	Abajudon	106.69055126613306	84.18042935667832
0.0	Abdalodon	81.63026697848925	81.28712132016008
0.0	Acratophorus	61.65276267433717	54.04043148674338
0.0	Adelobasileus	42.857262004002	41.82777744872436
0.0	Aelurognathus_Temperate_S	84.78951565182592	77.06577234217109
0.0	Aelurosaurus	96.94455011105552	78.95954210905451
0.0	Aelurosuchus	70.4680748314157	70.08856785692846
0.0	Aerosaurus	128.22316445822912	116.32833831365681
0.0	Akidnognathus	83.40578883041519	78.66192314457228
0.0	Alemoatherium	48.292639026013006	47.13976773986993
0.0	Aleodon	70.58390536218107	52.29600783441721
0.0	Alepognathus	87.25932960480239	86.4557694372186
0.0	Alierasaurus	101.55725509104552	100.58696203551777
0.0	Alopecideops	86.50831382891447	85.79271850725364
0.0	Alopecodon	89.2159828364182	85.25573110355177
0.0	Alopecognathus	89.22745116008004	84.77917503151576
0.0	Alopecorhinus	83.824952969985	83.33764597948975
0.0	Aloposaurus	85.23183938569284	78.16402945872937
0.0	Alrausuchus	98.14437239519759	90.6306616038019
0.0	Ameghinichnus	41.85798071885943	40.86844899549775
0.0	Andescynodon	71.97891614657327	45.90564071785893
0.0	Angelosaurus	106.41355061680841	91.25267719709855
0.0	Angonisaurus	69.9350454202101	69.54244024462231
0.0	Annatherapsidus	89.17472583391695	82.02200876738368
0.0	Anningia	88.32635291545772	87.44185916008004
0.0	Anomocephalus	91.70970215007503	90.69914820110054
0.0	Antecosuchus	71.6094613841921	67.35882292296148
0.0	Anteosaurus_Temperate_N	88.91132616208104	88.03030665732865
0.0	Anteosaurus_Temperate_S	89.36257577288644	84.61967260130065
0.0	Apsisaurus	118.93890524662332	117.9838648294147
0.0	Archaeosyodon	91.40521243721861	90.42492881690845
0.0	Archaeothyris	134.97273361830915	132.2474452456228
0.0	Archaeovenator	127.24778942321159	126.28841215557777
0.0	Arctognathus	85.05927573936968	78.78261052026014
0.0	Arctops	85.41400332116058	78.35265173936969
0.0	Arctotraversodon	60.890220599799896	54.13164834017009
0.0	Arisierpeton	111.71911153326663	110.97595001450726
0.0	Aulacephalodon	84.89582404002002	77.10729471085543
0.0	Aulacocephalus	82.42652919759881	82.08915085142571
0.0	Australobarbarus	89.0552130790395	84.60351695697848
0.0	Australosyodon	91.44294810255128	90.44782730315157
0.0	Avenantia	86.8757264312156	86.11251119809907
0.0	Baldwinonus	127.7380792006003	119.13544305252626
0.0	Basilodon	85.12653724862432	78.07914171785893
0.0	Bauria	72.47109298349174	66.94150819809903
0.0	Beishanodon	74.15762323911956	73.88231685892946
0.0	Biarmosuchoides	91.23569291645822	90.22969772286145
0.0	Biarmosuchus	98.08150872136069	88.92863809904954
0.0	Biseridens	97.6274349649825	93.01852962731365
0.0	Blattoidealestes	84.4525474252126	83.93845567383691
0.0	Bohemiclavulus	126.56480425862931	125.5808390090045
0.0	Bolodon	31.82272916008004	30.87751976088044
0.0	Bolotridon	70.98335526863431	70.58637553476737
0.0	Bonacynodon	67.13969921410705	58.18430890245122
0.0	Boreogomphodon	59.383800808904454	42.74751873536768
0.0	Botucaraitherium	44.88068668934467	43.79428968084042
0.0	Brachyprosopus	89.65903411755878	84.69782745072537
0.0	Brachyzostrodon	33.42161652126063	27.39933656328164
0.0	Brasilitherium	50.975570548274135	34.11428626863432
0.0	Brasilodon	51.83407857028515	33.876590875937964
0.0	Brontopus	84.78652566983492	77.71824294497249
0.0	Bulbasaurus	84.90645565882942	79.43766029114556
0.0	Bullacephalus	89.2710165727864	88.37474467483743
0.0	Burnetia	81.05705594247124	80.7669039629815
0.0	Cabarzia	121.30179246173087	120.32662852476238
0.0	Callibrachion	111.42424304802401	110.72025586843421
0.0	Candelariodon	64.9226775767884	64.62407885492746
0.0	Caodeyao	80.69179091445723	80.40524895947974
0.0	Casea	108.78823572286143	98.13584063031514
0.0	Caseoides	106.12330355977988	93.26293431265633
0.0	Caseopsis	105.06597196848423	95.97040208704351
0.0	Cerdodon	91.96592324962482	91.0068382126063
0.0	Cerdorhinus	81.77994750725362	81.4838324032016
0.0	Cerdosuchus	81.30278733766885	80.99871091345673
0.0	Chalepotherium	29.121373097548773	28.192811402701352
0.0	Chaliminia	48.06037484192097	38.44278597999
0.0	Charassognathus	82.03630969184591	81.700014014007
0.0	Charruodon	45.78507070885443	44.79017170135067
0.0	Chiniquodon	67.31987244572286	43.54206049524762
0.0	Choerosaurus	95.74626596948474	81.00893415007504
0.0	Chthomaloporus	90.89354091945972	89.96191573036518
0.0	Chthonosaurus	87.4136961835918	83.00379284442222
0.0	Cistecephaloides	81.98127004402203	81.69315907153576
0.0	Cistecephalus	84.74575004152075	79.08225900650324
0.0	Cistecynodon	70.47081314507253	70.08178593596799
0.0	Clelandina	85.24315870535267	77.45133830415207
0.0	Clepsydrops	132.01942213556777	103.91442146123062
0.0	Colobodectes	88.66873723411706	77.17080660930465
0.0	Compsodon	85.25425669534766	77.78245462281141
0.0	Cotylorhynchus	108.57053725462731	90.95201640170085
0.0	Counillonia	74.83278895147573	74.55377525912957
0.0	Cricodon	72.31186786743372	61.69467790545273
0.0	Criocephalosaurus	89.77102666133068	84.97799895147574
0.0	Cromptodon	69.46695830965483	69.08915793746874
0.0	Cryptocynodon	85.1670734042021	79.77905456728364
0.0	Cryptovenator	124.33887139469735	123.36151692446224
0.0	Ctenorhachis	111.08567430415208	110.38335125062531
0.0	Ctenospondylus	118.71240706553277	109.93883015957978
0.0	Cutleria	121.69484538819408	113.73719616708355
0.0	Cynariognathus	89.06093804702351	85.17232231115558
0.0	Cyniscops	81.73061918709355	81.44023168134066
0.0	Cynognathus	72.41142088444222	53.078898003001505
0.0	Cynosaurus	85.13960612306154	77.62807416958479
0.0	Cyonosaurus	85.1282638114057	77.07921464832415
0.0	Dadadon	62.34077783491745	54.17220300250125
0.0	Dalongkoua	78.38612317508755	78.09429907703853
0.0	Daptocephalus	88.67237317658828	76.88262661680841
0.0	Daqingshanodon	80.53123064332166	80.24024951425712
0.0	Datheosaurus	124.41907253526765	123.43377232266133
0.0	Davletkulia	94.54263424112057	93.50445523211606
0.0	Deccanodon	50.49465651875938	49.38985342171085
0.0	Delectosaurus	84.32963239869933	82.11085353876938
0.0	Delphinognathus	87.09209647023512	86.31860361530764
0.0	Deuterosaurus	92.06984151725862	85.41615256628315
0.0	Diademodon	72.45893841370686	55.67632482591296
0.0	Dicynodon_Temperate_N	90.7090874072036	85.22666524862431
0.0	Dicynodon_Temperate_S	111.55241927113558	64.13653408454228
0.0	Dicynodontipus_Temperate_N	71.50471656528265	71.1484716408204
0.0	Dicynodontipus_Temperate_S	83.56974350275138	61.77240969734867
0.0	Dicynodontoides_Temperate_S	85.37314087043522	74.08148750425212
0.0	Diegocanis	57.40358103551776	56.271685874437225
0.0	Digalodon	84.91385789694847	77.33796264732366
0.0	Diictodon_Temperate_N	78.45669884992496	78.16150626213106
0.0	Diictodon_Temperate_S	92.083762006003	77.0719233651826
0.0	Diictodontoides	81.53681176938468	81.24871992146073
0.0	Dimacrodon	107.34433815507754	93.51760664782391
0.0	Dimetrodon	123.66594459979991	89.55248902151077
0.0	Dinanomodon	85.27280846623312	73.55520242571286
0.0	Dinodontosaurus	67.1075780590295	57.4923826118059
0.0	Dinogorgon	84.86039493646824	78.74733114607305
0.0	Dinosaurus	91.88525677088543	89.93704904802401
0.0	Dolichuranus	70.18972746473236	69.80973088644323
0.0	Dolomitipes	77.55055488444222	73.63896776088043
0.0	Driveria	99.97779094397197	98.95071613106553
0.0	Dromatherium	43.75604252226113	42.74743811155577
0.0	Dvinia	87.70537547573787	83.0245758054027
0.0	Ecteninion	57.332827358679346	56.09671882691346
0.0	Edaphosaurus	129.3128664282141	93.52289657028516
0.0	Elcabrosaurus	126.72796178739371	125.71143918409204
0.0	Elephantosaurus	64.21937990445223	63.908452668834414
0.0	Elliotsmithia	88.16282429164582	87.30790170285142
0.0	Elph	88.70279927213608	83.70771423111556
0.0	Emydochampsa	82.4856278194097	82.19117176988495
0.0	Emydops	95.11032848774387	78.69864107703852
0.0	Emydorhinus	84.18394784742371	78.78070391895949
0.0	Emydorhynchus	81.5544223641821	81.25968700700349
0.0	Emyduranus	84.38563148724364	80.22363970835418
0.0	Endothiodon_Temperate_S	101.26524969434718	78.64776887343672
0.0	Endothiodon_Tropical_S	84.02309623111555	76.9365762166083
0.0	Ennatosaurus_Temperate_N	97.67010623511756	89.55672225712856
0.0	Ennatosaurus_Tropical_N	87.77973845272635	86.96468422211106
0.0	Eocasea	127.23830276538268	126.25682066383192
0.0	Eodicynodon	96.01525609254628	87.5329528104052
0.0	Eoraetia	30.71539550125063	29.817875984992494
0.0	Eosimops	89.53242863631816	80.50393665082541
0.0	Eothyris	112.05891385042521	111.2853926138069
0.0	Eozostrodon	31.768762796898454	27.691817497748875
0.0	Ericiolacerta	76.41060815657829	73.04231134617308
0.0	Eriphostoma	90.02805601650826	78.65059463631816
0.0	Estemmenosuchus	94.19806763781891	89.11206251725864
0.0	Eubrachiosaurus	58.04889510905453	56.83023660930465
0.0	Euchambersia	81.28834438269135	81.00667389294647
0.0	Euptychognathus	82.62638522361179	82.27810428614308
0.0	Euromycter	106.96444034767383	106.09640229014508
0.0	Exaeretodon_Temperate_S	65.54378494097048	33.23094592496248
0.0	Exaeretodon_Tropical_N	69.54277638519261	69.16029729064532
0.0	Fluctuodon	30.812007912456227	29.875601143571785
0.0	Galechirus	88.265657018009	84.95747951525763
0.0	Galeops	88.70234863531766	81.0962526028014
0.0	Galesaurus	77.21633926263131	71.95994446073037
0.0	Gaumia	40.88574100750376	26.368927935467738
0.0	Geikia_Temperate_N	78.06787308704352	77.79319643371686
0.0	Geikia_Temperate_S	84.35881159229615	79.86052553076539
0.0	Glanosuchus	91.84161940670336	85.11102887493747
0.0	Glaucosaurus	106.78303931415708	105.91653792896449
0.0	Gomphodontosuchus	57.44841257028514	47.08634973886943
0.0	Gondwanadon	57.42061635767884	56.22336732916458
0.0	Gordonia	79.07779810205102	76.83904934067034
0.0	Gorgodon	103.7857551935968	94.48649345172586
0.0	Gorgonops	89.50153915607804	78.11310547823913
0.0	Gorochovetzia	85.45037821860932	84.87641831065532
0.0	Gorynychus	88.4064261995998	85.06718758329163
0.0	Habayia	30.708626254627315	29.760963462731365
0.0	Hahnia	29.939983702851425	29.038294067033515
0.0	Hallautherium	30.42119765282641	29.47013407853927
0.0	Haptodus	131.3419733711856	110.75781362731365
0.0	Haramiyavia	32.58593688044022	28.0864094002001
0.0	Hazhenia	72.148632036018	71.820439008004
0.0	Heleosaurus	86.60956574987495	85.90023596848425
0.0	Helvetiodon	29.101923224612307	28.180120612306155
0.0	Herpetoskylax	84.65605262231115	80.13012792846423
0.0	Hipposaurus	88.90468144722361	85.56995221110556
0.0	Hofmeyria	85.20254350425213	78.93661822811404
0.0	Homodontosaurus	84.11348387543771	77.98912330915456
0.0	Hwanghocynodon	81.94237491995999	81.59834751625813
0.0	Hyaenasuchus	87.35793252376189	86.56950521810904
0.0	Hypselohaptodus	121.60095924062031	120.65712171035518
0.0	Hypsiprymnopsis	30.249423705852927	29.293552864432215
0.0	Ianthasaurus	130.98977279889945	128.6542337803902
0.0	Ianthodon	130.2269424872436	129.25763706903453
0.0	Ichibengops	83.41773082541272	79.48942042471236
0.0	Icticephalus	82.25656913656829	81.94098748124061
0.0	Ictidochampsa	80.28717574937468	79.9710301475738
0.0	Ictidognathus	85.63365566883442	80.89003572786392
0.0	Ictidorhinus	81.9488964142071	81.61058246523262
0.0	Ictidosaurus	92.44755887143572	85.83135805252627
0.0	Ictidosuchops	84.88221915607804	77.34601753126562
0.0	Ictidosuchus	83.05253453626813	82.67660107353676
0.0	Idelesaurus	88.19966800500251	87.33543601450725
0.0	Impidens	70.02087195697848	69.62498159329665
0.0	Inostrancevia_Temperate_N	90.0148228654327	81.3276694072036
0.0	Inostrancevia_Temperate_S	82.03433983841923	81.70548955677839
0.0	Interpresosaurus	83.3487963881941	83.04218141870935
0.0	Irajatherium	47.994640482741374	38.73133766583292
0.0	Ischigualastia	61.56589171785893	52.23516795747874
0.0	Isengops	81.68987220610305	81.40089806453227
0.0	Jachaleria	65.61246653326664	34.094970181090545
0.0	Jimusaria_Temperate_N	81.12353562231117	76.43537124512257
0.0	Jiufengia	81.84411924762381	81.52851252376188
0.0	Jonkeria	89.93021981290647	81.15808477288644
0.0	Julognathus	87.27043719359679	86.50417897798899
0.0	Kamagorgon	100.0179105207604	94.84570588594299
0.0	Kannemeyeria	75.55840119809905	66.9693460590295
0.0	Karenites	88.51538499549775	85.42229080590295
0.0	Kataigidodon	42.429215063531764	41.394571010004995
0.0	Katumbia	84.51452040320159	79.38209307203603
0.0	Kawingasaurus	84.68686838469235	79.33987532466233
0.0	Kembawacela	84.63806099449725	78.454399931966
0.0	Kenomagnathus	129.94905198149075	129.00263018159077
0.0	Keratocephalus	89.65861436768384	84.86500506953476
0.0	Keyseria	80.12338534317159	79.8201805957979
0.0	Kitchinganomodon	84.34834454477239	78.62649273786893
0.0	Knoxosaurus	105.67305082491245	95.61194232316159
0.0	Kombuisia	70.76591661830915	68.03268304252127
0.0	Kotelcephalon	87.04431731765884	86.27500314507253
0.0	Kuehneotherium	33.128643226113056	26.957069323661834
0.0	Kunpania	80.57690649074537	80.28660332766383
0.0	Kwazulusaurus	81.30482267283641	80.98581495047523
0.0	Lalieudorhynchus	89.48538582191095	88.58173996898448
0.0	Langbergia	75.99803468484241	72.08715713206603
0.0	Lanthanostegus	88.74616631565783	86.09428872886444
0.0	Lemurosaurus	83.43139974437219	79.1699496008004
0.0	Lende	82.19556090345172	81.84738037918957
0.0	Leogorgon	87.40960830165082	83.84698673786893
0.0	Leontosaurus	85.30722500700351	76.67804760580289
0.0	Lepagia	33.5515569849925	26.718213704352177
0.0	Leucocephalus	82.4546557923962	82.151536016008
0.0	Lisowicia	37.098950778389195	36.19566201500751
0.0	Lobalopex	82.20375481840921	81.89471559429715
0.0	Lophorhinus	81.85433335267635	81.53671501650827
0.0	Luangwa	72.37371863031517	57.76670407153577
0.0	Lumkuia	70.03447670985493	69.65151368434216
0.0	Lupeosaurus	121.39123728764382	120.42315078039019
0.0	Lycaenodon	84.12481730065034	80.48459332116057
0.0	Lycaenops	84.98325381490746	77.95804316008002
0.0	Lycedops	86.60157000350176	85.8735508094047
0.0	Lycideops	80.96026470935468	80.66128805002501
0.0	Lycosaurus	88.36375400900451	80.96950773386695
0.0	Lycosuchus	87.29505847673838	86.46717533566785
0.0	Lystrosaurus_Temperate_N	79.01219107453727	74.48802368734367
0.0	Lystrosaurus_Temperate_S	87.41415046823411	72.18166406103052
0.0	Macromerion	126.82792912606303	125.38282928514256
0.0	Madysaurus	57.964564158079035	56.92452294447224
0.0	Malasaurus	83.18537376588293	82.8539387813907
0.0	Mandagomphodon	71.46042486643321	68.03506771835917
0.0	Martensius	112.73679645972986	112.0129488104052
0.0	Massetognathus	67.088290987994	56.73448575387694
0.0	Mastersonia	101.66774023511756	100.6713561925963
0.0	Maubeugia	31.362360971985993	30.416733699349678
0.0	Megawhaitsia	84.60470674137068	81.97647127713857
0.0	Melanedaphodon	134.09771801750875	133.14005509504753
0.0	Menadon	65.1530286468234	52.57724777838919
0.0	Mesenosaurus_Temperate_N	98.22606057828914	89.11233801050525
0.0	Mesenosaurus_Tropical_S	112.17079663031515	111.40914869434718
0.0	Meurthodon	30.376531972986495	29.455567585792895
0.0	Microconodon	58.56246435717859	36.15783499349675
0.0	Microgomphodon	75.3407853341671	67.12050496948474
0.0	Microhelodon	69.53780708004001	69.17363664782391
0.0	Microscalenodon	32.67551503301651	28.307336564782393
0.0	Microsyodon	98.98886299399699	92.96765524112055
0.0	Microurania	90.04707191745874	82.36398234317157
0.0	Microvaranops	89.4948283751876	84.80630870785392
0.0	Microwhaitsia	83.47133248824412	79.7420113671836
0.0	Milosaurus	128.41065133566784	127.44703130265133
0.0	Minicynodon	45.261974890945474	44.19951047873937
0.0	Mirotenthes	84.41985073386694	80.34937664632315
0.0	Mitredon	29.765602312656327	28.886659781390694
0.0	Mobaceras	92.39052158029014	91.41773419959979
0.0	Moghreberia	61.02574014657329	31.074261610305154
0.0	Mojo	30.588738078039018	29.680917132066032
0.0	Molybdopygus	91.18702546173085	90.20309173286643
0.0	Morganucodon	32.55068201550775	26.691382810905452
0.0	Mormosaurus	92.23462497248624	86.12617370935469
0.0	Moschops	89.85055829414708	82.1654327943972
0.0	Moschorhinus	84.92028346023011	72.14187531265634
0.0	Moschowhaitsia	85.21554326263133	82.01419678289143
0.0	Muchia	87.33847909504753	86.5338565927964
0.0	Mucrotherium	29.83576867283642	28.890829303651827
0.0	Mupashi	81.68146823411706	81.38432487093546
0.0	Mycterosaurus	113.3785024382191	100.69654437868935
0.0	Myosauroides	82.5101062196098	82.17119145872937
0.0	Myosaurus	76.89300317908955	71.96499664582292
0.0	Nanictidops	82.33527454277139	82.04756263081542
0.0	Nanictocephalus	82.09864401650826	81.799551997999
0.0	Nanictosaurus	84.05730526713357	77.90712352726364
0.0	Nanocynodon	87.51612219409705	86.72821367233615
0.0	Nanogomphodon	63.57499688344171	63.28818367233617
0.0	Neosaurus	117.74381995998	116.83020473836919
0.0	Niaftasuchus	96.65277529814907	89.6205624242121
0.0	Niassodon	82.72380805402702	82.38355633966984
0.0	Nikkasaurus	96.7036863701851	91.34518396898449
0.0	Nitosaurus	126.44520714407203	125.44277407153577
0.0	Niuksenitia	87.56241093997	86.74221807053527
0.0	Nochnitsa	87.08561154027014	86.30049580590295
0.0	Notaelurodon	80.15978887743873	79.87331310555278
0.0	Nothogomphodon	70.59899449424714	68.31612912206106
0.0	Notosyodon	88.57985839769887	87.71993114357178
0.0	Nshimbodon	82.0050224222111	81.64091554327163
0.0	Nythosaurus	70.08127128214107	69.68547187193597
0.0	Odontocyclops	85.14269513906953	79.26154817658829
0.0	Oedaleops	127.07576291395696	113.84167370885444
0.0	Oligokyphus	32.50791748624312	27.981509810905454
0.0	Olivierosuchus	76.46039723111556	71.87894128064032
0.0	Ophiacodon	129.0896790690345	93.35531926513256
0.0	Ophidostoma	81.54728864332166	81.26826773986996
0.0	Ordosiodon	71.26660970435218	67.62750865782891
0.0	Oromycter	112.81542839819909	112.02908250975489
0.0	Otsheria	91.04814133866934	90.05008536168084
0.0	Oudenodon_Temperate_S	87.63648513806903	76.99877982241121
0.0	Pachydectes	86.58778889444721	85.8697862236118
0.0	Palemydops	84.16959331915959	79.95657156728365
0.0	Pampaphoneus	91.73875250175087	86.77238778589295
0.0	Panchetocynodon	76.15773430215107	75.87004480890444
0.0	Parabradysaurus	99.2310144332166	93.3969627663832
0.0	Paraburnetia	82.65677791345672	82.37451885892946
0.0	Paragalerhinus	80.67990864782391	80.36735626513256
0.0	Parakannemeyeria_Temperate_N	71.84846303601799	65.87092873236618
0.0	Parasuminia	86.92856444822412	86.16146410355178
0.0	Paratraversodon	66.36125293396698	59.844964294647326
0.0	Pardosuchus	87.77507192346172	86.93640127863932
0.0	Pascualgnathus	60.77475273886944	53.93162168584293
0.0	Patranomodon	91.84635478289144	89.48904171035518
0.0	Pelanomodon	84.49911176488244	76.9957001555778
0.0	Pelictosuchus	83.49855214307152	77.89811628064031
0.0	Pentasauropus_Temperate_S	66.63401591395699	34.29760720110055
0.0	Pentasauropus_Tropical_N	44.02609056928464	43.02559259829915
0.0	Pentasaurus	37.73238100450225	36.717994001000505
0.0	Peramodon	88.16788703151576	83.29610411455728
0.0	Perplexisaurus	90.91424820510254	84.72463800200099
0.0	Phocosaurus	88.62782592846422	85.66545736668336
0.0	Phreatophasma	98.28073730065032	97.26538901400701
0.0	Phthinosaurus	95.39738866583292	89.68276407753876
0.0	Placerias	59.404667023511756	33.911098460230114
0.0	Planitorostris	64.35523013006504	63.93055731065533
0.0	Platycraniellus	76.67102214807404	72.03084199249625
0.0	Platycyclops	82.2778767483742	82.00357231415707
0.0	Platypodosaurus	84.74006881590795	79.04864828414208
0.0	Plinthogomphodon	44.2740351935968	43.26085184942471
0.0	Polonodon	56.49145267033517	55.25320426863432
0.0	Polycynodon	82.11087636018009	81.77023877388696
0.0	Porosteognathus	90.31843631015508	86.2491044512256
0.0	Pravoslavlevia	86.09337929014507	85.42075996248126
0.0	Pristerodon_Temperate_S	88.88100437468735	79.12182973286643
0.0	Pristerognathoides	89.79766352976489	82.79692815507754
0.0	Pristerognathus	89.35696769084544	84.82267751775888
0.0	Pristerosaurus	87.97308866583292	87.11416286293147
0.0	Probainognathus	66.60389773936969	54.81528896548274
0.0	Proburnetia	87.45328232066034	86.65677959429715
0.0	Procynosuchus_Temperate_N	86.40847148874437	80.64148105552775
0.0	Procynosuchus_Temperate_S	85.05282695347674	73.85704405302651
0.0	Prodicynodon	83.14218461580792	80.01233887443723
0.0	Progalesaurus	76.79131778139069	76.50447453476738
0.0	Promoschorhynchus	84.87414168784393	77.54356147223612
0.0	Prosictodon	90.37722302951475	89.46632451425712
0.0	Protheriodon	64.5265679889945	64.24194291145572
0.0	Protuberum	66.99024583841921	61.37775340570285
0.0	Prozostrodon	58.3052093951976	36.797094373686846
0.0	Pseudotherium	56.91043	55.674289258629315
0.0	Pseudotriconodon_Temperate_N	41.37680651775888	26.506931892446225
0.0	Pseudotriconodon_Tropical_N	42.32033255727864	41.292216546273146
0.0	Ptomalestes	88.72500336068035	85.1186724182091
0.0	Purlovia	84.88500616208104	82.15400280090044
0.0	Putillosaurus	74.19235794197097	73.90810295697848
0.0	Pyozia	93.87009333316658	92.88132856278139
0.0	Rabidosaurus	71.5603600130065	68.13514774237119
0.0	Raranimus	96.67598274787393	95.6016218894447
0.0	Rastodon	87.49301675387693	86.70272727113557
0.0	Rechnisaurus	70.87448253426713	67.93621415707854
0.0	Redondagnathus	42.508441420710355	41.49392715907954
0.0	Regisaurus	76.42638558129065	73.14625019109555
0.0	Reiszia	95.19362668384193	89.86561016108054
0.0	Remigiomontanus	124.00299095998	123.02156502651326
0.0	Repelinosaurus	75.19664949424713	74.92814350225112
0.0	Rewaconodon_Temperate_S	59.22178141570785	55.043530873436715
0.0	Rewaconodon_Tropical_S	42.5174008214107	41.50651988294147
0.0	Rhachiocephalus	84.68031542571285	79.02279632966484
0.0	Rhadiodromus	71.05024002001	67.60659743121562
0.0	Rhinodicynodon	69.04017976588295	68.65012881490745
0.0	Rhopalodon	91.76331072636319	89.59624676638319
0.0	Riebeeckosaurus	86.96042358779391	86.18796675037518
0.0	Riograndia	51.411962498749375	34.29139788244122
0.0	Riojanodon	58.96896983391695	58.08499870735368
0.0	Robertia	89.17473874187093	83.748730981991
0.0	Rosieria	33.012222614307156	28.55303872636318
0.0	Ruberodon	56.9092073871936	55.63174132966484
0.0	Rubidgea	84.94564013206603	77.36220956978491
0.0	Ruhuhucerberus	83.59133702851426	79.80857230065033
0.0	Ruthenosaurus	110.24947139569785	109.41731665282641
0.0	Ruthiromia	127.3915536548274	126.42621612956476
0.0	Sangusaurus	71.70691821810905	64.09099893446724
0.0	Santacruzgnathus	56.77057623411706	55.66512781540771
0.0	Santacruzodon	60.88237982141071	52.90645204002001
0.0	Santagnathus	52.22311996398199	33.42423140320161
0.0	Sauroctonus_Temperate_N	88.00631841870936	87.166716032016
0.0	Sauroctonus_Temperate_S	82.55283271785893	82.22728785992996
0.0	Sauroscaptor	85.09018832566284	79.18147670185093
0.0	Scalenodon	72.1237255887944	64.48945066733367
0.0	Scalenodontoides	51.36028915457729	27.70237655727864
0.0	Scalopocephalus	82.98185902651325	82.60408204902451
0.0	Scalopodontes	86.63685492346174	85.87136157028515
0.0	Scalopognathus	76.68626180440219	76.41393069584792
0.0	Scaloporhinus	80.94911710805403	80.64380439969985
0.0	Scaloposaurus	83.63007271785892	71.88319180390195
0.0	Scaloposuchus	80.63746989044523	80.32969873986993
0.0	Scylacoides	84.20691430665333	83.73430069384692
0.0	Scylacops	84.88035282141071	79.0513252236118
0.0	Scylacosaurus	88.21197311755878	80.39283378839419
0.0	Scylacosuchus	86.94518503051526	86.19844579289645
0.0	Scymnosaurus	89.489449068034	84.79768030865434
0.0	Secodontosaurus	114.72491242621311	102.50228172236119
0.0	Sesamondontoides	69.23737917208607	68.84199003351675
0.0	Shaanbeikannemeyeria	71.79426890945473	67.95012666433216
0.0	Shansiodon_Temperate_N	72.10628095347674	67.30855978839419
0.0	Shansiodon_Temperate_S	69.46600732316158	69.05980892496247
0.0	Shashajaia	112.93784305302651	112.0281772006003
0.0	Shiguaignathus	81.02850562031017	80.72521990445222
0.0	Silphedosuchus	74.51397590495247	74.24067261580791
0.0	Silphoictidoides	83.54260015807904	80.62287670185093
0.0	Sinoconodon	30.323133351175585	29.397549259629816
0.0	Sinognathus	69.42806200250125	69.01184209854927
0.0	Sinokannemeyeria	72.24312650675337	65.03557482891446
0.0	Sinophoneus	97.83245828164083	91.84155210555278
0.0	Sintocephalus	82.04035885342672	81.70982813256629
0.0	Siriusgnathus	57.98644832066033	37.44327262731366
0.0	Sludica	89.42476336518259	85.3792340470235
0.0	Smilesaurus	84.15574653026513	79.03239789944973
0.0	Sphenacodon	128.36876375137567	108.72105471485743
0.0	Stahleckeria	70.28273806953477	61.273419074537266
0.0	Steppesaurus	100.84583200950475	99.89411759529764
0.0	Stereophallodon	117.51561802151076	116.63369164132067
0.0	Stereorhachis	129.61201116208105	128.59341875587793
0.0	Struthiocephaloides	88.50025684292146	86.44644515607804
0.0	Struthiocephalus	89.29121559629816	84.73911437018509
0.0	Styracocephalus	88.66034640520262	85.55400891895948
0.0	Suchogorgon	89.55056470835417	85.33207331965983
0.0	Suminia	89.46272164932465	84.57520732116058
0.0	Sungeodon	76.70598328014007	76.43186468484242
0.0	Sycosaurus	84.81525238069034	79.64464606503252
0.0	Syodon	100.9135238164082	85.44408664032017
0.0	Syops	84.9042502266133	78.84091112656328
0.0	Sysphinctostoma	70.31902987293647	67.64866376438219
0.0	Tambacarnifex	112.17551809004502	111.47242925912957
0.0	Tamboeria	86.61415974137068	85.86291948924463
0.0	Taoheodon	80.28244741470736	80.00146146673336
0.0	Tapinocaninus	90.80340935967983	89.8591567983992
0.0	Tapinocephalus	88.23883365782892	85.210465042021
0.0	Tappenosaurus	106.1332056028014	95.39656929364682
0.0	Taurocephalus	87.0900155567784	86.31599874787393
0.0	Tenuacaptor	130.10143886593298	129.10182268684343
0.0	Tessellatia	43.36015086943472	42.391222783891955
0.0	Tetraceratops	103.59856590895447	102.61230691745872
0.0	Tetracynodon	84.3616405807904	72.1384687993997
0.0	Tetragonias	71.91000524162081	68.35116691345674
0.0	Theriognathus	84.9996932046023	69.51660332316159
0.0	Therioherpeton	51.549173881940966	50.509886583291646
0.0	Therioides	87.37163751525763	86.58600526663332
0.0	Theroteinus	29.6364063901951	28.70402824462231
0.0	Thliptosaurus	81.1912280190095	80.8798325967984
0.0	Thomasia	40.53628784042021	26.184361502751376
0.0	Thrinaxodon	76.8939064642321	72.21686244072036
0.0	Tiarajudens	91.7659356028014	90.84622224112057
0.0	Tigrisuchus	84.306905	80.59218018209104
0.0	Tikitherium	57.368628012006006	56.166230512756385
0.0	Titanophoneus	92.31962542771385	85.29854413906953
0.0	Titanosuchus	92.80335615107555	84.5728262306153
0.0	Traversodon	67.0142165977989	61.4063965587794
0.0	Traversodontoides	69.54327403901951	69.16719564432216
0.0	Trichasaurus	104.11904815357677	103.1461600030015
0.0	Tricuspes	40.61603774737368	25.973002073036522
0.0	Trirachodon	72.03046247673836	67.31346260830416
0.0	Tritylodon	34.27550905352676	33.33762076588294
0.0	Trochorhinus	87.24888042271135	86.45009481340671
0.0	Trochosaurus	89.46803086093047	85.2169636028014
0.0	Trochosuchus	87.60490341770885	86.80418694247122
0.0	Tropidostoma	87.66904534517258	79.33388670785392
0.0	Trucidocynodon	59.16545225412706	39.518536300150075
0.0	Turfanodon_Temperate_N	83.7856255112556	76.39789982591296
0.0	Ufudocyclops	71.1040342396198	67.48800533266635
0.0	Ulemica	92.50166527363682	85.26554899049525
0.0	Ulemosaurus	91.83191671535768	85.15814087743871
0.0	Uniserium	31.18957428164082	30.263316
0.0	Uralocynodon	86.122512086043	85.44219945672836
0.0	Uralokannemeyeria	71.2275615877939	67.78688184192096
0.0	Urumchia	76.76846304252128	76.48713283491746
0.0	Ustia	86.94177756428215	86.18797176288145
0.0	Varanodon	94.59516662581291	93.55615232966483
0.0	Varanops	115.07066704652325	101.39390639669836
0.0	Varanosaurus	113.68431590245123	98.82045669134567
0.0	Vaughnictis	121.61298035867934	113.0127416188094
0.0	Venyukovia	91.50459180140071	90.53722124512255
0.0	Vetusodon	80.74145418709355	80.4135499889945
0.0	Viatkogorgon	89.25268600000001	85.41787973986995
0.0	Viatkosuchus	88.52327864432216	85.11271350275139
0.0	Vinceria	71.99538105602801	67.61322535617808
0.0	Vivaxosaurus	89.4262608114057	81.65772333366684
0.0	Wadiasaurus	69.36535088044022	68.95824452876438
0.0	Walteria	87.55255768684343	86.7268196638319
0.0	Wantulignathus	92.44472050225112	91.50681586443221
0.0	Watongia	93.58882021860931	92.60431713756878
0.0	Woutersia	32.6030703891946	27.3126091945973
0.0	Woznikella	60.815511615307656	53.66022800450225
0.0	Xiyukannemeyeria	72.39751708354177	61.649784987994
0.0	Xyrospondylus	130.6765824742371	128.50921335167584
0.0	Yikezhaogia	68.82604494947475	68.46337673536769
0.0	Zambiasaurus	69.58116959829916	69.18272644772387
