0.6968121308961345
0.6968121316821227
0.696812132569168
0.6968121334562156
0.696812134343266
0.6968121352303194
0.6968121361173754
0.6968121370044339
0.6968121378914952
0.6968121387785591
0.6968121396656255
0.6968121405526945
0.6968121414397663
0.6968121423268405
0.6968121432139169
0.6968121441009961
0.696812144988078
0.696812145875162
0.6968121467622485
0.6968121476493374
0.6968121485364287
0.6968121494235223
0.6968121503106183
0.6968121511977166
0.6968121520848171
0.69681215297192
0.6968121538590251
0.6968121547461322
0.6968121556332418
0.6968121565203536
0.6968121574074674
0.6968121582945831
0.6968121591817015
0.6968121600688212
0.6968121609559437
0.6968121618430677
0.6968121627301941
0.6968121636173222
0.6968121645044527
0.6968121653915845
0.6968121662787186
0.6968121671658545
0.6968121680529922
0.6968121689401321
0.6968121698272737
0.6968121707144169
0.6968121716015622
0.6968121724887089
0.6968121733758575
0.6968121742630076
0.6968121751501597
0.6968121760373135
0.6968121769244687
0.696812177811626
0.6968121786987844
0.6968121795859448
0.6968121804731063
0.6968121813602697
0.6968121822474344
0.6968121831346007
0.6968121840217681
0.6968121849089377
0.6968121857961078
0.6968121866832798
0.6968121875704533
0.6968121884576282
0.696812189344804
0.6968121902319814
0.6968121911191602
0.6968121920063405
0.6968121928935213
0.6968121937807036
0.6968121946678872
0.6968121955550717
0.6968121964422577
0.696812197329445
0.6968121982166325
0.696812199103822
0.6968121999910123
0.6968122008782041
0.6968122017653957
0.6968122026525891
0.6968122035397835
0.6968122044269787
0.696812205314175
0.6968122062013717
0.6968122070885696
0.6968122079757683
0.6968122088629678
0.6968122097501687
0.6968122106373693
0.6968122115245714
0.6968122124117739
0.6968122132989775
0.6968122141861813
0.6968122150733864
0.6968122159605915
0.6968122168477978
0.6968122177350042
0.6968122186222115
0.6968122195094193
0.6968122203966275
0.6968122212838365
nan
nan.1
nan.2
nan.3
nan.4
nan.5
nan.6
nan.7
nan.8
nan.9
nan.10
nan.11
nan.12
nan.13
nan.14
nan.15
nan.16
nan.17
nan.18
nan.19
nan.20
123
122
121
120
119
118
117
116
115
114
113
112
111
110
109
108
107
106
105
104
103
102
101
100
99
98
97
96
95
94
93
92
91
90
89
88
87
86
85
84
83
82
81
80
79
78
77
76
75
74
73
72
71
70
69
68
67
66
65
64
63
62
61
60
59
58
57
56
55
54
53
52
51
50
49
48
47
46
45
44
43
42
41
40
39
38
37
36
35
34
33
32
31
30
29
28
27
26
25
24
23
22
21
20
19
18
17
16
15
14
13
12
11
10
9
8
7
6
5
4
3
2
1
