0.7021791291715602
0.702179124256164
0.7021791187087707
0.7021791131613488
0.7021791076138986
0.7021791020664202
0.7021790965189137
0.7021790909713798
0.7021790854238181
0.7021790798762295
0.7021790743286143
0.7021790687809714
0.7021790632333027
0.7021790576856073
0.7021790521378862
0.7021790465901393
0.7021790410423666
0.7021790354945686
0.7021790299467459
0.702179024398898
0.7021790188510255
0.7021790133031287
0.7021790077552076
0.7021790022072628
0.7021789966592943
0.7021789911113022
0.7021789855632868
0.7021789800152488
0.7021789744671879
0.7021789689191045
0.7021789633709988
0.702178957822871
0.7021789522747215
0.7021789467265505
0.7021789411783582
0.7021789356301446
0.7021789300819105
0.7021789245336552
0.70217891898538
0.7021789134370849
0.7021789078887695
0.7021789023404342
0.7021788967920798
0.7021788912437059
0.7021788856953135
0.7021788801469021
0.7021788745984724
0.7021788690500241
0.7021788635015579
0.7021788579530742
0.7021788524045727
0.702178846856054
0.702178841307518
0.7021788357589654
0.7021788302103963
0.7021788246618109
0.7021788191132085
0.702178813564591
0.7021788080159574
0.7021788024673088
0.7021787969186449
0.7021787913699656
0.7021787858212725
0.7021787802725642
0.7021787747238416
0.702178769175105
0.7021787636263551
0.7021787580775912
0.7021787525288142
0.7021787469800242
0.7021787414312212
0.7021787358824055
0.7021787303335778
0.7021787247847378
0.7021787192358858
0.702178713687022
0.7021787081381471
0.7021787025892612
0.702178697040364
0.7021786914914562
0.7021786859425381
0.7021786803936093
0.7021786748446707
0.7021786692957223
0.7021786637467647
0.7021786581977971
0.702178652648821
0.7021786470998358
0.7021786415508423
0.7021786360018403
0.7021786304528304
0.7021786249038121
0.7021786193547864
0.7021786138057536
0.7021786082567133
0.7021786027076662
0.7021785971586121
0.7021785916095518
0.7021785860604853
0.7021785805114129
0.7021785749623342
0.7021785694132504
0.7021785638641613
0.7021785583150673
0.7021785527659682
0.7021785472168645
0.7021785416677566
0.7021785361186446
0.7021785305695285
0.702178525020409
0.702178519471286
0.7021785139221598
0.7021785083730308
0.702178502823899
0.7021784972747648
nan
nan.1
nan.2
nan.3
nan.4
nan.5
nan.6
nan.7
nan.8
123
122
121
120
119
118
117
116
115
114
113
112
111
110
109
108
107
106
105
104
103
102
101
100
99
98
97
96
95
94
93
92
91
90
89
88
87
86
85
84
83
82
81
80
79
78
77
76
75
74
73
72
71
70
69
68
67
66
65
64
63
62
61
60
59
58
57
56
55
54
53
52
51
50
49
48
47
46
45
44
43
42
41
40
39
38
37
36
35
34
33
32
31
30
29
28
27
26
25
24
23
22
21
20
19
18
17
16
15
14
13
12
11
10
9
8
7
6
5
4
3
2
1
0.6968121308961345
0.6968121316821227
0.696812132569168
0.6968121334562156
0.696812134343266
0.6968121352303194
0.6968121361173754
0.6968121370044339
0.6968121378914952
0.6968121387785591
0.6968121396656255
0.6968121405526945
0.6968121414397663
0.6968121423268405
0.6968121432139169
0.6968121441009961
0.696812144988078
0.696812145875162
0.6968121467622485
0.6968121476493374
0.6968121485364287
0.6968121494235223
0.6968121503106183
0.6968121511977166
0.6968121520848171
0.69681215297192
0.6968121538590251
0.6968121547461322
0.6968121556332418
0.6968121565203536
0.6968121574074674
0.6968121582945831
0.6968121591817015
0.6968121600688212
0.6968121609559437
0.6968121618430677
0.6968121627301941
0.6968121636173222
0.6968121645044527
0.6968121653915845
0.6968121662787186
0.6968121671658545
0.6968121680529922
0.6968121689401321
0.6968121698272737
0.6968121707144169
0.6968121716015622
0.6968121724887089
0.6968121733758575
0.6968121742630076
0.6968121751501597
0.6968121760373135
0.6968121769244687
0.696812177811626
0.6968121786987844
0.6968121795859448
0.6968121804731063
0.6968121813602697
0.6968121822474344
0.6968121831346007
0.6968121840217681
0.6968121849089377
0.6968121857961078
0.6968121866832798
0.6968121875704533
0.6968121884576282
0.696812189344804
0.6968121902319814
0.6968121911191602
0.6968121920063405
0.6968121928935213
0.6968121937807036
0.6968121946678872
0.6968121955550717
0.6968121964422577
0.696812197329445
0.6968121982166325
0.696812199103822
0.6968121999910123
0.6968122008782041
0.6968122017653957
0.6968122026525891
0.6968122035397835
0.6968122044269787
0.696812205314175
0.6968122062013717
0.6968122070885696
0.6968122079757683
0.6968122088629678
0.6968122097501687
0.6968122106373693
0.6968122115245714
0.6968122124117739
0.6968122132989775
0.6968122141861813
0.6968122150733864
0.6968122159605915
0.6968122168477978
0.6968122177350042
0.6968122186222115
0.6968122195094193
0.6968122203966275
0.6968122212838365
nan.9
nan.10
nan.11
nan.12
nan.13
nan.14
nan.15
nan.16
nan.17
nan.18
nan.19
nan.20
