clade	species	ts	te
0.0	Abyssomedon	111.3004831805903	110.88620589994999
0.0	Acadiella	57.19149617508754	55.5216532056028
0.0	Acaenasuchus	51.817371538269136	33.72212783941971
0.0	Acallosuchus	46.66726982291146	45.15721010155078
0.0	Acerosodontosaurus	80.08334168084042	79.9736332146073
0.0	Acleistorhinus	104.1071311645823	103.2754404122061
0.0	Acrodenta	81.93720983291645	81.81533606853428
0.0	Actiosaurus	30.11164632316158	29.06879128864432
0.0	Adamanasuchus	42.49644902701351	40.861587681840916
0.0	Adelosaurus	81.16743936568285	81.05998109004503
0.0	Aenigmasaurus	74.91795211805902	74.33192407403702
0.0	Aenigmaspina	57.015543702851424	55.38928042571286
0.0	Aenigmastropheus	81.27107165632816	81.16646151125562
0.0	Aetosauroides	59.67904346673337	34.63398372936469
0.0	Aetosaurus	51.56927567783892	33.47683512706353
0.0	Agkistrognathus	75.23670854227113	74.61648406603302
0.0	Agnosphitys	57.965614226113054	56.38512269884942
0.0	Alexeyisaurus	42.70431046723362	41.14078909354678
0.0	Alwalkeria	58.766127233616814	57.25352222011006
0.0	Amanasaurus	58.25912332366183	34.876860862931466
0.0	Ammorhynchus	72.32827693946975	69.81972017858931
0.0	Ammosaurus	26.4657394032016	24.430483220110055
0.0	Amotosaurus	72.26887308654328	68.70393622611306
0.0	Anarosaurus	71.74518771485744	67.71417664532267
0.0	Anchisauripus_Temperate_N	48.378460089544774	23.987050910955478
0.0	Anchisauripus_Tropical_N	50.65271761880941	23.99329843121561
0.0	Ancistronychus	48.010469689844925	46.43870193646823
0.0	Angistorhinus	62.02432047773887	36.36394009054528
0.0	Anisodontosaurus	72.08641494847423	62.748663648824405
0.0	Anomoepus_Temperate_N	26.361480618809406	24.376057597798898
0.0	Anomoepus_Tropical_N	47.381348189094545	24.057313919959977
0.0	Anomoiodon	72.3519055897949	68.51430035567783
0.0	Anshunsaurus	64.7836022316158	53.31862159929965
0.0	Anthodon	84.15240616708354	79.03736755027512
0.0	Anticheiropus	25.740557771385696	24.92900872736368
0.0	Apachesuchus	45.304111164082045	43.69332631815908
0.0	Apatopus_Temperate_N	57.8832919929965	56.18183888394197
0.0	Apatopus_Tropical_N	52.32605435367684	26.793154505252627
0.0	Apatopus_Tropical_S	57.856455595297646	56.243927141570786
0.0	Apatosuchus	40.85539340870435	39.20815437168585
0.0	Aphelosaurus	121.02456264532266	120.06549504102051
0.0	Araeoscelis	114.73210351525763	97.96119323611805
0.0	Archeopelta	65.0245548524262	64.19418228964483
0.0	Archosaurus	84.90200420160079	81.65253849224614
0.0	Arcticodactylus	44.19014644572287	42.69755481790895
0.0	Arganaceras	82.23785828514258	82.08784379189595
0.0	Arganasuchus	58.842488393196604	52.14040087293647
0.0	Argoides	26.55870328014007	24.50192904852426
0.0	Arizonasaurus	72.13606985992996	69.92826607953977
0.0	Asilisaurus	72.1911325677839	66.94874492296147
0.0	Askeptosaurus	69.10018387043522	60.877627981490754
0.0	Asperoris	70.7723893971986	70.07417666933466
0.0	Asylosaurus	33.54453166533267	26.474645299149575
0.0	Atopodentatus	69.93140667583792	68.79698598949474
0.0	Atreipus_Temperate_N	58.64078650825413	57.041992461730864
0.0	Atreipus_Tropical_N	56.835037991495746	40.151735867433715
0.0	Augustaburiania	75.50782198849426	72.05734785492746
0.0	Augustasaurus	68.27033252976487	67.5600500410205
0.0	Australothyris	86.90088359529766	86.52108212206103
0.0	Austriadactylus	39.6066733941971	34.40043003801901
0.0	Austriadraco	36.71494557428714	35.27360814607304
0.0	Avalonnectes	25.727166628814405	24.91643291695848
0.0	Avicranium	29.544599832416207	28.508085243121563
0.0	Azendohsaurus	57.24825887543771	55.53283348824412
0.0	Baeotherates	111.75413131265633	111.47922081140571
0.0	Baisesaurus	73.565005018009	72.9360216248124
0.0	Barasaurus	85.14436097798898	73.60373919959981
0.0	Barberenasuchus	64.87304645572786	64.0873451705853
0.0	Barracudasauroides	71.66228793396698	67.00466526763381
0.0	Barracudasaurus	72.01191788444221	66.88909594347173
0.0	Barrancapus	48.058047175587795	46.52434628414208
0.0	Bashkyroleter	97.4168456128064	89.45185893846923
0.0	Batrachopus_Temperate_N	71.69893050975487	26.483926348674338
0.0	Batrachopus_Tropical_N	40.04827083391695	24.146634416708352
0.0	Batrachotomus	64.91848611455728	61.314341185592795
0.0	Belebey	95.09402892496249	89.27997359329665
0.0	Benggwigwishingasuchus	70.6066568284142	69.87129602751375
0.0	Bentonyx	70.74744113456728	70.03709319759881
0.0	Bergamodactylus	40.43775852676338	38.8504877843922
0.0	Besanosaurus	66.40577465782893	65.63910099349675
0.0	Blezingeria	69.07097771035517	68.36458511305652
0.0	Blomosaurus	76.77147057378689	76.35111417458731
0.0	Bobosaurus	61.09685740670335	59.7779427733867
0.0	Bolosaurus	120.39324690745373	101.67838403201601
0.0	Boreopricea	75.47438491545773	72.91075657628815
0.0	Brachychirotherium_Temperate_N	59.06979751675838	57.63216843621811
0.0	Brachychirotherium_Tropical_N	56.82910332066033	28.36244078089045
0.0	Brachychirotherium_Tropical_S	58.65308283791896	53.16017863181591
0.0	Bradysaurus	89.54592815457728	83.92067192746373
0.0	Brasinorhynchus	65.94375531615808	62.07529705352676
0.0	Brazilosaurus	115.78166230165084	107.92702078689344
0.0	Bromsgroveia	72.01209596298148	67.09638625062532
0.0	Broomia	88.00995688744372	84.69079774887445
0.0	Bunostegos	77.77711687443721	77.6244973411706
0.0	Buriolestes	60.096267668834415	34.933616447723864
0.0	Bystrowisuchus	75.02863414707355	74.39476616408203
0.0	Callawayia	47.04150111705853	36.4536935997999
0.0	Calyptosuchus	59.01733172086043	33.32915652476238
0.0	Camelotia	33.10682129764882	27.975685818409204
0.0	Camposaurus	43.438802506253126	41.91685818059029
0.0	Candelaria	66.99862034967484	61.05400377438719
0.0	Captorhinikos	108.26989727213608	98.21338963731866
0.0	Captorhinoides	105.94724576188094	99.60868826863431
0.0	Captorhinus_Temperate_S	81.34229029064534	81.23258349324662
0.0	Captorhinus_Tropical_N	111.96634408454229	97.83435151975989
0.0	Captorhinus_Tropical_S	115.50835621710854	99.34628316308155
0.0	Cargninia	42.95655395697848	41.414870522761376
0.0	Carnufex	56.923411415707854	55.361949220610306
0.0	Cartorhynchus	73.384081947974	72.72029398949475
0.0	Caseosaurus	40.68333433916959	39.129650523261624
0.0	Caviramus	32.249930149074544	31.104491538269134
0.0	Ceresiosaurus	67.20256146873437	62.145521580790394
0.0	Chalishevia	67.06996568284141	61.241903039519755
0.0	Chanaresuchus	66.84603263881941	61.58982505452727
0.0	Chaohusaurus	75.33168251575788	66.69343706253126
0.0	Chasmatosuchus	76.80597611905954	72.1531315777889
0.0	Chelyoposuchus	30.123721867933966	29.07212488544272
0.0	Chinchenia	65.74044754277139	64.9200003721861
0.0	Chindesaurus	51.600712234617305	36.10689294897448
0.0	Chinshakiangosaurus	25.65313147773887	24.853920757378688
0.0	Chirotherium_Temperate_N	60.70799894497249	27.69304382691346
0.0	Chirotherium_Temperate_S	66.18707843871937	62.30210054527263
0.0	Chirotherium_Tropical_N	77.23042802951475	36.18343220710355
0.0	Chromogisaurus	59.04458715307654	57.483298632816414
0.0	Clarazia	68.564457008004	67.89567333566782
0.0	Claudiosaurus	84.92940998949476	76.11225561330664
0.0	Clevosaurus_Temperate_N	62.03174982591296	24.1923898014007
0.0	Clevosaurus_Temperate_S	58.56965702851426	33.63947175437718
0.0	Coahomasuchus	58.80578633016508	42.03877450875438
0.0	Coartaredens	71.83833682191096	67.30937983191595
0.0	Coburgosuchus	46.74436935817909	45.19255500550275
0.0	Coelodontognathus	75.33761088244121	71.90059915657828
0.0	Coelophysis_Tropical_N	53.12136869034518	24.986350036518257
0.0	Coelophysis_Tropical_S	42.21837853926964	40.73521369134567
0.0	Coelurosauravus_Temperate_N	81.97683330465233	81.87266534467233
0.0	Coelurosauravus_Temperate_S	83.09999348124062	77.45269051375688
0.0	Coelurosaurichnus_Temperate_N	71.56497349774888	27.502789379189593
0.0	Coelurosaurichnus_Tropical_N	71.38697315907955	36.37681048474237
0.0	Coelurosaurichnus_Tropical_S	58.67016039569785	53.94517952726363
0.0	Coletta	74.36544313156578	73.71426376988494
0.0	Collilongus	74.45162919259629	73.83830425112556
0.0	Colobomycter	115.02871660480241	109.47661492696348
0.0	Colobops	42.56097101250625	41.011543948974484
0.0	Coloradisaurus	48.19439231415707	36.47571646973486
0.0	Coloradisuchus	42.974341476238116	41.358531349674834
0.0	Concavispina	56.68067707953978	54.91211079189595
0.0	Contectopalatus	68.1733501925963	67.46832397298651
0.0	Corosaurus	73.82935581490746	72.07764840770383
0.0	Cosesaurus	63.562697569284644	62.649505730865435
0.0	Crosbysaurus	52.844233575287646	33.89281277488745
0.0	Ctenosauriscus	73.60030999449724	72.94531044572285
0.0	Cyamodus	71.64182629564783	52.780302742371184
0.0	Cymatosaurus	71.9780828064032	67.335235036018
0.0	Cymbospondylus_Temperate_N	70.34123574637317	61.075060742871436
0.0	Cymbospondylus_Tropical_N	74.46508877188595	62.618626284642325
0.0	Czatkowiella	74.35013116558278	73.70603529064532
0.0	Dactylosaurus	72.10553385692846	67.36137867933967
0.0	Daemonosaurus	30.773817822411207	29.67069871835918
0.0	Dagasuchus	59.067713709354685	57.5448481865933
0.0	Dawazisaurus	69.16038351025512	68.47384117208604
0.0	Decuriasuchus	68.96837537468734	61.34065178089045
0.0	Delatorrichnus	25.700451087043522	24.87441810805403
0.0	Delorhynchus	114.04682326463232	108.73715014157078
0.0	Deltadectes	45.462777370685345	28.66605935717859
0.0	Deltavjatia	89.62605488794397	84.6436050290145
0.0	Desmatosuchus	58.617508690845426	33.86696056528264
0.0	Diandongosaurus	69.57812149724863	68.86708391045522
0.0	Diandongosuchus	64.60135392646322	63.756944294647326
0.0	Dianmeisaurus	70.27467771285643	67.96451870385192
0.0	Dianopachysaurus	69.61915963581791	68.91296897198599
0.0	Dimetropus	115.6035952226113	108.09744309504751
0.0	Dimorphodon	25.88678828664332	25.044279336168085
0.0	Dinocephalosaurus	69.92561290045022	68.62307649024513
0.0	Diphydontosaurus_Temperate_N	61.9065833811906	26.606078020010003
0.0	Diphydontosaurus_Tropical_N	40.44221997748873	38.85757376688344
0.0	Diphydontosaurus_Tropical_S	45.278276292646325	43.69700876888444
0.0	Dolabrosaurus	41.050913717358675	39.56616756278139
0.0	Dolerosaurus	55.282356337168586	53.42343223811906
0.0	Dolichobrachium	58.83225824212106	57.30533226163082
0.0	Doliovertebra	70.4359406558279	69.73477505852927
0.0	Dongusuchus	70.98409467683842	67.14125348124064
0.0	Dorosuchus	70.98174743671836	68.08972648374188
0.0	Doswellia	62.51082210255128	35.47986184692346
0.0	Dracoraptor	25.85521765132566	25.042973213606803
0.0	Drepanosaurus_Temperate_N	41.13601464682342	39.54053676088044
0.0	Drepanosaurus_Tropical_N	48.891359913456725	28.012003382691347
0.0	Dromomeron_Temperate_S	44.288739606803404	42.70890014257129
0.0	Dromomeron_Tropical_N	50.4349120190095	28.049338953976985
0.0	Dromomeron_Tropical_S	50.61780401550776	34.85398509754877
0.0	Dyoplax	57.160178963981984	55.52881957478739
0.0	Ebrachosuchus	58.3624832036018	56.83535263531766
0.0	Effigia	33.69269267033516	26.862558860430212
0.0	Efraasia	44.32225781890946	36.46720085942971
0.0	Eifelosaurus	71.0410904402201	70.33842933416709
0.0	Elachistosuchus	30.493319736868436	29.44795526463232
0.0	Elessaurus	74.25843505752877	73.65235363581792
0.0	Elginia	82.17388240470235	76.31101003451727
0.0	Embrithosaurus	89.3509382206103	84.66882094047023
0.0	Emeroleter	89.59513826613306	84.92882024012006
0.0	Endennasaurus	40.39531436268134	38.74764539869935
0.0	Energosuchus	66.42287889744873	61.57132131715858
0.0	Eodromaeus	56.14814124662331	54.39116911505753
0.0	Eohupehsuchus	73.31069309754876	72.6441694202101
0.0	Eohyosaurus	71.34224575537769	67.41616363031515
0.0	Eomurruna	76.88366056128064	76.06321491995998
0.0	Eoplesiosaurus	25.68498653026513	24.892944136568282
0.0	Eoraptor	60.58124935717859	54.39093487643822
0.0	Eorasaurus	87.39706853876939	87.02327855927963
0.0	Eorhynchochelys	56.82972727113556	55.15761573886944
0.0	Eosauropus_Temperate_N	50.19914592846423	38.367740766383186
0.0	Eosauropus_Tropical_N	50.57033302301151	34.82683946623311
0.0	Eretmorhipis	65.77176838769385	65.02640548874437
0.0	Erpetosuchus	43.44242660630315	41.940762571285646
0.0	Erythrosuchus	72.0495355637819	67.11259561430717
0.0	Erythrovenator	58.590779158079044	56.96684956278139
0.0	Eshanosaurus	25.70159934567284	24.880788749874934
0.0	Eubrontes_Temperate_N	51.80829880540271	24.225726169084542
0.0	Eubrontes_Tropical_N	51.070557610805395	24.20880619809905
0.0	Eucoelophysis	47.0133022036018	27.49140340170085
0.0	Eudibamus	111.86876814707354	111.60981910505252
0.0	Eudimorphodon	45.01741809654827	26.1696204012006
0.0	Eumetabolodon	74.41703587243622	67.60221832966484
0.0	Eunotosaurus	89.50389085342673	84.72298284142072
0.0	Euparkeria	71.78121873336669	66.97710361530767
0.0	Eurhinosaurus	25.82338166733367	25.008652997498753
0.0	Eurycleidus	26.079037194097047	25.254219638319157
0.0	Eusaurosphargis	71.70940283441722	63.495594795897944
0.0	Euscolosuchus	59.064616561280644	57.52314878089045
0.0	Evazoum	57.89425701550775	27.969403375187596
0.0	Fasolasuchus	44.146537792896446	42.57784205052526
0.0	Faxinalipterus	46.22927964332167	36.58699854827413
0.0	Feeserpeton	111.27247441570786	110.93694937368684
0.0	Feralisaurus	70.286767064032	69.56824852826414
0.0	Fodonyx	72.25748553276637	66.95959435817909
0.0	Fraserosphenodon_Temperate_N	57.78621856728364	56.01746163531766
0.0	Fraserosphenodon_Tropical_S	42.616794835417714	41.099381049024515
0.0	Fraxinisaura	63.81444669634817	62.992687023511756
0.0	Fugusuchus	71.6528317663832	70.96469124762379
0.0	Fuyuansaurus	64.57081884042022	63.78106251875938
0.0	Galesphyrus	83.08839775037518	80.20308041020509
0.0	Gamatavus	66.41120278589295	62.49220748074037
0.0	Gansurhinus	96.72663554277138	80.42405631065532
0.0	Garjainia_Temperate_N	75.33745135967985	72.07789360230116
0.0	Garjainia_Temperate_S	76.13652599649824	71.99449735117558
0.0	Garzapelta	43.6836223761881	42.12825665332666
0.0	Gecatogomphius	100.22243590495248	93.58335268034016
0.0	Gephyrosaurus	32.575443229114555	27.425968820910455
0.0	Glaurung	81.02484694197098	80.91781009854927
0.0	Glyphoderma	63.87118748074037	62.948635239619804
0.0	Gnathovorax	58.110719635317665	42.1459856308154
0.0	Gojirasaurus	43.26808069184592	41.70768548924462
0.0	Gomphiosauridion	56.83558265282642	55.183178516258124
0.0	Gorgetosuchus	58.03636611905953	56.50021282841421
0.0	Gracilisuchus	66.24345240720359	61.76183133166583
0.0	Grallator_Temperate_N	58.84891198699349	23.982350922961484
0.0	Grallator_Temperate_S	58.27022401750875	39.95882076338169
0.0	Grallator_Tropical_N	59.33257664282141	24.24568529264632
0.0	Graoullyodon	31.781474658329167	30.649048062531268
0.0	Gregaripus	52.62866037418709	37.66257282441221
0.0	Gresslyosaurus	48.04853073386694	33.01581706703352
0.0	Grippia	75.72695112706353	72.1979576248124
0.0	Guaibasaurus	51.46961525162582	33.59521684342171
0.0	Gualosuchus	66.32364588294146	62.256078247123554
0.0	Guanlingsaurus	58.42125576688344	52.600944738369186
0.0	Guchengosuchus	70.18778295097549	69.48414886993496
0.0	Guizhouichthyosaurus	66.02554968384192	52.108178046523264
0.0	Gulosaurus	75.99444527363681	74.05318626713357
0.0	Gunakadeit	42.6112518124062	41.08434662431216
0.0	Gwyneddichnium	50.73664391045523	26.738737294147075
0.0	Gyposaurus	26.57100591795898	24.700910741870935
0.0	Halazhaisuchus	70.10230678239118	69.40088570235119
0.0	Haligonia_Temperate_N	32.669852639319664	27.632986263631814
0.0	Haligonia_Tropical_N	57.41915954877439	55.699427931965985
0.0	Hanosaurus	74.73340340370184	74.10490593446724
0.0	Helcura	26.552289153576787	24.6388988094047
0.0	Helveticosaurus	67.10972948274137	66.43888137668833
0.0	Hemilopas	73.4449544422211	67.85714896848422
0.0	Hemiprotosuchus	48.81231944322162	38.31780517458729
0.0	Heptasuchus	57.41356009104552	55.77196232516258
0.0	Herrerasaurus	61.49639493396698	52.03392175337669
0.0	Hescheleria	68.04497164832416	67.35666771785893
0.0	Hesperosuchus	51.23722899549775	27.46869863731866
0.0	Heterodontichnites	58.718013156578294	39.930119270635316
0.0	Heteropelta	70.12437558129064	69.42432546673336
0.0	Himalayasaurus	40.612403749874936	39.037814195097546
0.0	Hispaniasaurus	64.93469249424712	64.17783391595798
0.0	Honghesaurus	69.54645092796399	68.84532023011506
0.0	Horaffia	65.05787470185092	61.272311581290644
0.0	Hovasaurus	84.6007094602301	74.89887069684842
0.0	Howesia	70.78492541470735	68.05813354627314
0.0	Hudsonelpidia	43.262684252626315	41.598284013506756
0.0	Hupehsuchus	75.78149563731867	62.75171987993998
0.0	Hwiccewyrm	61.51588814807404	52.27217708254127
0.0	Hyloidichnus	81.41851332966482	76.38168006853427
0.0	Hyperodapedon_Temperate_S	61.64108243921961	33.36212128164082
0.0	Hyperodapedon_Tropical_N	59.812015795397706	53.90937328164082
0.0	Hypselorhachis	69.95898989544773	69.2310358144072
0.0	Hypsognathus_Temperate_N	29.87879272086043	28.889141179089545
0.0	Hypsognathus_Tropical_N	58.39741309704852	28.106794290645322
0.0	Hypuronector	46.544672511755884	35.865798991495744
0.0	Icarosaurus	44.697964008004	43.18443810455228
0.0	Ichthyosaurus_Temperate_N	33.48601424362182	24.299077483741872
0.0	Ichthyosaurus_Tropical_N	50.36741914057028	34.28321304102051
0.0	Ichthyotitan	30.586757378189095	29.487885768884443
0.0	Idiosaura	58.7632551945973	57.23093627663832
0.0	Ignotosaurus	57.36778609904952	55.68924595947974
0.0	Incertovenator	56.15613641270636	54.57846694897449
0.0	Ingentia	44.16478296298149	42.652960321660835
0.0	Isfjordosaurus	73.50483219109555	72.83672909604803
0.0	Ixalerpeton	61.41300799949975	38.92969123511755
0.0	Jaklapallisaurus	42.89853293346673	41.44415624212106
0.0	Jaxtasuchus	64.74054386193097	61.38773386893446
0.0	Jesairosaurus	70.89221269684842	70.21069831415707
0.0	Jingshanosaurus	26.768267927463732	24.253880253626814
0.0	Jushatyria	69.8887138134067	69.16608513506755
0.0	Kadimakara	76.8597688014007	76.06858327313657
0.0	Kalisuchus	76.64618674887444	76.15101973286643
0.0	Kapes_Temperate_N	76.26759205802901	68.90606956628315
0.0	Kapes_Tropical_N	71.78682805952977	67.9048253871936
0.0	Kayentapus_Temperate_N	26.528976851925965	24.328394181090545
0.0	Kayentapus_Tropical_N	53.16887103551776	24.649091101550777
0.0	Keichousaurus	74.57318863181591	60.948306491245624
0.0	Kholumolumo	52.67234643421711	34.309406981990996
0.0	Kinelia	83.06596575887944	82.93581769734867
0.0	Kintneria	49.30307628164082	34.7896451755878
0.0	Kitchingnathus	74.87316344822412	74.22752397948975
0.0	Kocurypelta	41.609847506753376	40.02584422961481
0.0	Koiloskiosaurus	71.77281008354177	71.08932345472736
0.0	Komlosaurus	26.63177555727864	24.308002236118057
0.0	Krzyzanowskisaurus	60.50753347523762	34.82198384442221
0.0	Kudnu	76.89444052676338	75.95862980990496
0.0	Kuehneosaurus	61.84085859029515	29.10238530715358
0.0	Kuehneosuchus	30.654390678839423	29.608898740870437
0.0	Kuruxuchampsa	57.00914928864432	55.38882030765382
0.0	Kwangsisaurus	75.918685929965	72.59270514107054
0.0	Labidosaurikos	107.95807451775887	98.17284219709856
0.0	Labidosauriscus	115.03129557228615	108.17798762381192
0.0	Labidosaurus	108.22525008354177	98.19594696648323
0.0	Lagerpeton	67.15092593446724	62.03695464132066
0.0	Lanceirosphenodon	42.615064790395195	41.02196569984993
0.0	Langeronyx	72.21804744222112	64.84403586193096
0.0	Langobardisaurus	42.30522160130065	33.97722209904952
0.0	Lanthaniscus	95.61588010355177	90.97180519009504
0.0	Lanthanolania	92.74668636118061	92.10312478589294
0.0	Lanthanosuchus	88.10540213606805	87.67761283891944
0.0	Laquintasaura	25.794162446223112	24.96461616058029
0.0	Largocephalosaurus	70.07263137968984	68.68488844072036
0.0	Lariosaurus	74.28736100850425	61.06992450375188
0.0	Lasasaurus	75.41150497048524	74.81298490095048
0.0	Lavinipes	26.108331022011004	24.52984171685843
0.0	Lepidus	43.00303842471236	41.45116722811405
0.0	Leptonectes	26.485118504752375	24.707070493746876
0.0	Leptosuchus	52.515340664332165	33.3861249829915
0.0	Lessemsaurus_Temperate_S	52.340763763881945	33.79542210655328
0.0	Lewisuchus	66.70154342321162	54.69960983241621
0.0	Libognathus	42.189035814407205	40.64414105452726
0.0	Liliensternus	51.4277834392196	28.471792334167084
0.0	Lindwurmia	25.955967243121563	25.131340436218107
0.0	Litorosuchus	65.11857177588794	64.33915588044022
0.0	Lophostropheus	31.013083243621814	29.888256179089545
0.0	Lotosaurus	72.32574667883942	67.06690012556278
0.0	Lucasuchus	60.617371705352674	52.24623077788894
0.0	Lucianosaurus	43.85847059779889	42.27542782741371
0.0	Lucianovenator	44.52795208904452	42.990932287143565
0.0	Lufengosaurus	26.596732891445722	24.39581370435218
0.0	Lukousaurus	26.311305985993	24.53119025412707
0.0	Luopingosaurus	69.71645639869936	68.9993271975988
0.0	Luperosuchus	66.01789209254628	62.60682606253126
0.0	Macgowania	44.835323542771384	35.46332531615807
0.0	Machaeroprosopus	52.40757753126563	26.31286463431716
0.0	Macrocnemus	71.96854615507755	61.29861261430715
0.0	Macrocollum	49.79360209954977	36.00510147873938
0.0	Macroleter_Temperate_N	96.65219755327665	89.59929884642321
0.0	Macroleter_Tropical_N	92.97973413656828	92.36998438019009
0.0	Macroplacus	31.888323793896944	30.731525067533767
0.0	Macroplata	26.06494201150575	25.237347880440222
0.0	Maehary	49.5445932076038	38.017324959979995
0.0	Majiashanosaurus	74.06370564532266	73.4078156438219
0.0	Malerisaurus	46.249325427213606	36.15208648724362
0.0	Malutinisuchus	65.9546093731866	61.61633705852927
0.0	Mambawakale	69.48456650625313	68.78688013056528
0.0	Mandaphon	70.17061955027513	69.48343245922963
0.0	Mandasuchus	71.95924318359181	67.17612397999001
0.0	Marasuchus	67.29334372486242	61.52359216408204
0.0	Marcianosuchus	71.2501211745873	70.55531664182092
0.0	Massospondylus	58.96285826963482	57.4798256038019
0.0	Mbiresaurus	60.80880012556278	53.020974574287145
0.0	Megachirella	68.76935820560281	68.04406853126564
0.0	Megalancosaurus	42.575189523261635	34.10971353076538
0.0	Megalosauripus	25.995004977988998	25.20135035967984
0.0	Megalosaurus	29.372545113056525	28.391575221110553
0.0	Megapnosaurus	25.710616089544775	24.858088324162082
0.0	Mehliella	59.40625605952977	57.965301611805906
0.0	Melanorosaurus	43.697564549774896	42.08832204202101
0.0	Merriamosaurus	73.44744084642322	72.81218755777888
0.0	Mesodapedon	69.29084205852926	68.58115031015508
0.0	Mesosaurus_Antarctic	114.9207993651826	108.13205677688846
0.0	Mesosaurus_Temperate_S	115.45402759729866	108.23677733166583
0.0	Mesosuchus	72.09680358379191	67.18536475987995
0.0	Metamosaurus	111.5384478554277	111.23811057928965
0.0	Metashastasaurus	49.02050833066532	34.677597051525765
0.0	Microcnemus_Temperate_N	76.8754181745873	72.20789084142072
0.0	Microleter	111.53535159779891	111.22021850375188
0.0	Micromenodon	55.34563621810906	53.626237338169084
0.0	Microsphenodon	49.66769989944973	37.20153837018509
0.0	Mikadocephalus_Temperate_N	64.0558545977989	63.19847571585793
0.0	Mikadocephalus_Tropical_N	68.07018449474737	67.32965250275137
0.0	Milleretta	84.78581197748875	75.80299973786894
0.0	Millerinoides	80.34218498849425	80.2154792266133
0.0	Milleropsis	84.29321642871436	76.28592650725362
0.0	Millerosaurus	83.66024112756378	77.68242181540771
0.0	Miodentosaurus	59.93572969534767	54.097807272136066
0.0	Mixosaurus	72.0569090050025	62.42110663281641
0.0	Moradisaurus	81.77742205502751	75.86887932016008
0.0	Mystriosuchus_Temperate_N	51.748101109554774	24.50580443121561
0.0	Mystriosuchus_Tropical_N	42.59126613656829	34.02268837518759
0.0	Nambalia	48.77831108804402	34.74665006153077
0.0	Nanchangosaurus	74.07400392946474	65.04425707403702
0.0	Nanoparia	83.36087044672337	80.40098859729865
0.0	Neoaetosauroides	52.33467438619309	33.596393451225616
0.0	Neoprocolophon	69.58992392046024	68.89066978589295
0.0	Neusticosaurus	71.36367217208604	61.34751009104552
0.0	Nhandumirim	48.963692754377185	37.39291140170085
0.0	Nicrosaurus_Temperate_N	51.5960654052026	33.99460309854927
0.0	Nicrosaurus_Tropical_N	45.16607253826914	43.60766758079039
0.0	Nochelesaurus	89.07503190695348	84.9024665757879
0.0	Notatesseraeraptor	43.01803472236118	41.43384826413207
0.0	Noteosuchus	76.65060271435718	76.16839247173586
0.0	Nothosaurus_Temperate_N	72.38738299699851	28.831459155577793
0.0	Nothosaurus_Tropical_N	71.22217888244123	61.32205960430215
0.0	Nothosaurus_Tropical_S	73.53038261530764	63.65608681790895
0.0	Nundasuchus	70.8940202106053	70.18256299949975
0.0	Nyasasaurus	71.76823409754877	67.98034314907454
0.0	Nycteroleter	95.04045918209106	91.0316707833917
0.0	Nyctiboetus	104.9896564252126	93.86226508954476
0.0	Nyctiphruretus	98.47140746723362	85.28695731115558
0.0	Obirkovia	86.99371913906954	82.79109761530765
0.0	Odontochelys	57.45177000350175	52.67282189044522
0.0	Omphalosaurus_Temperate_N	74.10860882141071	62.20802862831415
0.0	Omphalosaurus_Tropical_N	73.98856232016007	62.99788418209104
0.0	Opisthodontosaurus	115.64060467833916	108.26148555627815
0.0	Orenburgia	76.04384878189096	72.22694761930966
0.0	Orovenator	112.84709182141071	108.90345647973987
0.0	Oryctorhynchus	60.27748617608804	54.83045368134067
0.0	Oryporan	75.86483361380691	73.27346958729365
0.0	Osmolskina	74.59578602651327	73.96711642971485
0.0	Otozoum	41.861379646823416	40.26970721710856
0.0	Owenetta	84.88776966783391	73.71851476938468
0.0	Ozimek	58.185103096548275	52.94806756678339
0.0	Pachypes	78.3066967503752	78.20254866783392
0.0	Pachypleurosaurus	68.38440295147574	61.64603421710855
0.0	Pachystropheus	33.508245151075535	27.120792240620307
0.0	Palacrodon_Temperate_S	75.13826389694847	68.99550893396697
0.0	Palacrodon_Tropical_N	46.151115676838415	34.59644157478739
0.0	Palaeagama	77.84367290895446	77.64402347273636
0.0	Palaeochersis	50.102420599799906	37.663547372186095
0.0	Palaeosaurus	57.25317286143071	55.70797953526763
0.0	Palatodonta	70.19724596948474	69.52209951025513
0.0	Paleollanosaurus_Temperate_N	30.03669516408204	28.99291271085543
0.0	Paleollanosaurus_Tropical_S	41.40196335267634	39.85013158429214
0.0	Paliguana	74.13483205602802	73.4862831735868
0.0	Pamelaria	71.76401826863432	67.05368542371185
0.0	Pamelina	74.40993824762381	73.77016717808904
0.0	Pampadromaeus	58.72448277788895	39.03121164532266
0.0	Panguraptor	25.691605402701352	24.846519049524762
0.0	Panphagia	56.50584087843922	54.842931002001
0.0	Pantydraco	58.88367964182091	57.357951448224114
0.0	Panzhousaurus	69.5199516298149	68.81732392146074
0.0	Pappochelys	64.18337163881941	63.4566226068034
0.0	Parabrontopodus_Temperate_N	26.45030072586293	24.414423603801904
0.0	Parahupehsuchus	73.16285915057529	72.52362872336168
0.0	Paralonectes	76.02380948524262	64.79043887543773
0.0	Paraplacodus	72.51743078489244	61.74028639369685
0.0	Pararcus	69.98737952476237	69.28125339169584
0.0	Parasaurus	84.55600161230615	79.5368508094047
0.0	Parasuchus_Temperate_N	75.96902060380191	51.56264350475237
0.0	Parasuchus_Temperate_S	60.71331387393697	54.46207263331665
0.0	Parasuchus_Tropical_N	60.982266225112554	42.4725496238119
0.0	Parasuchus_Tropical_S	50.9391824212106	39.821041993997
0.0	Paratypothorax_Temperate_N	51.35539282591296	34.922339380690346
0.0	Paratypothorax_Tropical_N	52.10487077338669	33.80148888544272
0.0	Paratypothorax_Tropical_S	45.342586250125066	43.831050993997
0.0	Pareiasaurus	89.08236758629315	76.85821276188095
0.0	Pareiasuchus	88.27916550475237	79.02012929864931
0.0	Parringtonia	69.4532313911956	68.76530995597798
0.0	Partanosaurus	64.73684525312656	64.0016623911956
0.0	Parvinatator	70.58742424312156	69.9096241755878
0.0	Parvosuchus	64.48591647173586	63.695804883441724
0.0	Pectodens	69.74165351775888	69.0243428484242
0.0	Pelecymala	60.35583446623313	52.71195547773887
0.0	Pendraig	57.73908419159579	56.01891379789895
0.0	Pentaedrusaurus	72.03924335317659	71.37860625062531
0.0	Permotriturus	89.35041918209104	88.82511724662331
0.0	Pessopteryx	73.81219388594296	68.69580795447723
0.0	Peteinosaurus	41.70760892146073	37.49210899149575
0.0	Phaanthosaurus	76.92089876888444	76.0845747933967
0.0	Phalarodon_Temperate_N	76.33568492296148	66.02833628214108
0.0	Phalarodon_Tropical_N	71.2870708004002	64.69111278489245
0.0	Phantomosaurus	69.58491592346174	68.85398781840921
0.0	Phonodus	76.59996745222611	76.11042039369684
0.0	Pisanosaurus	57.72828403451725	55.92497752876438
0.0	Pistosaurus	71.25229468034017	61.70361831815907
0.0	Placochelys	61.44762853876938	38.57024483491746
0.0	Placodus_Temperate_N	71.95680451325661	61.67622145172586
0.0	Placodus_Tropical_N	70.77436105052526	68.2456605937969
0.0	Placodus_Tropical_S	72.86381112856428	64.10968364882442
0.0	Planocephalosaurus_Temperate_N	62.25407817208605	27.609925622311156
0.0	Planocephalosaurus_Tropical_S	40.95840813556778	39.35749273236618
0.0	Plateosauravus	51.10549316458229	34.80752054777388
0.0	Plateosaurus_Temperate_N	52.1584770050025	25.183860794397198
0.0	Plateosaurus_Temperate_S	50.198460311155586	35.000765771885945
0.0	Platypterna	45.27328330615308	24.005123101550776
0.0	Plectropterna	26.605569004002003	24.332600906953477
0.0	Plesiornis	26.00518862981491	25.174152609304652
0.0	Plesiosaurus	33.32231986493247	24.59924074137069
0.0	Polesinesuchus	58.25880366383192	56.717137108554276
0.0	Polonosuchus	55.0742438184092	53.35016791345673
0.0	Polymorphodon	64.17079147623812	63.373744188094044
0.0	Poposaurus	60.8216889629815	28.408088756378188
0.0	Postosuchus	57.814008951975985	26.795608918959477
0.0	Powellvenator	45.12678106753376	43.54702014007003
0.0	Pravusuchus	42.937253427213605	41.39149202351176
0.0	Preondactylus	41.831305479239624	34.90664353326663
0.0	Prestosuchus	67.07644193196597	56.30356966583292
0.0	Procerosuchus	65.04043542571286	64.30739491495748
0.0	Procolina	74.59745216308154	73.95360918209106
0.0	Procolophon	76.86200148624313	72.03388830265133
0.0	Procolophonichnium_Temperate_N	70.82378441670835	68.12101486093046
0.0	Procolophonichnium_Temperate_S	75.04637775237619	74.43336528264132
0.0	Procompsognathus	40.52785528014006	38.975430220110056
0.0	Proganochelys_Temperate_N	51.82279815457729	28.04963075437719
0.0	Proganochelys_Tropical_N	41.85301599349674	40.38057548424213
0.0	Prolacerta	76.83323667733866	72.44997560730366
0.0	Prolacertoides	76.73073027713858	76.30980116708353
0.0	Prosantosaurus	66.156210993997	65.46999690145073
0.0	Prosaurosphargis	73.2128267673837	72.58098960230114
0.0	Protanystropheus	71.57761674487243	68.3600592006003
0.0	Protecovasaurus	51.06072433766883	35.44197436218109
0.0	Protenodontosaurus	60.66739231765882	59.21428183591796
0.0	Proteosaurus	26.29628107553777	24.686564762881442
0.0	Proterochampsa	57.150929806403205	55.47385915857929
0.0	Proterochersis	50.1512483821911	35.016588939969985
0.0	Proterosuchus_Temperate_N	76.85475629414707	76.11277374837418
0.0	Proterosuchus_Temperate_S	76.85455831065534	72.09608969634819
0.0	Protoavis	51.3398785977989	35.45989877188594
0.0	Protocaptorhinus	114.19834616308152	108.36112222561279
0.0	Protoichthyosaurus	26.108813493746872	25.30275934817409
0.0	Protome	39.78312607303652	38.2803887923962
0.0	Protorosaurus	84.87223233666833	79.04298933566784
0.0	Protorothyris	123.98752261230617	118.48576774087043
0.0	Protosuchus	31.930145447723866	24.26597273336668
0.0	Provelosaurus	92.09440770735368	87.83985094547273
0.0	Psephochelys	55.66999044172087	53.86592411055528
0.0	Psephoderma_Temperate_N	32.89709787893947	26.690120339669832
0.0	Psephoderma_Tropical_N	42.136970989995	37.57014039769885
0.0	Psephoderma_Tropical_S	68.90686869984992	66.04130958629314
0.0	Psephosauriscus	71.56413936668334	63.71509335817909
0.0	Psephosaurus_Temperate_N	63.6134580050025	62.64708492696348
0.0	Psephosaurus_Tropical_S	70.53566908154077	66.81480515657829
0.0	Pseudhesperosuchus	43.07394833266633	41.59975392296148
0.0	Pseudochampsa	56.72417470435218	55.01895972136067
0.0	Pseudotetrasauropus_Temperate_N	42.33973706203101	40.726996471735866
0.0	Pseudotetrasauropus_Tropical_N	50.61035418059029	27.409434526263134
0.0	Pterodactylus	25.537087855927965	24.7524075997999
0.0	Pumiliopareia	82.12270836118059	82.01522563531766
0.0	Qianichthyosaurus	64.6756060230115	52.45082588394197
0.0	Qianosuchus	69.82191267683842	68.50818132766383
0.0	Qianxisaurus	64.79752637868934	64.03347289444723
0.0	Quasianosteosaurus	73.48113554477237	72.82859957578789
0.0	Raeticodactylus	34.0377108104052	32.71725067783892
0.0	Rautiania	88.42130796198099	84.05857824212104
0.0	Redondasuchus	48.46855775337669	34.51706197348674
0.0	Redondavenator	44.247691964982494	42.676219821910955
0.0	Revueltosaurus	58.713586525262635	33.18601997948974
0.0	Rhaeticosaurus	31.469064111555777	30.355523715857927
0.0	Rhipaeosaurus	91.94443431765883	86.21679182841422
0.0	Rhomaleosaurus	31.053433020010004	24.381685664332164
0.0	Rhombopholis	71.0979122256128	65.56080154527262
0.0	Rioarribasuchus	49.92634178439219	34.12697069984993
0.0	Riojasaurus	48.579709003501755	36.69715506953477
0.0	Riojasuchus	41.79070439669835	40.31203547223612
0.0	Romeria	121.67904799249625	120.76872988294147
0.0	Rothianiscus	97.15175655927963	89.65589331815909
0.0	Rotodactylus	44.015156346173086	42.50729928314157
0.0	Ruehleia	49.35782929164582	38.287976341670834
0.0	Rugarhynchos	42.84733822711355	41.390978256628316
0.0	Ruhuhuaria	69.04615608954478	68.34205291595796
0.0	Rutiodon	58.4382927863932	33.42507873336668
0.0	Sacisaurus	45.719108275137565	44.14712825662831
0.0	Saltoposuchus	45.82252457878939	36.0617263901951
0.0	Sanchiaosaurus	69.37978028464232	68.69098648524262
0.0	Sanchuansaurus	78.1488587573787	78.02417254377188
0.0	Sanjuansaurus	56.41323600550275	54.76326347923962
0.0	Santaisaurus	76.89266988544271	75.96671861530766
0.0	Sarcosaurus	25.872639256628315	25.039085768884444
0.0	Sarmatosuchus	70.27654961430716	69.5758215767884
0.0	Saturnalia	59.854400843921965	40.58642792846423
0.0	Saurischichnus	51.34694468534267	34.42283435867934
0.0	Saurodektes	76.90669871585794	74.02891661230615
0.0	Sauropareion	76.59189545872937	72.39754459229614
0.0	Sauropus	26.054029784392196	25.22716538569285
0.0	Saurorictus	82.20547365482741	82.09418672186092
0.0	Saurosternon	81.45643343771887	81.30857616258129
0.0	Saurosuchus	58.50238445622812	56.9786591775888
0.0	Scelidosaurus	25.88665573286643	25.052753732866435
0.0	Scharschengia	73.46413049474737	72.80490768184092
0.0	Schleitheimia	42.020987086043014	40.5376051795898
0.0	Sclerocormus	73.44672532066032	72.77860748324161
0.0	Sclerosaurus	72.32392003401701	68.69904765132564
0.0	Sclerostropheus	44.81759017308655	43.27099518309155
0.0	Scoloparia_Temperate_N	30.239528305652826	29.194425173086543
0.0	Scoloparia_Tropical_N	60.05457098199099	54.02758969684843
0.0	Scolotosuchus	74.48867085792897	73.8350035467734
0.0	Scutarx	51.72617103201601	33.82463215007504
0.0	Scutosaurus	89.88444949224612	81.86780762381191
0.0	Scythosuchus	74.71867530165083	74.07298538269134
0.0	Seazzadactylus	45.46260846323161	43.82721387493747
0.0	Selenichnus	26.318958388694348	24.45462495347674
0.0	Serpianosaurus	71.67851589744875	61.967849258129064
0.0	Shansisuchus	72.3673441235618	66.89742696998498
0.0	Shastasaurus_Temperate_N	40.4433490050025	38.8822320030015
0.0	Shastasaurus_Tropical_S	61.7981323981991	53.24206924612306
0.0	Shihtienfenia	79.17087976488244	75.93994323711857
0.0	Shonisaurus_Temperate_N	58.26840168784392	27.04114216608304
0.0	Shonisaurus_Tropical_N	51.58123976188094	41.36490091345674
0.0	Shringasaurus	72.00720931265633	66.847578977989
0.0	Shuangbaisaurus	25.80615628114057	24.990437029014508
0.0	Shuvosaurus	52.43006880090045	26.695878751875938
0.0	Sigmala	61.526207018509254	52.61057595447724
0.0	Sikannisuchus	52.30445854677338	35.5780415917959
0.0	Silesaurus	55.965075154077034	54.184167936968485
0.0	Sillosuchus	57.770609107053524	56.21420111805903
0.0	Simosaurus_Temperate_N	68.39674345272637	28.249847738869434
0.0	Simosaurus_Tropical_S	68.09733376288143	67.3758387553777
0.0	Sinocyamodus	56.50083493546773	54.72295526863431
0.0	Sinosaurosphargis	69.78231441270636	68.58457833966983
0.0	Sinosaurus	26.58384803951976	24.544505096048027
0.0	Skybalonyx	43.90387374087043	42.35616091945973
0.0	Smilodonterpeton	30.620450162581292	29.526188420210104
0.0	Smilosuchus	57.77910377388694	33.597870442721366
0.0	Sophineta	74.50898185342672	73.86774493646824
0.0	Soturnia	49.32090968184093	34.54818826913456
0.0	Soumyasaurus	43.07056251025513	41.568360489744876
0.0	Sphenotitan	50.178846320160076	35.91797769784892
0.0	Sphodrosaurus	42.93183794047024	41.401605736368175
0.0	Spinosuchus	57.71015251425713	39.108864324162084
0.0	Spondylolestes	81.6953372096048	77.98278423861932
0.0	Spondylosoma	66.54080735317659	61.76484266183092
0.0	Stagonolepis_Temperate_N	58.240656221610806	52.58439615207604
0.0	Stagonolepis_Tropical_N	50.53363313956979	34.29067359829915
0.0	Stagonolepis_Tropical_S	42.57636667183592	41.04430151575788
0.0	Stagonosuchus	72.0148269929965	67.5511872166083
0.0	Staurikosaurus	59.5754369969985	57.9645765717859
0.0	Stauromatodon	63.24969816958479	62.25088345672837
0.0	Stegomus	49.227100842421216	36.04709286143071
0.0	Stenaulorhynchus	71.82706792146072	66.9712587613807
0.0	Stenomyti	45.48163560780391	43.85315963381691
0.0	Stenoscelida	42.89236611105552	41.367497508254125
0.0	Stereosternum_Antarctic	111.85518611255628	111.41395731715856
0.0	Stereosternum_Temperate_S	115.70484782191096	108.03643170535268
0.0	Styracocephalus	88.96024253876938	84.69068937718859
0.0	Syntarsus	30.587236451225614	29.535903785392694
0.0	Syntomiprosopus	46.94440154577289	45.31737096548274
0.0	Tachiraptor	26.09102295897949	25.21887430865433
0.0	Tanaisosaurus	74.60208259329664	73.96817415107553
0.0	Tanystropheus_Temperate_N	71.6058097963982	27.0231371825913
0.0	Tanystropheus_Tropical_N	70.71023084392195	61.83822504952476
0.0	Tanystropheus_Tropical_S	70.57030424062032	67.78492142271135
0.0	Tanytrachelos	51.07110524562281	33.99750760630315
0.0	Tarjadia	66.50572913506753	61.10263647973987
0.0	Tarsodactylus	25.85953475037519	25.054669471235616
0.0	Tasmaniosaurus	76.87226043571786	75.97182597698851
0.0	Tawa	52.60285897698849	33.521562316158075
0.0	Taytalura	56.073714504752374	54.31898309454727
0.0	Technosaurus	41.52108936868434	39.94181435517759
0.0	Tecovasaurus	50.95444726113057	34.88595562381191
0.0	Tecovasuchus	51.701377742371186	34.715002623311655
0.0	Teleocrater	71.8485124102051	66.99038391195599
0.0	Temnodontosaurus	26.30760989094547	24.725463813906956
0.0	Teraterpeton	60.04587996698349	53.55875264782391
0.0	Teratophon	71.27003310355178	67.04629096298149
0.0	Teratosaurus_Temperate_N	68.45723845922961	40.51272181490746
0.0	Teratosaurus_Temperate_S	75.6337845767884	75.04208814257129
0.0	Termatosaurus	33.9426014332166	26.893724715857932
0.0	Terrestrisuchus	61.4761057743872	53.46571133316658
0.0	Tetrasauropus_Temperate_N	45.28787968584292	43.66117315357679
0.0	Tetrasauropus_Temperate_S	69.81111451475738	62.67733932466233
0.0	Teyujagua	74.62541974687343	74.01363965882942
0.0	Teyumbaita	49.17401130915457	33.51391414907454
0.0	Thadeosaurus	81.6443487573787	81.50409710205102
0.0	Thaisaurus	73.29966812556277	72.63209112756378
0.0	Thalassiodracon	33.51606087793897	24.12654294847424
0.0	Thalattoarchon	69.65803801350675	68.9201626058029
0.0	Thalattosaurus	70.3900135507754	65.03772997698849
0.0	Thecodontosaurus	68.66892607203602	25.873753308654326
0.0	Theledectes	69.67729594797399	68.9466926188094
0.0	Thelephon	70.04700041870936	69.34929172486243
0.0	Thelerpeton	71.59172582991496	67.82240023611806
0.0	Tholodus_Temperate_N	71.81464812706353	67.30183844222111
0.0	Tholodus_Tropical_N	68.7617632346173	68.07978348474236
0.0	Thuringothyris	115.48470691495747	108.0245572286143
0.0	Tichvinskia	75.91747066483242	72.09732916408203
0.0	Ticinosuchus	71.23811523911957	67.64159910605302
0.0	Tikisuchus	57.90065904002	56.24916170035018
0.0	Timanophon	75.74908993346672	72.23127628364182
0.0	Toretocnemus	60.360576551775885	53.080571598299144
0.0	Trachelosaurus	71.70089265532765	71.01790973386692
0.0	Trialestes	60.41444001050525	52.76547617558779
0.0	Tricuspisaurus	29.932710928964482	28.958375789394694
0.0	Trihamus	25.895800780890443	25.053919141070534
0.0	Trilophosaurus	58.36037454777389	33.54121702001001
0.0	Tropidosuchus	67.26898173936969	61.402670101550775
0.0	Tuebingosaurus	42.337003601300644	40.862650696348176
0.0	Turfanosuchus	70.79994476788394	70.09709287043522
0.0	Typothorax	52.49120963881941	27.02859377088544
0.0	Uatchitodon	59.356168969984985	37.06447863431716
0.0	Unaysaurus	46.35628759029515	37.17823967283642
0.0	Unguinychus	41.45308654977489	39.90681544572287
0.0	Uralosaurus	71.10455350275137	67.80726472786394
0.0	Utatsusaurus	75.95522569184594	72.22425028214109
0.0	Vallesaurus	42.36927512306153	37.18763309754877
0.0	Vancleavea	59.230238223111556	27.51176244522261
0.0	Variodens	33.499930147073535	26.64919016558279
0.0	Vellbergia	63.49432749174587	62.52989347473737
0.0	Velocipes	45.0828510390195	43.51575843471736
0.0	Venaticosuchus	56.89102286693346	55.243981413206605
0.0	Venetoraptor	59.02716134567284	38.29355606553276
0.0	Vinitasaura	57.978602543271634	56.39928255177589
0.0	Vivaron	50.19946144222111	33.85375292996498
0.0	Vjushkovisaurus	71.15514253576788	67.5675534352176
0.0	Volcanosuchus	56.48255358529264	54.776011150075036
0.0	Vonhuenia	76.66109540270133	76.19612310605302
0.0	Vritramimosaurus	74.88618093696847	74.25841494147075
0.0	Vytshegdosuchus	74.86751501300651	74.23082049374688
0.0	Wahlisaurus	25.656365337168587	24.869059856928466
0.0	Waluchelys	43.77430304402201	42.217977202101046
0.0	Wangosaurus	64.9474996208104	61.04089825662832
0.0	Wannia	46.75833024662331	37.83119303051525
0.0	Wapitisaurus	75.1526940650325	74.5487760270135
0.0	Weigeltisaurus	84.72651734667333	79.22858448624312
0.0	Whitakersaurus	30.501532905952978	29.48782352426213
0.0	Wimanius	66.85612830015008	66.12982712906454
0.0	Wumengosaurus	71.78453175987994	67.2060922326163
0.0	Xenodiphyodon	57.72069414857429	56.07063728914457
0.0	Xilousuchus	70.06837421110556	69.37212269134567
0.0	Xingxiulong	25.798119630815407	24.984178870435215
0.0	Xinminosaurus	69.35347731265632	68.67455351725863
0.0	Xinpusaurus	65.36233339569785	52.20704074087043
0.0	Xiphopeza	25.805114334667334	24.98133028314157
0.0	Yarasuchus	72.02240304452226	67.1418909549775
0.0	Yelaphomte	43.7755405987994	42.1281524162081
0.0	Yimenosaurus	26.479493539269633	24.326161628814408
0.0	Youngetta	74.62873656428214	74.0099151375688
0.0	Youngina	85.08872134117058	75.93102926713355
0.0	Youngosuchus	70.65572206853427	69.96620092446223
0.0	Yunguisaurus	66.2605581975988	61.21651578139069
0.0	Yunnanosaurus	26.462710590295146	24.42614852226113
0.0	Zanclodon	66.77303335267634	27.931375081040517
0.0	Zhongjiania	84.10408004252128	79.58021400650324
0.0	Zupaysaurus	40.818896196598295	39.33352649174587
