clade	species	ts	te
0.0	Acanthostomatops	117.2665905820161	117.11076687157482
0.0	Acerastea	76.59165368356707	76.48180446438359
0.0	Acheloma	122.83718019380925	88.29591764685536
0.0	Acroplous	124.41797010736032	111.01593598226746
0.0	Actinodon	119.13784620113752	106.30876438022126
0.0	Actiobates	130.4252137637291	130.26934307630202
0.0	Adamanterpeton	133.58220974527438	133.42640556772577
0.0	Almasaurus	56.314732826383626	55.18186018321271
0.0	Amphibamus	135.43103840209443	132.38957556416517
0.0	Anakamacops	94.50820902182181	92.80911690147842
0.0	Anaschisma	61.51836979666799	29.27141398917795
0.0	Anconastes	124.49970941860272	124.34527806692826
0.0	Angusaurus	76.64722773467429	71.09940699801895
0.0	Anisodexis	107.93076337182951	107.33976780637825
0.0	Anthichnium	82.69787689482372	81.93061543792666
0.0	Anthracobamus	125.72210063136046	125.5671283539274
0.0	Apachesaurus	62.342362486722315	29.36301210549466
0.0	Apateon	126.72774065276936	103.11901217705555
0.0	Aphaneramma_Temperate_N	76.02228562106149	72.88799758134121
0.0	Aphaneramma_Temperate_S	78.10654399877461	75.7443332828246
0.0	Arachana	53.43188503601387	52.516982730573474
0.0	Archegosaurus	124.85641165214624	106.59368148820876
0.0	Arenaerpeton	74.94525114902196	74.84070508591661
0.0	Aspidosaurus_Temperate_N	96.85226189258722	95.50052440958083
0.0	Aspidosaurus_Tropical_N	127.12995675525404	96.78988215416577
0.0	Aspidosaurus_Tropical_S	125.58699423684585	105.51072278121765
0.0	Astreptorhachis	126.12691171803769	125.97474968936342
0.0	Australerpeton	91.88145945471786	85.72932444455313
0.0	Bageherpeton	95.58517572140204	94.06414896837147
0.0	Banksiops	76.8770184287923	76.17676854151456
0.0	Bashkirosaurus	90.25375493413976	88.70099660002282
0.0	Bathignathus	75.72951200916953	70.27118060987348
0.0	Batrachosuchoides_Temperate_N	76.75831025431295	72.11059708091643
0.0	Batrachosuchus_Temperate_S	78.17339662748394	67.94749556877834
0.0	Benthosphenus	75.40311778564295	75.29629437405002
0.0	Benthosuchus	76.82660853226199	72.18735432336926
0.0	Bermanerpeton	128.74410836643298	128.59062726030982
0.0	Boreopelta	74.31933925308186	74.21224954330796
0.0	Bothriceps	84.48447573708735	76.2298853557793
0.0	Brachyops	76.95797594028468	76.73665437822066
0.0	Branchierpeton	132.3409512534828	116.30729806933591
0.0	Branchiosaurus	135.74223264340483	119.3160276534495
0.0	Brevidorsum	123.77438329283984	123.61946084926333
0.0	Broiliellus	118.40569863102651	99.221437742603
0.0	Broomistega	78.46798464872144	74.62331338707418
0.0	Bukobaja	71.10192169209284	59.93189613155438
0.0	Bulgosuchus	73.75804037626028	73.65124118938363
0.0	Cacops	115.36856364630543	98.03823932982695
0.0	Calamops	52.43675008047813	50.76143225375532
0.0	Callistomordax	65.4893972185457	60.080896741360334
0.0	Calmasuchus	72.07420182608226	71.7867437467602
0.0	Capetus	132.62743630271163	132.4713235987119
0.0	Capitosauroides	69.31354689485235	68.88455750657525
0.0	Capulomala	77.50702356346967	76.06085796077997
0.0	Cheliderpeton	123.72426277478345	85.46274752042427
0.0	Chelydosaurus	94.8164089971083	93.2346153906559
0.0	Chenoprosopus	125.24471116394426	107.40961382415033
0.0	Cherninia	71.98155347461882	68.84156523310892
0.0	Chinlestegophis	54.66295700320666	29.700183812210973
0.0	Chomatobatrachus	76.75349520677663	76.08957896823415
0.0	Clamorosaurus	102.14929738500003	95.97595095881377
0.0	Cochleosaurus	135.30945410658222	131.59311127455965
0.0	Collidosuchus	91.96689057884723	90.21260079845709
0.0	Compsocerops_Temperate_S	57.03698618389313	29.419165646697152
0.0	Conjunctio	124.08536914274711	108.56808121008781
0.0	Cosgriffius	73.35466824281755	73.24814107209585
0.0	Cyclotosaurus_Temperate_N	69.40996960202588	26.60861209471734
0.0	Cyclotosaurus_Tropical_N	72.15126295057038	71.92821370161228
0.0	Czatkobatrachus	74.43217962863056	74.32617844276257
0.0	Dasyceps	121.37103721028349	97.50289040996351
0.0	Dawsonerpeton	127.02213382086951	125.51842644295637
0.0	Deltacephalus	75.57310433202595	75.4675145517992
0.0	Deltasaurus_Antarctic	77.58880469426681	75.92501619952725
0.0	Deltasaurus_Temperate_S	77.78401258224605	72.13813489372374
0.0	Derwentia	76.92628410029417	76.02468615593399
0.0	Dissorophus	117.05160412348317	95.76740171047136
0.0	Doleserpeton	115.33847652437893	103.46974245780564
0.0	Dutuitosaurus	61.62716924910587	60.66512384693605
0.0	Dvinosaurus	91.89574379523499	81.13134936305296
0.0	Ecolsonia	120.407610280938	112.89827907423849
0.0	Edingerella	77.43706086784492	76.52979155360518
0.0	Edops	125.58250716018426	100.56317477143998
0.0	Eimerisaurus	119.03951300689221	112.03243194259628
0.0	Eocyclotosaurus	72.29597475307833	67.52429351310926
0.0	Eodiscoglossus	59.29417501924939	58.163931151166956
0.0	Eolydekkerina	73.0988933154306	72.9931120671969
0.0	Eoscopus	126.79574611535809	126.64109574857342
0.0	Erpetosaurus	135.40136036394134	132.15547851168074
0.0	Eryops	132.54140778179388	84.0302086843289
0.0	Eryosuchus_Temperate_N	74.71869677978812	67.33354211282827
0.0	Eryosuchus_Temperate_S	71.96480486181488	70.26442233874211
0.0	Erythrobatrachus	73.3018221433426	73.1962504046185
0.0	Eumicrerpeton	134.50349201254838	134.34760259820501
0.0	Eurycervix	71.36970833176825	70.95608213465026
0.0	Fayella	95.95161085628295	88.62711054225348
0.0	Fedexia	127.49021245627446	127.33957928568792
0.0	Funcusvermis	43.43435177635099	42.27943079341735
0.0	Georgenthalia	111.70505337050204	111.13763358616445
0.0	Gerobatrachus	101.64126275662169	101.02977726509678
0.0	Gerrothorax_Temperate_N	69.28300128846864	25.30118507561823
0.0	Glanochthon	124.54390112670232	111.91021245288789
0.0	Glaukerpeton	127.6381864557865	127.48143286459624
0.0	Hadrokkosaurus	71.63750711686096	71.25159473112214
0.0	Hemiprichisaurus	28.985410640504732	27.01507515053469
0.0	Heptasaurus	67.83163676925561	67.4456739889738
0.0	Hyperokynodon	61.622681771224215	53.807655253301164
0.0	Indobrachyops	75.21601603890218	73.75457583841245
0.0	Inflectosaurus	73.43645847225643	73.01093035319872
0.0	Intasuchus	101.61218452983947	100.99144339257343
0.0	Iratusaurus	91.85811861309885	90.10185024432904
0.0	Isodectes	135.05263968966653	95.6392637634419
0.0	Jammerbergia	67.52054224910727	67.18692000649729
0.0	Kamacops	92.56370465292852	88.20403301317496
0.0	Keratobrachyops	76.28199872275802	76.17548326720994
0.0	Kestrosaurus	77.35403235801256	71.9823921768535
0.0	Koinia	100.69181015763036	95.71964195763513
0.0	Komatosuchus	72.47499805818761	72.36442673837864
0.0	Konzhukovia_Temperate_N	92.75333298955886	85.18143403390881
0.0	Konzhukovia_Temperate_S	89.68744669539667	83.6246439128785
0.0	Korkonterpeton	120.79661599469493	120.64558915305764
0.0	Kuttycephalus	53.26312497510949	28.400272236231228
0.0	Kwatisuchus	74.70934704825106	74.60408910005937
0.0	Laccosaurus	80.71981915643829	79.94813314406677
0.0	Lafonius	125.87082606167012	123.09881348729041
0.0	Laidleria	71.5255466535688	71.13037887283033
0.0	Lapillopsis	76.27499566448049	76.1700519694042
0.0	Leptorophus	119.0575343665963	109.51273807547881
0.0	Limnerpeton	135.04695626879032	125.53710737168109
0.0	Limnogyrinus	135.95949590507567	115.49420636799566
0.0	Luzocephalus	78.38178417207803	71.80416099093956
0.0	Lydekkerina	85.86998593799223	72.02041884831722
0.0	Lyrocephaliscus	76.22035346768253	74.37176654360722
0.0	Macrerpeton	134.4960666026981	134.34020965083948
0.0	Macromerium	134.10369104979517	133.94759702755155
0.0	Mahavisaurus	77.66055143989554	74.10473405521421
0.0	Manubrantlia	74.91861866265567	74.8130438733653
0.0	Mastodonsaurus_Temperate_N	69.94443299437275	27.760944937928766
0.0	Mastodonsaurus_Tropical_N	70.55814212716143	67.66449433801581
0.0	Megalophthalma	62.32401979848268	61.41538316819645
0.0	Melanerpeton	126.21934742505385	98.69398844758813
0.0	Melanopelta	73.25805833001972	71.5886716777796
0.0	Melosaurus	100.85715010886834	87.99785285638502
0.0	Mentosaurus	67.72282266522004	67.34572335180741
0.0	Metoposaurus_Temperate_N	62.42876396140738	25.399164005790965
0.0	Metoposaurus_Temperate_S	60.67045710196937	55.13872958909521
0.0	Metoposaurus_Tropical_N	62.366610998676386	52.85834653733713
0.0	Metoposaurus_Tropical_S	59.25347420227649	24.67615170868611
0.0	Meyerosuchus	73.92449456371024	72.70009726159047
0.0	Micromelerpeton	126.40673200441174	105.4028380696834
0.0	Micropholis	77.55193168442979	72.37553011186775
0.0	Microposaurus	70.91340795760756	69.18493400009615
0.0	Milnererpeton	128.01399020876448	127.85881559632772
0.0	Miobatrachus	134.61395462182392	134.46245476866756
0.0	Mordex	133.12023390586546	132.9625813614474
0.0	Nannospondylus	94.04452885815202	92.34473302433622
0.0	Nanobamus	117.7705130818852	117.61758978698529
0.0	Nanolania	76.35927755837278	76.25283817136531
0.0	Neldasaurus	124.52576284044837	108.55551588294892
0.0	Nigerpeton	79.54067279176044	76.83885915641703
0.0	Nooxobeia	93.90724330292674	92.31150984620507
0.0	Notobrachyops	70.62766877713592	70.19807642441134
0.0	Nyranerpeton	136.4184741521669	122.63595366635585
0.0	Odenwaldia_Temperate_N	72.97238038753825	72.86507077203262
0.0	Odenwaldia_Tropical_N	73.6346705625145	73.52700865746951
0.0	Odenwaldia_Tropical_S	72.63719001907286	71.6665125966346
0.0	Onchiodon	127.64564937914568	91.12412267407838
0.0	Palatinerpeton	115.45145389617242	115.2680085650829
0.0	Panthasaurus	62.632651845196605	28.32823840238558
0.0	Paracyclotosaurus_Temperate_S	69.31328748580378	66.5461827427796
0.0	Parapytanga	92.20722116618794	90.33456719146893
0.0	Parioxys	118.12573460472069	104.07067619212002
0.0	Parotosuchus_Temperate_N	75.42601346707055	71.93967665965272
0.0	Parotosuchus_Tropical_N	74.66156444938242	74.5545483590682
0.0	Pasawioops	114.68864103383238	111.82994855676635
0.0	Pelorocephalus	55.29904727299801	29.235747435986777
0.0	Peltobatrachus	84.6572824502848	79.19991881825766
0.0	Peltostega	76.79638503909439	74.34657352167599
0.0	Perryella	107.76287165280591	107.17010622063998
0.0	Phonerpeton	120.6083029286421	105.53146008597325
0.0	Plagiobatrachus	76.73873650957576	76.6108935087925
0.0	Plagiorophus	72.26597808049081	62.787836992724294
0.0	Plagiosaurus	46.76542980628291	23.64644999171894
0.0	Plagioscutum	70.96338623135199	63.007324570468604
0.0	Plagiosternum	70.01303343611359	58.66396565368343
0.0	Plagiosuchus	65.14486332133261	59.153860688116765
0.0	Platycepsion	71.22564628011203	70.80629825189551
0.0	Platyhystrix	128.3433455600744	105.34582930611214
0.0	Platyoposaurus	98.6649928103824	87.00563185315396
0.0	Platyrhinops	134.50871009471211	131.86985087362285
0.0	Platystega	74.59894789473519	74.49116571676416
0.0	Plemmyradytes	119.51046989854979	119.35592463665233
0.0	Pleuronoura	114.32976832639424	113.71598630278874
0.0	Pneumatostega	77.98645213091092	76.03100100898148
0.0	Porierpeton	126.27435889381937	126.11945419824873
0.0	Potamochoston	133.05708237438841	132.904389441481
0.0	Prionosuchus	102.17230366188569	101.54566289591493
0.0	Procuhy	123.8598971663902	123.70608197851071
0.0	Promastodonsaurus	59.54688284118877	58.436947272693594
0.0	Prothoosuchus	76.6759331159313	72.66457398793203
0.0	Qantas	77.28577765851136	71.4606886933333
0.0	Quasicyclotosaurus	72.0966069701965	69.39076621045635
0.0	Rastosuchus	92.37351410674279	89.23063164172112
0.0	Reiszerpeton	118.16890250755074	118.01468958131902
0.0	Rewana	77.74030126771831	76.18405960263128
0.0	Rhadalognathus	72.01492775445249	71.74744145438595
0.0	Rhineceps	81.74058560376757	80.98606603355793
0.0	Rhinesuchoides	88.00879297888555	82.42517126896455
0.0	Rhinesuchus_Temperate_N	77.87000976189834	73.83343587497275
0.0	Rhinesuchus_Temperate_S	89.66614805731625	79.25154245217851
0.0	Rhytidosteus_Temperate_N	76.85609957742483	72.2996361323864
0.0	Rhytidosteus_Temperate_S	75.48218702882222	75.37551173303257
0.0	Rileymillerus	52.6549452045893	36.33635394848174
0.0	Rotaryus	109.22230300542279	108.47406218816941
0.0	Rotaurisaurus	76.57917916676985	76.46782203899863
0.0	Rubeostratilia	121.04664319513378	120.89166142595914
0.0	Saharastega	77.78752608826917	77.22691250712535
0.0	Samarabatrachus	76.36858249188717	76.26257748962432
0.0	Sangaia	72.34974834436908	72.23033022951965
0.0	Scapanops	121.9925764126281	121.83782478905364
0.0	Schoenfelderpeton	120.48637446964236	109.02628124463978
0.0	Sclerocephalus	128.73353174783762	105.25732425952258
0.0	Sclerothorax	75.00405769749482	71.81867423046951
0.0	Selenocara	77.33224740255169	76.00085988079294
0.0	Slaugenhopia	97.51144321083916	90.39076798680267
0.0	Sparagmites	133.6664036847613	133.51233789436526
0.0	Stanocephalosaurus_Temperate_S	70.08579283725982	67.1118528792234
0.0	Stanocephalosaurus_Tropical_N	73.18155246536483	68.97548621260229
0.0	Stanocephalosaurus_Tropical_S	74.7797332923274	74.6746188032589
0.0	Stegops	134.88931814070693	131.6391618025421
0.0	Stenokranio	119.21894428912421	119.0660105204356
0.0	Stenotosaurus	73.76155501821843	30.581967372068203
0.0	Stoschiosaurus	77.58496959901859	76.60579711497388
0.0	Subcyclotosaurus	70.59577251501206	70.1658718485332
0.0	Syndyodosuchus	101.37587850419052	100.74711125143618
0.0	Syrtosuchus	77.43137012542563	75.13141728431869
0.0	Tambachia	110.57693945975261	109.96070634294027
0.0	Tatrasuchus	67.07017457891679	60.842411477496235
0.0	Tersomius	114.91526983430177	100.79089886738475
0.0	Tertrema	76.8013003699013	75.45622243269598
0.0	Tertremoides	78.0360748754847	75.4855697350202
0.0	Thabanchuia	76.60930877342673	76.49548640696312
0.0	Thoosuchus	76.27455736663201	72.25049150933557
0.0	Timonya	109.72264885704763	95.7425733350835
0.0	Tirraturhinus	76.486020347475	76.37801367090009
0.0	Tomeia	74.71788619905988	74.52520636669462
0.0	Trematolestes	64.65178918168161	60.775331766231105
0.0	Trematosaurus_Temperate_N	79.62762947322312	24.337836654243887
0.0	Trematosuchoides	72.7427359187099	72.63440248701055
0.0	Trematosuchus	73.60286304273802	71.77544644767711
0.0	Trematotegmen	77.14920956782804	75.48821592634431
0.0	Triadobatrachus	75.69314879853539	75.58619431141949
0.0	Triassurus	56.72763336308263	55.5797993799578
0.0	Trimerorhachis	124.8190442119888	89.84672904958644
0.0	Trucheosaurus	84.76448622140235	84.03103690105145
0.0	Trypanognathus	121.94947291630814	121.7930438404623
0.0	Tryphosuchus	93.19874070307061	86.45356986790821
0.0	Tungussogyrinus	83.10700262078498	73.11569546133892
0.0	Tupilakosaurus	76.88718421643078	76.21139379985104
0.0	Uralosuchus	90.04429069460336	88.20367436411465
0.0	Uranocentrodon	79.35960532176846	78.6256940086347
0.0	Uruyiella	57.08246279189784	55.94851452331504
0.0	Vanastega	71.1543773958221	70.73658634028327
0.0	Vigilius	72.26189216241444	70.0696437111668
0.0	Vladlenosaurus	75.8744194887531	75.76779957953552
0.0	Volgosuchus	75.2964953985427	75.18991149741348
0.0	Vyborosaurus	74.76170863206927	74.65428307335462
0.0	Wantzosaurus	77.0211275234564	74.12673096770575
0.0	Warrenisuchus	76.51666299950818	76.41031413446993
0.0	Watsonisuchus_Antarctic	76.8342432130752	76.04867822545228
0.0	Watsonisuchus_Temperate_S	78.28695985767213	69.82240724250543
0.0	Wellesaurus	74.06267372961648	72.13949163164146
0.0	Wetlugasaurus	76.56766685418224	72.0196415088706
0.0	Xenobrachyops	76.5511307390657	76.44269327436459
0.0	Xenotosuchus	72.02651565255029	67.52061539349491
0.0	Yarengia	74.80648387497781	71.23961615541747
0.0	Yuanansuchus	71.69296885327849	68.62825527777589
0.0	Zatrachys	128.618249907569	96.88914432788127
0.0	Zygosaurus	94.18336546712281	89.24140293569305
