clade	species	ts	te
0.0	Abyssomedon	284.36257222437365	283.982207397498
0.0	Acadiella	230.57821648297534	228.9107970479083
0.0	Acaenasuchus	225.25748711942475	208.24069698205182
0.0	Acallosuchus	226.76382818644848	225.36013241709958
0.0	Acerosodontosaurus	252.79878847199873	252.68409954502962
0.0	Acleistorhinus	280.73643472142544	279.42095455557103
0.0	Acrodenta	256.2214828441235	256.1067536311393
0.0	Actiosaurus	202.91356697518947	201.9732176532056
0.0	Adamanasuchus	217.2476435658519	216.0712893851978
0.0	Adelosaurus	258.7716500553591	258.6556459811672
0.0	Aenigmasaurus	248.86146461855628	248.02666676273554
0.0	Aenigmaspina	228.6536176926388	227.22514152673907
0.0	Aenigmastropheus	255.63607549969464	255.52307165420117
0.0	Aetosauroides	233.72665423936544	213.36477748339095
0.0	Aetosaurus	227.69431135017086	208.26405120988653
0.0	Agkistrognathus	249.65896243169536	248.86300163642395
0.0	Agnosphitys	228.8845052676328	227.33021022458865
0.0	Alexeyisaurus	218.95535650412313	217.7665685812785
0.0	Alwalkeria	231.63607845296443	229.96922886833204
0.0	Amanasaurus	235.00616741660275	207.83366481655673
0.0	Ammorhynchus	246.25503941064792	245.18190913587682
0.0	Ammosaurus	201.97954806293615	198.69266203923942
0.0	Amotosaurus	246.46422783403395	244.34918407298318
0.0	Anarosaurus	246.45042649767586	241.10689750007802
0.0	Anchisauripus_Temperate_N	222.21516709020733	197.74960476884985
0.0	Anchisauripus_Tropical_N	227.8569859085662	197.34851490035487
0.0	Ancistronychus	219.57399762583964	218.3958018670642
0.0	Angistorhinus	236.21556781563126	210.26848079091397
0.0	Anisodontosaurus	246.03507446196687	240.4928376879191
0.0	Anomoepus_Temperate_N	200.54895027232604	199.23637381646853
0.0	Anomoepus_Tropical_N	225.4337398397678	198.89932108878259
0.0	Anomoiodon	248.0583862868174	243.08132717582663
0.0	Anshunsaurus	239.66358423492358	229.61745409112453
0.0	Anthodon	259.62228839084247	253.32978955746395
0.0	Anticheiropus	200.236622086779	199.23811436160554
0.0	Apachesuchus	221.90394534071189	220.7456292923156
0.0	Apatopus_Temperate_N	234.7407015044141	233.07917623792906
0.0	Apatopus_Tropical_N	227.83209021439762	200.45985023382977
0.0	Apatopus_Tropical_S	231.71579327362136	230.05344236063544
0.0	Apatosuchus	216.9961144053536	215.84446612190413
0.0	Aphelosaurus	294.5567164110005	293.07767612042494
0.0	Araeoscelis	289.0111636641644	272.95249376626333
0.0	Archeopelta	240.31287030711033	239.53955697560698
0.0	Archosaurus	260.9762911823182	256.52137935168565
0.0	Arcticodactylus	223.86154388115125	222.66408095148947
0.0	Arganaceras	257.59439968818396	257.4809156894559
0.0	Arganasuchus	230.26503143678931	226.93352192158721
0.0	Argoides	201.73431846270046	199.09153112839087
0.0	Arizonasaurus	247.36153150556768	245.63901991628543
0.0	Asilisaurus	247.25750998444622	241.8531255524624
0.0	Askeptosaurus	241.61798973250396	235.21322326639566
0.0	Asperoris	245.0849924263969	244.27779247857376
0.0	Asylosaurus	208.54975900760246	200.87824046293716
0.0	Atopodentatus	245.0023900009146	243.89508377911628
0.0	Atreipus_Temperate_N	236.9656484573076	235.84515085512416
0.0	Atreipus_Tropical_N	230.58425008730353	224.09648861296688
0.0	Augustaburiania	249.94448867406393	246.3100747689507
0.0	Augustasaurus	244.02891279053483	243.2271252666744
0.0	Australothyris	262.2089139041621	261.76356080642876
0.0	Austriadactylus	216.01740324188907	210.9314810050901
0.0	Austriadraco	209.74921474096465	208.61823188975544
0.0	Avalonnectes	200.5441070197939	199.57504027843407
0.0	Avicranium	204.86205273789008	203.9078316377389
0.0	Azendohsaurus	229.99016678031074	228.36803075162038
0.0	Baeotherates	287.4310050405441	287.15520437304133
0.0	Baisesaurus	249.09946234063153	248.3239882171219
0.0	Barasaurus	259.1877527215916	248.48448599335126
0.0	Barberenasuchus	240.90891621969803	240.1833335434722
0.0	Barracudasauroides	247.28802131994306	241.48023603861668
0.0	Barracudasaurus	247.69960560333482	245.43190737929788
0.0	Barrancapus	223.67653725476822	222.5126316564556
0.0	Bashkyroleter	273.9827629204733	264.03884971620954
0.0	Batrachopus_Temperate_N	247.2959434602465	204.26227212920446
0.0	Batrachopus_Tropical_N	211.26539314525178	199.16965720860276
0.0	Batrachotomus	240.0665763517178	236.61886469027678
0.0	Belebey	270.14681906004887	263.9345874520569
0.0	Benggwigwishingasuchus	247.48197270532015	246.6804675062843
0.0	Bentonyx	246.98435066390803	246.1467334253012
0.0	Bergamodactylus	214.47454861474523	213.24539391477947
0.0	Besanosaurus	241.9551476168632	241.18368000194405
0.0	Blezingeria	239.76788434317575	238.99927873081808
0.0	Blomosaurus	251.76248682259384	251.23765859060734
0.0	Bobosaurus	235.84379711255684	234.35599508718394
0.0	Bolosaurus	297.53074946608047	272.01036502260547
0.0	Boreopricea	251.0795453850479	248.03469180835543
0.0	Brachychirotherium_Temperate_N	228.22099016368622	226.85854881712459
0.0	Brachychirotherium_Tropical_N	233.04232602100996	202.52055543864776
0.0	Brachychirotherium_Tropical_S	234.32570669464812	225.62244520749175
0.0	Bradysaurus	264.2397475699526	259.0338743979718
0.0	Brasinorhynchus	239.6562422716914	235.35975370065103
0.0	Brazilosaurus	291.1778195453757	282.0971304588325
0.0	Bromsgroveia	247.8957774700856	241.88926958160786
0.0	Broomia	262.55193838497496	259.0776859798251
0.0	Bunostegos	252.82969780732333	252.71371855069856
0.0	Buriolestes	231.0670547449598	218.71591556096456
0.0	Bystrowisuchus	250.15358544474458	249.33931657694998
0.0	Callawayia	217.04900570675352	212.90922919583952
0.0	Calyptosuchus	235.22768956465805	208.31595674964265
0.0	Camelotia	205.05792878541817	201.4801895146909
0.0	Camposaurus	222.31605898967857	221.1157001209359
0.0	Candelaria	242.4907865529101	235.30414031379553
0.0	Captorhinikos	282.80336238651046	272.9533878149065
0.0	Captorhinoides	282.84101392627	276.0797473741472
0.0	Captorhinus_Temperate_S	254.85720712027438	254.74486624733908
0.0	Captorhinus_Tropical_N	285.6966737135052	272.3957147944173
0.0	Captorhinus_Tropical_S	290.696748948176	272.82357456831676
0.0	Cargninia	219.86471947619214	218.72038189455498
0.0	Carnufex	228.95056364340064	227.46086385195096
0.0	Cartorhynchus	248.1251445932756	247.33054089654587
0.0	Caseosaurus	217.72515788407648	216.51424759218466
0.0	Caviramus	203.06050824519582	202.0802436969149
0.0	Ceresiosaurus	242.40508587306712	236.1507245408026
0.0	Chalishevia	241.6287833015738	235.2641773634593
0.0	Chanaresuchus	242.14447998573328	235.00223875085203
0.0	Chaohusaurus	251.54019574227115	235.36205450190207
0.0	Chasmatosuchus	251.55546077415863	246.93245667018252
0.0	Chelyoposuchus	208.71299698770426	207.67106439598956
0.0	Chinchenia	242.328777659091	241.53574886170273
0.0	Chindesaurus	227.78538157269358	206.67444526302873
0.0	Chinshakiangosaurus	201.690739997199	200.7270981734553
0.0	Chirotherium_Temperate_N	236.70513738047603	200.20909832458267
0.0	Chirotherium_Temperate_S	243.031809889424	237.66870529243764
0.0	Chirotherium_Tropical_N	252.4438144498405	207.24841640335865
0.0	Chromogisaurus	236.83485454995252	235.60653881921885
0.0	Clarazia	243.68972015953548	242.8669092752778
0.0	Claudiosaurus	261.196800617955	250.9001089718419
0.0	Clevosaurus_Temperate_N	237.30320392759208	198.98562454248156
0.0	Clevosaurus_Temperate_S	235.2937115111715	208.57639745597365
0.0	Coahomasuchus	234.49907817766464	222.4680967136434
0.0	Coartaredens	247.5309045641273	240.57118583650472
0.0	Coburgosuchus	221.038470206225	219.8674950199246
0.0	Coelodontognathus	251.56967970092816	246.49035428999622
0.0	Coelophysis_Tropical_N	228.32052329022332	200.42843054026025
0.0	Coelophysis_Tropical_S	215.72085931941456	214.55786053112234
0.0	Coelurosauravus_Temperate_N	256.19268200585424	256.0794091842862
0.0	Coelurosauravus_Temperate_S	260.8593993709691	255.93445838719234
0.0	Coelurosaurichnus_Temperate_N	245.27384390312153	204.2871024457292
0.0	Coelurosaurichnus_Tropical_N	247.2213881626248	208.73350364578917
0.0	Coelurosaurichnus_Tropical_S	237.16991527365366	234.5705483780476
0.0	Coletta	248.34580916961534	247.5386233885556
0.0	Collilongus	249.98594279666727	249.20691641588954
0.0	Colobomycter	292.12752488406244	285.22029563158463
0.0	Colobops	227.55624381537348	225.95171331267872
0.0	Coloradisaurus	219.04411811038096	216.1063978642224
0.0	Coloradisuchus	212.53677903378605	211.3836412842308
0.0	Concavispina	232.60016139720756	230.86418707907046
0.0	Contectopalatus	245.28930433059932	244.46748606272695
0.0	Corosaurus	248.86214534879508	246.84941038297004
0.0	Cosesaurus	238.23446513794542	237.07463575532506
0.0	Crosbysaurus	226.04344524753645	208.42292534810642
0.0	Ctenosauriscus	248.89493839769327	248.06238082221518
0.0	Cyamodus	247.5943285813014	230.92970258262883
0.0	Cymatosaurus	247.66758085722256	243.06314183241582
0.0	Cymbospondylus_Temperate_N	243.4818338586558	235.92064064734782
0.0	Cymbospondylus_Tropical_N	248.97437532089813	235.05673331991773
0.0	Czatkowiella	250.0289175711489	249.23239245649228
0.0	Dactylosaurus	246.44699637356172	242.4327982746619
0.0	Daemonosaurus	204.1618088213028	203.21545192715686
0.0	Dagasuchus	236.17312318476593	234.82182893378672
0.0	Dawazisaurus	243.5388906726803	242.73704574077254
0.0	Decuriasuchus	246.39698745452637	235.95193226161635
0.0	Delatorrichnus	200.7442958364202	199.79140676148174
0.0	Delorhynchus	289.9220328029866	284.1363514560786
0.0	Deltadectes	218.75034324956127	199.82055962452827
0.0	Deltavjatia	265.03268294902654	259.63426853432225
0.0	Desmatosuchus	235.747777455933	207.8596882191574
0.0	Diandongosaurus	244.90754077843934	244.0763097319415
0.0	Diandongosuchus	238.8952601598952	237.9925825100929
0.0	Dianmeisaurus	245.15973441507776	241.40247831802637
0.0	Dianopachysaurus	244.299012243159	243.5012497553268
0.0	Dimetropus	291.7125935660807	282.0208460661508
0.0	Dimorphodon	200.56498874996723	199.61830554563596
0.0	Dinocephalosaurus	244.97310115602656	243.26685914193652
0.0	Diphydontosaurus_Temperate_N	237.55012441571387	200.43265627485246
0.0	Diphydontosaurus_Tropical_N	215.28092269685956	214.13021797622505
0.0	Diphydontosaurus_Tropical_S	223.79106426622542	222.59725185412216
0.0	Dolabrosaurus	215.27476907536766	214.11695217844579
0.0	Dolerosaurus	231.4797824814457	229.77595238236333
0.0	Dolichobrachium	236.25032884250098	234.85281550145083
0.0	Doliovertebra	246.07120461037795	245.28701648375218
0.0	Dongusuchus	244.03006803612448	241.4389201846401
0.0	Dorosuchus	246.1000595015371	243.53954121771915
0.0	Doswellia	237.80701887037986	208.03368543261735
0.0	Dracoraptor	201.10486394925024	200.1234151679683
0.0	Drepanosaurus_Temperate_N	213.96964087837733	212.75006577797336
0.0	Drepanosaurus_Tropical_N	223.79142433586688	201.684399052976
0.0	Dromomeron_Temperate_S	219.86429812927972	218.694819742307
0.0	Dromomeron_Tropical_N	228.67123912758956	202.0752620811282
0.0	Dromomeron_Tropical_S	226.05803021717995	216.4444987370771
0.0	Dyoplax	234.72511214316899	233.19240784205917
0.0	Ebrachosuchus	231.85532698552325	230.13856059163385
0.0	Effigia	209.87597832299144	202.36811928591075
0.0	Efraasia	219.52706298916874	214.6430470900801
0.0	Eifelosaurus	245.38081156487564	244.58048030599775
0.0	Elachistosuchus	208.8579087787556	207.80494022833653
0.0	Elessaurus	248.69086672228264	247.87036250309987
0.0	Elginia	260.3169986871464	249.63005079882467
0.0	Embrithosaurus	262.82179424173086	259.41490130395425
0.0	Emeroleter	265.0799259866424	260.054097602855
0.0	Endennasaurus	215.338629424834	214.15356822034536
0.0	Energosuchus	242.19239142445596	235.33041341774918
0.0	Eodromaeus	228.07413652862795	226.72101015802014
0.0	Eohupehsuchus	248.15657980972404	247.36059512943254
0.0	Eohyosaurus	247.43798670212962	242.55956796640538
0.0	Eomurruna	251.75772528435053	250.72593075467395
0.0	Eoplesiosaurus	201.6798184836636	200.7344074291776
0.0	Eoraptor	234.52036127859404	231.90006443730644
0.0	Eorasaurus	261.6111712542197	261.1494361920241
0.0	Eorhynchochelys	230.98460152220665	229.29595098046667
0.0	Eosauropus_Temperate_N	223.98174730522373	216.62495553680816
0.0	Eosauropus_Tropical_N	225.8157159301758	206.80521774718562
0.0	Eretmorhipis	238.72263841942186	237.7765655890113
0.0	Erpetosuchus	222.82358634670825	221.70320186033538
0.0	Erythrosuchus	247.4376596614354	243.25473140587243
0.0	Erythrovenator	235.18419390934395	233.63814737496367
0.0	Eshanosaurus	201.09116284183736	200.0875207263384
0.0	Eubrontes_Temperate_N	226.28266280708397	198.59633204411298
0.0	Eubrontes_Tropical_N	225.57609483591662	199.06039985644657
0.0	Eucoelophysis	223.73759169742425	200.8051406858206
0.0	Eudibamus	284.9207997433639	284.6472046856301
0.0	Eudimorphodon	217.29381999523432	201.9131453170904
0.0	Eumetabolodon	247.13867054019255	241.37600036928825
0.0	Eunotosaurus	265.042634257108	259.6118913124537
0.0	Euparkeria	247.40749374562773	241.70324277099866
0.0	Eurhinosaurus	201.29159926336249	200.34996981407352
0.0	Eurycleidus	201.5721285887783	200.5872302285413
0.0	Eusaurosphargis	246.5522376823988	238.5000878984304
0.0	Euscolosuchus	235.95248306997493	234.48356454422398
0.0	Evazoum	233.55076184452057	206.15337041461942
0.0	Fasolasuchus	217.90702579804733	216.76766025234429
0.0	Faxinalipterus	227.2950335357904	225.83944235865988
0.0	Feeserpeton	286.4273580774022	286.15202600426693
0.0	Feralisaurus	245.90865896010018	245.1033488656632
0.0	Fodonyx	247.43583701451402	241.77603907292155
0.0	Fraserosphenodon_Temperate_N	231.6581715189321	229.91076435939377
0.0	Fraserosphenodon_Tropical_S	220.07922400840718	218.91955530659214
0.0	Fraxinisaura	239.53626492906744	238.76927936142746
0.0	Fugusuchus	249.00350736562788	248.1896778986197
0.0	Fuyuansaurus	238.44938173955177	237.5501522171904
0.0	Galesphyrus	254.78223545498562	253.7801042095101
0.0	Gamatavus	242.1276143154995	239.58960338829732
0.0	Gansurhinus	274.7529486908371	252.37108046664676
0.0	Garjainia_Temperate_N	251.0351533345072	246.79421870394702
0.0	Garjainia_Temperate_S	251.47662868775078	246.7449723063131
0.0	Garzapelta	218.90087741830123	217.7626917625534
0.0	Gecatogomphius	277.81385597914334	269.43395101898403
0.0	Gephyrosaurus	208.9880271937602	201.41179291788166
0.0	Glaurung	256.42083490777475	256.30578801854233
0.0	Glyphoderma	237.68669698560646	236.30543399695233
0.0	Gnathovorax	230.52735696388243	222.6093614238434
0.0	Gojirasaurus	212.69032744426372	211.48603758371982
0.0	Gomphiosauridion	231.83372249485384	230.0976041476687
0.0	Gorgetosuchus	235.55021972320844	234.09641387850112
0.0	Gracilisuchus	241.15070242917042	237.7407659394919
0.0	Grallator_Temperate_N	235.6291673700733	198.13597061834773
0.0	Grallator_Temperate_S	230.8507624526722	218.1257782945527
0.0	Grallator_Tropical_N	236.6828203702812	199.22150919340405
0.0	Graoullyodon	204.51132610134414	203.53915727454844
0.0	Gregaripus	226.34112174593477	212.6944840361574
0.0	Gresslyosaurus	227.91439499642914	206.80469873369546
0.0	Grippia	249.988304379276	247.35279729878502
0.0	Guaibasaurus	228.43316088930413	211.1895351708189
0.0	Gualosuchus	239.74883079572018	237.24289825916745
0.0	Guanlingsaurus	232.4641181148332	226.88823220043835
0.0	Guchengosuchus	246.65649362080748	245.83950925355512
0.0	Guizhouichthyosaurus	240.98077045245293	226.74731474922206
0.0	Gulosaurus	251.60457697994963	249.0407953003334
0.0	Gunakadeit	216.53121325680715	215.3113680062749
0.0	Gwyneddichnium	223.0429776741132	200.66189368454116
0.0	Gyposaurus	201.77466883699196	200.1154026871008
0.0	Halazhaisuchus	246.5449892340718	245.72396914336068
0.0	Haligonia_Temperate_N	209.90718186841528	202.60692838591353
0.0	Haligonia_Tropical_N	230.86169086526138	229.15753040010082
0.0	Hanosaurus	248.30738478906594	247.4939439523131
0.0	Helcura	202.17045497085968	199.67684257446018
0.0	Helveticosaurus	242.2885894239062	241.5044961811212
0.0	Hemilopas	249.35185147948323	241.79498156562627
0.0	Hemiprotosuchus	221.99086938442548	220.09635231959086
0.0	Heptasuchus	235.3324617616084	233.79297126418163
0.0	Herrerasaurus	235.9656177566771	226.80950204382722
0.0	Hescheleria	243.91347255133246	243.11215164803053
0.0	Hesperosuchus	225.1153334899079	200.433676209551
0.0	Heterodontichnites	230.84068238742054	207.9132218143183
0.0	Heteropelta	243.04736494565262	242.27570076239743
0.0	Himalayasaurus	216.1975631343876	215.06656048593427
0.0	Hispaniasaurus	240.21299005678944	239.4650579636007
0.0	Honghesaurus	244.73131769219285	243.9302388339348
0.0	Horaffia	240.4705715687254	235.6614965975838
0.0	Hovasaurus	259.63006014832854	248.7104655035748
0.0	Howesia	243.41340955600512	241.6224346814454
0.0	Hudsonelpidia	214.00714664813773	212.83636307974302
0.0	Hupehsuchus	251.62673697301443	238.20007481780087
0.0	Hwiccewyrm	237.31406847397287	227.11018744349192
0.0	Hyloidichnus	257.4372489733812	250.7621485152163
0.0	Hyperodapedon_Temperate_S	235.93304179375494	208.5838247717062
0.0	Hyperodapedon_Tropical_N	232.20464005192912	230.48513660886962
0.0	Hypselorhachis	242.96367079324162	242.18924128596922
0.0	Hypsognathus_Temperate_N	204.03293887529406	203.03909905913125
0.0	Hypsognathus_Tropical_N	230.7011176076717	202.28446398928978
0.0	Hypuronector	228.94617970712662	218.16550018396265
0.0	Icarosaurus	226.54298389519957	225.1474654195147
0.0	Ichthyosaurus_Temperate_N	208.14184215781165	199.4758708204395
0.0	Ichthyosaurus_Tropical_N	229.73975908630445	207.1224766986312
0.0	Ichthyotitan	206.9593326708581	205.94396120821077
0.0	Idiosaura	232.4439734644921	230.72826481362821
0.0	Ignotosaurus	236.69093222228187	235.41749171004903
0.0	Incertovenator	227.88383062599283	226.45277941640495
0.0	Ingentia	209.94058283159242	208.82972743040264
0.0	Isfjordosaurus	248.87341499216146	248.06181070417955
0.0	Ixalerpeton	238.61152391795144	215.4663513826067
0.0	Jaklapallisaurus	215.18113724525432	214.02312477610533
0.0	Jaxtasuchus	239.96330508236113	235.60286579697308
0.0	Jesairosaurus	245.45765238424912	244.6493678583426
0.0	Jingshanosaurus	201.366445469442	198.57207359041047
0.0	Jushatyria	242.4704072517294	241.69091118385793
0.0	Kadimakara	251.99533275026477	250.8656082124432
0.0	Kalisuchus	251.50166803203604	250.8959965177116
0.0	Kapes_Temperate_N	250.74388267129402	246.14074356437308
0.0	Kapes_Tropical_N	248.27817407595018	240.42621153488707
0.0	Kayentapus_Temperate_N	201.59888772800704	199.38199517373835
0.0	Kayentapus_Tropical_N	227.6657437262319	199.44396683741226
0.0	Keichousaurus	250.98323838037578	235.65494606148388
0.0	Kholumolumo	228.52311748636737	208.66551938209773
0.0	Kinelia	257.07226731589174	256.9595132091068
0.0	Kintneria	228.76160042029773	210.628410337049
0.0	Kitchingnathus	251.0522214375009	250.33234959051012
0.0	Kocurypelta	209.30305710212488	208.17593430417784
0.0	Koiloskiosaurus	247.5746642112351	246.7380885134951
0.0	Komlosaurus	201.58166251686754	199.29875333589877
0.0	Krzyzanowskisaurus	237.35531019488064	207.6272521260575
0.0	Kudnu	251.95473300211845	250.90591245368685
0.0	Kuehneosaurus	237.5641215051447	206.94422017810976
0.0	Kuehneosuchus	203.4153675515075	202.41503406742072
0.0	Kuruxuchampsa	232.90596468663534	231.2088712203756
0.0	Kwangsisaurus	251.27297040426646	246.5636212461116
0.0	Labidosaurikos	282.3688351401864	272.8986756138791
0.0	Labidosauriscus	288.12111143415086	281.83551730527046
0.0	Labidosaurus	283.48215985110755	273.3031845597848
0.0	Lagerpeton	242.16510593113634	238.14833803612865
0.0	Lanceirosphenodon	211.9140127206381	210.72061482756072
0.0	Langeronyx	247.73775850391198	236.17621629046138
0.0	Langobardisaurus	214.70140389522763	209.7681515277544
0.0	Lanthaniscus	270.8423589233877	265.69042632623876
0.0	Lanthanolania	267.046284019413	266.12768125316524
0.0	Lanthanosuchus	265.16488999535477	264.46314901378406
0.0	Laquintasaura	201.8806017938052	200.92832856520585
0.0	Largocephalosaurus	245.1551093910974	243.3971982801149
0.0	Lariosaurus	250.0346931622136	235.6592746086399
0.0	Lasasaurus	251.49820101961132	250.8595623329966
0.0	Lavinipes	201.50762034359047	200.1829751766742
0.0	Lepidus	215.8421303364936	214.67988622244476
0.0	Leptonectes	201.7006112700352	199.89779194480502
0.0	Leptosuchus	227.18681138776742	208.40168490980852
0.0	Lessemsaurus_Temperate_S	226.55315448070687	208.51453168580755
0.0	Lewisuchus	242.31226356792655	227.51223836658193
0.0	Libognathus	211.5855963390122	210.4185201702444
0.0	Liliensternus	226.03005218269183	204.86553854670868
0.0	Lindwurmia	201.29038821204608	200.2931784892394
0.0	Litorosuchus	242.3728778565171	241.58422253187337
0.0	Lophostropheus	208.59086879314768	207.47802270178815
0.0	Lotosaurus	247.5971314182519	242.19096958715477
0.0	Lucasuchus	235.9625716457606	226.07846511239987
0.0	Lucianosaurus	226.8818054623201	225.43750058233326
0.0	Lucianovenator	212.96167276405262	211.8155384718003
0.0	Lufengosaurus	201.14518885111843	199.49209711767466
0.0	Lukousaurus	200.77365519984858	198.90731387755585
0.0	Luopingosaurus	244.46340089129092	243.65189057872598
0.0	Luperosuchus	240.21975704535745	236.7720855305497
0.0	Macgowania	228.59287813431425	211.97550447978224
0.0	Machaeroprosopus	226.8450330738509	201.28425049519507
0.0	Macrocnemus	247.78800009541607	237.46346233147676
0.0	Macrocollum	224.02384365775424	210.95306378404442
0.0	Macroleter_Temperate_N	272.47193620859304	263.7209068003481
0.0	Macroleter_Tropical_N	265.58480119731365	264.8072711471454
0.0	Macroplacus	208.69225421868086	207.64468533363734
0.0	Macroplata	201.78173715779226	200.81419531188348
0.0	Maehary	218.95678361254562	212.95504630571645
0.0	Majiashanosaurus	251.27251433779523	250.57936975977458
0.0	Malerisaurus	228.6860820296586	213.611894521077
0.0	Malutinisuchus	241.29055529640914	238.40769802520515
0.0	Mambawakale	247.0227288101948	246.20419175660862
0.0	Mandaphon	245.82877390958842	245.01013359865092
0.0	Mandasuchus	247.2527091878615	242.0614902507957
0.0	Marasuchus	242.3994236701098	240.91840914610646
0.0	Marcianosuchus	245.2883379499892	244.4808929796008
0.0	Massospondylus	235.9508646827082	234.57169550034448
0.0	Mbiresaurus	236.30173016316712	227.1744976577966
0.0	Megachirella	243.14814022146558	242.3715567535443
0.0	Megalancosaurus	216.27845586700658	207.97327027479776
0.0	Megalosauripus	201.20828968635934	200.23523933955687
0.0	Megalosaurus	202.41628767383517	201.41609655615355
0.0	Megapnosaurus	200.10931207248063	199.14772587323645
0.0	Mehliella	236.67878393844555	235.4395898074453
0.0	Melanorosaurus	214.62976253598907	213.40634814755745
0.0	Merriamosaurus	247.66509169486383	246.83638795272168
0.0	Mesodapedon	243.219672267003	242.44497270067978
0.0	Mesosaurus_Antarctic	290.33801027932066	282.9799102972609
0.0	Mesosaurus_Temperate_S	290.66584251748105	283.28360330909004
0.0	Mesosuchus	247.17019793581161	242.03407949431664
0.0	Metamosaurus	284.01711065873764	283.3368746754886
0.0	Metashastasaurus	222.06624930477696	208.14821638017978
0.0	Microcnemus_Temperate_N	251.75241355674154	246.7339252990758
0.0	Microleter	286.0686826682803	285.7900863795866
0.0	Micromenodon	229.81427509912683	228.18956798780528
0.0	Microsphenodon	223.7814228686815	209.58875109209558
0.0	Mikadocephalus_Temperate_N	238.34551053005939	237.22096695294124
0.0	Mikadocephalus_Tropical_N	238.9748812601141	238.09417098544628
0.0	Milleretta	260.53438602823826	249.8913519802383
0.0	Millerinoides	252.2759367673814	251.99911510864698
0.0	Milleropsis	257.6362297442175	250.27729166549236
0.0	Millerosaurus	256.6216971109383	251.1613064602659
0.0	Miodentosaurus	233.4820734017098	229.95946833954608
0.0	Mixosaurus	246.72400860281994	238.47144490718608
0.0	Moradisaurus	256.71220184054124	250.988961409712
0.0	Mystriosuchus_Temperate_N	226.6604068977527	198.46843470702646
0.0	Mystriosuchus_Tropical_N	214.98653769125528	212.30122395384586
0.0	Nambalia	226.40731359834103	215.38168109434991
0.0	Nanchangosaurus	249.4171434478031	245.02796848470342
0.0	Nanoparia	259.5538667072485	256.1965141262903
0.0	Neoaetosauroides	228.3206808011813	207.62678235897974
0.0	Neoprocolophon	243.71680807102985	242.88539612226919
0.0	Neusticosaurus	246.6572804349808	238.09285359636797
0.0	Nhandumirim	226.1640594273424	210.99717601299702
0.0	Nicrosaurus_Temperate_N	228.40698966350942	209.1872847876192
0.0	Nicrosaurus_Tropical_N	220.5107982565031	219.32431542065268
0.0	Nochelesaurus	264.1992950619796	260.03685297869134
0.0	Notatesseraeraptor	211.57550661354904	210.40245896542888
0.0	Noteosuchus	251.7748243834728	251.26405286198764
0.0	Nothosaurus_Temperate_N	247.68264657689787	206.5056632207236
0.0	Nothosaurus_Tropical_N	245.31483415101144	235.61358682104498
0.0	Nothosaurus_Tropical_S	247.23895133103855	238.75480243035707
0.0	Nundasuchus	246.73900164870855	245.91685647282316
0.0	Nyasasaurus	247.44082699473807	241.42432790754424
0.0	Nycteroleter	268.95863260668455	266.62796328404676
0.0	Nyctiboetus	275.688898023854	268.4289968394202
0.0	Nyctiphruretus	273.17955246075184	259.7104954917621
0.0	Obirkovia	259.3296429275838	257.7395212961499
0.0	Odontochelys	232.9694590070901	227.5332409866492
0.0	Omphalosaurus_Temperate_N	249.84762578095587	238.81122022912427
0.0	Omphalosaurus_Tropical_N	249.70254354584333	236.848553926645
0.0	Opisthodontosaurus	291.28307761219696	283.24827047479243
0.0	Orenburgia	250.8714117564733	246.7091608974841
0.0	Orovenator	285.23013104669906	281.527141098554
0.0	Oryctorhynchus	235.89868201922528	231.3306376814029
0.0	Oryporan	251.8557380096119	249.05103217972982
0.0	Osmolskina	250.97048536972622	250.25254743092498
0.0	Otozoum	225.73892298575458	224.43329407625242
0.0	Owenetta	261.414715308333	249.28942364150083
0.0	Ozimek	233.28672822877675	229.45586675481044
0.0	Pachypes	252.79714128134128	252.68425262035566
0.0	Pachypleurosaurus	246.99927566398233	236.40791980050398
0.0	Pachystropheus	209.7589682895451	202.7294719498173
0.0	Palacrodon_Temperate_S	249.70899522113655	244.02655714504914
0.0	Palacrodon_Tropical_N	218.5601197168007	216.4243642621132
0.0	Palaeagama	254.1871613344829	254.07317088212847
0.0	Palaeochersis	222.97486113694006	218.06140361556794
0.0	Palaeosaurus	235.90809580281126	234.37413581882166
0.0	Palatodonta	242.62786527460446	241.86175674027783
0.0	Paleollanosaurus_Temperate_N	203.5883098654295	202.66527345640733
0.0	Paleollanosaurus_Tropical_S	220.21574867290744	219.05240112345604
0.0	Paliguana	250.9611322439027	250.25013013676758
0.0	Pamelaria	246.17869594454686	241.45393977266886
0.0	Pamelina	248.36349707001094	247.5133573351148
0.0	Pampadromaeus	232.21946641350027	222.64540519762207
0.0	Panguraptor	200.20603375400657	199.26077946379922
0.0	Panphagia	234.49958641185572	232.88611127280828
0.0	Pantydraco	230.5976520280583	228.929374563075
0.0	Panzhousaurus	244.64300059332484	243.8402871180721
0.0	Pappochelys	240.05088690229834	239.32767902134333
0.0	Parabrontopodus_Temperate_N	201.45949764459124	199.91936975841963
0.0	Parahupehsuchus	247.87813194203667	247.04947012065617
0.0	Paralonectes	250.71522320866566	234.96925576504512
0.0	Paraplacodus	247.58066202282777	235.39625096963272
0.0	Pararcus	246.27493156609995	245.46761418995197
0.0	Parasaurus	260.8423525356997	253.93882378008465
0.0	Parasuchus_Temperate_N	251.1256710574755	226.51486238675054
0.0	Parasuchus_Temperate_S	237.7442791972723	229.2179920333558
0.0	Parasuchus_Tropical_N	237.5295971406644	216.68963398871915
0.0	Parasuchus_Tropical_S	221.2663954889784	210.9513366468067
0.0	Paratypothorax_Temperate_N	227.55223832798288	207.17776438121444
0.0	Paratypothorax_Tropical_N	226.72291681369595	208.5667067120403
0.0	Paratypothorax_Tropical_S	226.16961418485994	224.7407137480356
0.0	Pareiasaurus	264.04706600413056	253.92479871399127
0.0	Pareiasuchus	265.23160847196834	254.46858831575506
0.0	Parringtonia	242.736594367318	242.00148977347237
0.0	Partanosaurus	239.9332377705628	239.1967761641932
0.0	Parvinatator	243.35636849396906	242.56760754356227
0.0	Parvosuchus	238.70123045041444	237.82577007347564
0.0	Pectodens	243.2213204975199	242.4320199975132
0.0	Pelecymala	235.0506308661188	228.41398639999858
0.0	Pendraig	234.48812747924117	232.87563952900507
0.0	Pentaedrusaurus	243.77874312729492	242.97088752889258
0.0	Permotriturus	260.1514452202033	259.788885114085
0.0	Pessopteryx	248.48678212612495	246.2958197834534
0.0	Peteinosaurus	215.93091455494041	213.42513766035609
0.0	Phaanthosaurus	251.91153477527916	251.07907482426228
0.0	Phalarodon_Temperate_N	251.41164966104557	236.92595429498442
0.0	Phalarodon_Tropical_N	245.9491220827768	241.7167874514279
0.0	Phantomosaurus	244.1517690408253	243.33751415783033
0.0	Phonodus	251.5230110283714	250.9244344528308
0.0	Pisanosaurus	234.26203290446213	232.63326202066324
0.0	Pistosaurus	248.27970802337586	234.95016067036974
0.0	Placochelys	238.53066984185804	206.70896660023976
0.0	Placodus_Temperate_N	247.00077788520977	236.53061936852765
0.0	Placodus_Tropical_N	245.8948260930436	243.3590499380254
0.0	Placodus_Tropical_S	250.29748867199672	238.64776098584287
0.0	Planocephalosaurus_Temperate_N	237.27213948298424	201.15788755903267
0.0	Planocephalosaurus_Tropical_S	213.92178734466822	212.74613104161116
0.0	Plateosauravus	227.42454232285647	213.05171011850376
0.0	Plateosaurus_Temperate_N	227.1381859676932	200.73881027532687
0.0	Plateosaurus_Temperate_S	227.02416300496702	214.16770219978858
0.0	Platypterna	222.2437736735117	198.29978121945643
0.0	Plectropterna	201.60261895382163	199.31254009368288
0.0	Plesiornis	201.62784522081003	200.6709951473569
0.0	Plesiosaurus	207.7796824782218	199.16452423921643
0.0	Polesinesuchus	237.0221404493634	235.98077706290263
0.0	Polonosuchus	232.41796731949196	230.7030093994493
0.0	Polymorphodon	238.26405550385428	237.1645374633412
0.0	Poposaurus	237.45707883494026	205.95207306674317
0.0	Postosuchus	232.11302206807952	200.82635387910904
0.0	Powellvenator	213.46531383922752	212.3029729558098
0.0	Pravusuchus	215.40155561617397	214.24532258013204
0.0	Preondactylus	214.82963640797584	212.72348260758181
0.0	Prestosuchus	242.21737562702208	230.02923343321532
0.0	Procerosuchus	239.76515959790325	239.0001932772193
0.0	Procolina	249.7063571872465	248.90212118944413
0.0	Procolophon	251.95166339920635	246.9827189160883
0.0	Procolophonichnium_Temperate_N	244.1026857577566	241.24798169679525
0.0	Procolophonichnium_Temperate_S	249.3243153670334	248.50685882658325
0.0	Procompsognathus	215.33184799831062	214.15307492134895
0.0	Proganochelys_Temperate_N	223.01442656068676	201.9163667244691
0.0	Proganochelys_Tropical_N	213.5366524212496	212.33386989970938
0.0	Prolacerta	251.89501333553287	246.74241959798678
0.0	Prolacertoides	251.8643966633467	251.39910292177868
0.0	Prosantosaurus	241.40971873875483	240.67034595961127
0.0	Prosaurosphargis	248.67606413460686	247.8766406845028
0.0	Protanystropheus	248.0037281873908	244.41229889819869
0.0	Protecovasaurus	221.78004087666042	211.80854013540974
0.0	Protenodontosaurus	237.09064345495526	236.0527212848814
0.0	Proteosaurus	201.30813780550653	199.19572711979657
0.0	Proterochampsa	231.00306800476085	229.40343935229782
0.0	Proterochersis	223.96392284617406	211.647923734047
0.0	Proterosuchus_Temperate_N	251.6849936233355	250.75245428590867
0.0	Proterosuchus_Temperate_S	251.88151416728425	247.06342318667342
0.0	Protoavis	221.84254754021978	213.8415071612003
0.0	Protocaptorhinus	289.7546437033046	280.76377977096394
0.0	Protoichthyosaurus	200.42413135094245	199.4695683074447
0.0	Protome	217.9099005228581	216.69644865298932
0.0	Protorosaurus	257.8914268029942	253.97175439480435
0.0	Protorothyris	299.2005865754919	293.71290326107345
0.0	Protosuchus	206.5323862270859	199.15114113505948
0.0	Provelosaurus	266.7217166936424	264.54891114035905
0.0	Psephochelys	230.11736385856247	228.4848929747239
0.0	Psephoderma_Temperate_N	209.14854500629417	202.578715973338
0.0	Psephoderma_Tropical_N	214.54686077886993	212.58588656128114
0.0	Psephoderma_Tropical_S	243.9992944050778	241.55386263117364
0.0	Psephosauriscus	245.730381814682	240.14680953674045
0.0	Psephosaurus_Temperate_N	239.55634280012237	238.82403706789788
0.0	Psephosaurus_Tropical_S	244.22031825734513	240.9976704735343
0.0	Pseudhesperosuchus	221.34051040945158	220.12983204701246
0.0	Pseudochampsa	227.9458888204179	226.66160282650577
0.0	Pseudotetrasauropus_Temperate_N	209.09873654286494	208.0544575326167
0.0	Pseudotetrasauropus_Tropical_N	227.08355749126088	199.84253572174634
0.0	Pterodactylus	201.0876665056477	200.12169586095513
0.0	Pumiliopareia	258.7269281857672	258.6160675108312
0.0	Qianichthyosaurus	240.25930946512716	227.98799580583736
0.0	Qianosuchus	244.54237663649198	243.4388090843108
0.0	Qianxisaurus	242.1706375752068	241.39150895156496
0.0	Quasianosteosaurus	247.94718242263758	247.12022192778167
0.0	Raeticodactylus	213.7008559773932	212.52592158030015
0.0	Rautiania	265.9674966963012	258.3064873270765
0.0	Redondasuchus	223.85922807619826	209.33754534742275
0.0	Redondavenator	219.21841788195204	218.00224193929202
0.0	Revueltosaurus	237.45064602926453	208.00795892136526
0.0	Rhaeticosaurus	204.1145553480108	203.1716900798221
0.0	Rhipaeosaurus	267.8847274445592	260.35181203406853
0.0	Rhomaleosaurus	203.86281017619766	199.1109346687508
0.0	Rhombopholis	248.42710231205882	239.21694401980116
0.0	Rioarribasuchus	227.8543901517202	209.33460530563448
0.0	Riojasaurus	229.2639986244006	211.50617547687068
0.0	Riojasuchus	212.74276889009894	211.59552576400955
0.0	Romeria	295.4413930597208	293.9017915817303
0.0	Rothianiscus	271.2689590137963	264.04653690440347
0.0	Rotodactylus	210.41726140019773	209.29098476372022
0.0	Ruehleia	229.0362778394496	219.10342178850732
0.0	Rugarhynchos	209.16444436443965	208.0949879128619
0.0	Ruhuhuaria	243.01366349150197	242.21550443777755
0.0	Rutiodon	231.70378135827443	209.07889287072453
0.0	Sacisaurus	226.29447602138447	224.91327600099558
0.0	Saltoposuchus	228.59200514081667	214.2375078965787
0.0	Sanchiaosaurus	243.02297199835823	242.2507186806981
0.0	Sanchuansaurus	253.27627120970303	253.16401784708285
0.0	Sanjuansaurus	232.32186170214584	230.62964582620089
0.0	Santaisaurus	251.9650543696575	250.92160113134238
0.0	Sarcosaurus	201.25870207526808	200.31120637842145
0.0	Sarmatosuchus	244.61202054810636	243.77107369828138
0.0	Saturnalia	237.5099449152592	217.860600623489
0.0	Saurischichnus	226.7048310728757	211.3041245969245
0.0	Saurodektes	251.89340366804842	250.9071752195687
0.0	Sauropareion	251.22675691398592	246.6050907373316
0.0	Sauropus	201.32147448332586	200.35264880044267
0.0	Saurorictus	259.14228820263287	259.0234826539253
0.0	Saurosternon	259.6766945952201	259.3667383135286
0.0	Saurosuchus	229.93890046716288	228.36302624467297
0.0	Scelidosaurus	200.9190055488024	199.93095932334782
0.0	Scharschengia	248.84684924998078	248.0211342137945
0.0	Schleitheimia	218.26115850328446	217.03261085766803
0.0	Sclerocormus	248.29714229283067	247.479230708055
0.0	Sclerosaurus	248.0811191238034	243.70490804457106
0.0	Sclerostropheus	220.90579695933272	219.74506909198863
0.0	Scoloparia_Temperate_N	206.9047077934276	205.89281135643864
0.0	Scoloparia_Tropical_N	235.4937564891754	227.28671466802277
0.0	Scolotosuchus	250.23337954288013	249.44413121554936
0.0	Scutarx	227.36928710133054	207.33666003854447
0.0	Scutosaurus	265.23628215492533	256.6338297424615
0.0	Scythosuchus	247.62122347510982	246.77622239477844
0.0	Seazzadactylus	218.5744129245755	217.40558781468187
0.0	Selenichnus	202.34511217438978	199.95633543654245
0.0	Serpianosaurus	246.30509484002172	236.90277028755148
0.0	Shansisuchus	247.36641788641333	241.84941224990013
0.0	Shastasaurus_Temperate_N	215.03160442489292	213.81816135022933
0.0	Shastasaurus_Tropical_S	236.79594373004608	229.82402612617767
0.0	Shihtienfenia	253.58687057345207	250.67990413622738
0.0	Shonisaurus_Temperate_N	234.29955100145747	202.90662164594892
0.0	Shonisaurus_Tropical_N	226.25087888161437	219.69382401781724
0.0	Shringasaurus	247.72512272086078	241.38694751291584
0.0	Shuangbaisaurus	200.47850009385095	199.53162741335308
0.0	Shuvosaurus	227.1327724628593	200.74918524001063
0.0	Sigmala	236.7796884577913	228.79635426938913
0.0	Sikannisuchus	226.5536707742034	209.33612329138862
0.0	Silesaurus	231.59888171150925	229.9740397752331
0.0	Sillosuchus	227.99290485255867	226.62923362195207
0.0	Simosaurus_Temperate_N	242.59417257011336	202.42978129986017
0.0	Simosaurus_Tropical_S	243.32181559674896	242.54456817364357
0.0	Sinocyamodus	228.69404701118532	227.17327642872732
0.0	Sinosaurosphargis	244.9948018386821	242.92554059414056
0.0	Sinosaurus	200.91741023979267	199.29335583771064
0.0	Skybalonyx	211.13580697137175	209.93210496392973
0.0	Smilodonterpeton	202.39914402872185	201.44705757363326
0.0	Smilosuchus	229.61100933059893	209.5263617479835
0.0	Sophineta	251.35260082980457	250.67703303839158
0.0	Soturnia	228.4338335344765	206.99731627170613
0.0	Soumyasaurus	216.95432439976284	215.78021038358554
0.0	Sphenotitan	227.96848901189674	211.29808911120816
0.0	Sphodrosaurus	223.30745708016238	222.18839854774612
0.0	Spinosuchus	229.88511912757014	206.68137453062695
0.0	Spondylolestes	258.39141548297846	250.50157887491045
0.0	Spondylosoma	241.99014008580326	237.35817166214636
0.0	Stagonolepis_Temperate_N	233.13179430853913	229.37824725465975
0.0	Stagonolepis_Tropical_N	225.01237215445784	211.7601349577507
0.0	Stagonolepis_Tropical_S	220.05473585488673	218.84581291157826
0.0	Stagonosuchus	247.2326161414958	242.26403856993667
0.0	Staurikosaurus	233.3027147880223	231.62608903524514
0.0	Stauromatodon	238.36148407556956	237.31464023176687
0.0	Stegomus	224.16729517944685	213.55114343091822
0.0	Stenaulorhynchus	247.66023461839822	242.3372329344844
0.0	Stenomyti	227.68949944280467	226.10930440633922
0.0	Stenoscelida	215.24832296408655	214.06982000636808
0.0	Stereosternum_Antarctic	290.73565553158767	289.71821284699314
0.0	Stereosternum_Temperate_S	291.18457491599236	282.4168851068727
0.0	Styracocephalus	265.5990374966658	260.11285116589283
0.0	Syntarsus	207.97824483978815	206.88843328150577
0.0	Syntomiprosopus	221.44460811916034	220.25764589077366
0.0	Tachiraptor	201.82004961822497	200.8166615964207
0.0	Tanaisosaurus	249.73156780184496	248.94236977298735
0.0	Tanystropheus_Temperate_N	248.18668102831057	200.62036894285646
0.0	Tanystropheus_Tropical_N	245.31852582594564	236.55415978780266
0.0	Tanystropheus_Tropical_S	245.66144885341814	243.04621083167808
0.0	Tanytrachelos	224.558022474946	208.74129235200888
0.0	Tarjadia	240.12889172099034	237.3911425111388
0.0	Tarsodactylus	201.10073140377847	200.14479278799732
0.0	Tasmaniosaurus	251.96029534364504	250.9123962104064
0.0	Tawa	227.31195632052857	207.79389379894238
0.0	Taytalura	228.90816130577218	227.54850670829853
0.0	Technosaurus	220.17935220888276	219.0235478535156
0.0	Tecovasaurus	221.83470291533789	209.66316399177012
0.0	Tecovasuchus	226.71560726585423	214.11755596377122
0.0	Teleocrater	245.1270168832207	241.51429354215563
0.0	Temnodontosaurus	201.18929559478966	199.2307165689043
0.0	Teraterpeton	232.96054841649152	228.94232061538312
0.0	Teratophon	244.89246945143114	242.59773434896707
0.0	Teratosaurus_Temperate_N	240.24836534260004	208.01933715765912
0.0	Teratosaurus_Temperate_S	249.84060937940373	249.06603625443498
0.0	Termatosaurus	209.45055043685326	201.1165912699235
0.0	Terrestrisuchus	236.79021446532377	226.92487775703358
0.0	Tetrasauropus_Temperate_N	221.69291518374564	220.53469825006434
0.0	Tetrasauropus_Temperate_S	244.47336232750826	236.97024217716083
0.0	Teyujagua	251.160189607391	250.47165182161268
0.0	Teyumbaita	225.33134133012845	208.24464113877653
0.0	Thadeosaurus	252.56559140294655	252.44512445923107
0.0	Thaisaurus	248.39122780988535	247.5942755516609
0.0	Thalassiodracon	206.52735415397123	198.9991385953131
0.0	Thalattoarchon	244.9775438738513	244.17502176782287
0.0	Thalattosaurus	245.04682399264047	237.74523266229454
0.0	Thecodontosaurus	247.37284768124184	201.16652481545242
0.0	Theledectes	242.46992498392288	241.7179420180287
0.0	Thelephon	246.60267451559292	245.79327930088587
0.0	Thelerpeton	246.43766881338456	242.49222535064567
0.0	Tholodus_Temperate_N	246.38010827995254	242.7027987427501
0.0	Tholodus_Tropical_N	242.25030746992695	241.44475123797127
0.0	Thuringothyris	292.0539399353199	281.2476736219486
0.0	Tichvinskia	250.87514069701584	247.0201978658563
0.0	Ticinosuchus	245.6963426080763	243.63648551387183
0.0	Tikisuchus	232.83233850461093	231.129683911549
0.0	Timanophon	251.49953401107874	245.97412893889563
0.0	Toretocnemus	236.7192280757607	229.3766103869614
0.0	Trachelosaurus	246.27285353790987	245.4485552355311
0.0	Trialestes	236.54799384671534	226.45787047410664
0.0	Tricuspisaurus	206.86556622406704	205.8073007552718
0.0	Trihamus	201.5500866215735	200.60526340816605
0.0	Trilophosaurus	230.52616572575803	208.8771291213092
0.0	Tropidosuchus	242.3405010731521	235.59408494570053
0.0	Tuebingosaurus	218.22286135559085	216.99515024770741
0.0	Turfanosuchus	246.6169716103661	245.8034827259599
0.0	Typothorax	227.65184355689257	203.17304565355934
0.0	Uatchitodon	230.10769438292786	212.11522578216096
0.0	Unaysaurus	226.61322789799047	221.88904171990606
0.0	Unguinychus	215.01525881003892	213.82332418961332
0.0	Uralosaurus	247.35993214510967	243.74876390755873
0.0	Utatsusaurus	250.97744593144554	246.76635610353708
0.0	Vallesaurus	217.00399526926319	213.93902919000766
0.0	Vancleavea	233.79680795638888	201.15974410795576
0.0	Variodens	206.7835319791943	200.69889088124378
0.0	Vellbergia	237.8956965261996	236.58202675667042
0.0	Velocipes	211.2328309682205	210.0761797116879
0.0	Venaticosuchus	235.91784942200934	234.49532119862738
0.0	Venetoraptor	235.86341613369285	221.87272826725948
0.0	Vinitasaura	234.8564485105975	233.28359354012562
0.0	Vivaron	226.20561513809943	208.4666942546937
0.0	Vjushkovisaurus	244.51695206884838	241.55355661116866
0.0	Volcanosuchus	234.14428008891358	232.48202467438514
0.0	Vonhuenia	251.76697198490334	251.24937598351505
0.0	Vritramimosaurus	251.19526289040826	250.4950506713472
0.0	Vytshegdosuchus	251.4118986473416	250.76691160361094
0.0	Wahlisaurus	200.98000440614726	200.01941812686744
0.0	Waluchelys	224.72108371827602	223.5720526395469
0.0	Wangosaurus	239.33073627655477	235.9698537622809
0.0	Wannia	215.39928650747817	208.44836468595693
0.0	Wapitisaurus	250.7466671460282	249.96915413107513
0.0	Weigeltisaurus	260.38676335606476	254.37510285046207
0.0	Whitakersaurus	202.8938099719082	201.9411628538404
0.0	Wimanius	238.75039188852222	237.8661377893426
0.0	Wumengosaurus	245.36630326726876	241.7272417241735
0.0	Xenodiphyodon	231.07606564540893	229.41766674639666
0.0	Xilousuchus	243.64253233950083	242.8430631282461
0.0	Xingxiulong	200.02956892504608	199.03218495893404
0.0	Xinminosaurus	244.60183946110672	243.812006019605
0.0	Xinpusaurus	238.8416839691703	226.69183820112477
0.0	Xiphopeza	201.16650754706734	200.18083086358098
0.0	Yarasuchus	248.25474304073288	241.2361217455847
0.0	Yelaphomte	209.70461104124044	208.62413024583384
0.0	Yimenosaurus	201.30086559136635	199.21415591221773
0.0	Youngetta	251.8566627797619	251.37987566018097
0.0	Youngina	261.2824733413327	250.28192468816474
0.0	Youngosuchus	245.32848929954415	244.48728533113402
0.0	Yunguisaurus	242.28559164372825	235.90156272781135
0.0	Yunnanosaurus	201.55482577516597	199.44964279024268
0.0	Zanclodon	242.4413718698515	203.74037617186056
0.0	Zhongjiania	260.6088815603067	252.9830789503853
0.0	Zupaysaurus	209.60545924788084	208.4874274508405
