clade	species	ts	te
0.0	Abyssomedon	283.9079524604333	283.1353056161675
0.0	Acadiella	230.34928689749808	228.68290763976566
0.0	Acaenasuchus	225.9705462450351	207.40189027500008
0.0	Acallosuchus	220.81790316754766	219.60743983097012
0.0	Acerosodontosaurus	256.67160052023905	256.56132938296287
0.0	Acleistorhinus	278.29950315687955	277.0071574929141
0.0	Acrodenta	256.44109026214977	256.3292996861154
0.0	Actiosaurus	205.62129069916386	204.56869692710575
0.0	Adamanasuchus	225.48863196818533	224.17433442287904
0.0	Adelosaurus	257.16579883717867	257.0567681505267
0.0	Aenigmasaurus	251.2991069260455	250.63085683424103
0.0	Aenigmaspina	233.96924017133583	232.31975300361498
0.0	Aenigmastropheus	257.29897624097066	257.1912835022827
0.0	Aetosauroides	232.7168207947169	208.3959491467729
0.0	Aetosaurus	227.2230449068812	208.25466820742952
0.0	Agkistrognathus	250.55195447010175	249.79663154855493
0.0	Agnosphitys	232.87662467497677	231.22780415478198
0.0	Alexeyisaurus	213.18749830036379	211.98767794016487
0.0	Alwalkeria	235.99196100876534	234.5815608719306
0.0	Amanasaurus	235.13466086485684	211.37316030557352
0.0	Ammorhynchus	247.7716874417974	244.28165063968524
0.0	Ammosaurus	201.49508739114856	199.93699401635934
0.0	Amotosaurus	247.43532024202395	242.4423393004048
0.0	Anarosaurus	246.65997662755842	242.66343325681672
0.0	Anchisauripus_Temperate_N	228.98856656922408	197.73831679419342
0.0	Anchisauripus_Tropical_N	218.93496004751802	198.08265757255285
0.0	Ancistronychus	220.64823396016413	219.46100432885316
0.0	Angistorhinus	237.2616657824419	216.8591958323355
0.0	Anisodontosaurus	247.9034977171056	238.21950226544197
0.0	Anomoepus_Temperate_N	201.6206466207587	199.42658850652953
0.0	Anomoepus_Tropical_N	218.3570543734854	199.113589539493
0.0	Anomoiodon	247.88702006856258	242.80427982456962
0.0	Anshunsaurus	239.8698275793417	230.2858280455496
0.0	Anthodon	260.0050664200339	253.63879582799296
0.0	Anticheiropus	201.6826023552168	200.62671064643192
0.0	Apachesuchus	227.60197975313687	226.0706484865206
0.0	Apatopus_Temperate_N	232.76870285665112	231.07587248456892
0.0	Apatopus_Tropical_N	224.262416809287	202.36566014843277
0.0	Apatopus_Tropical_S	231.58810689344728	229.8035131929847
0.0	Apatosuchus	215.42521698230968	214.14199945336637
0.0	Aphelosaurus	296.54891117669223	294.81195224282527
0.0	Araeoscelis	288.2828065950423	272.62111241031533
0.0	Archeopelta	238.4693289180433	237.5448185057638
0.0	Archosaurus	261.1213457081148	256.67340651475945
0.0	Arcticodactylus	217.36211752674097	216.18683010320592
0.0	Arganaceras	254.80956771717536	254.69988181324442
0.0	Arganasuchus	229.01788063439713	227.10852711059928
0.0	Argoides	201.34867442508727	200.4107068455825
0.0	Arizonasaurus	247.56332935773918	244.2957911261184
0.0	Asilisaurus	247.05401973471865	241.90965362194189
0.0	Askeptosaurus	245.73505013995478	234.76812592553108
0.0	Asperoris	244.0335944104357	243.23364339372606
0.0	Asylosaurus	208.42298631137618	201.08666995806993
0.0	Atopodentatus	244.90420537282967	243.63045425951347
0.0	Atreipus_Temperate_N	232.8950847452145	231.29342595288492
0.0	Atreipus_Tropical_N	230.48269859989188	206.44373238516098
0.0	Augustaburiania	250.34259457211823	247.2188579146484
0.0	Augustasaurus	243.345641042645	242.5527653141638
0.0	Australothyris	262.6503010925189	262.1420073452086
0.0	Austriadactylus	214.71231210205426	211.19496485455488
0.0	Austriadraco	212.8424528171401	211.63679053650947
0.0	Avalonnectes	200.0690776529517	199.07685685060758
0.0	Avicranium	202.89760338340332	201.8678527187119
0.0	Azendohsaurus	236.63528535386865	235.39210151566994
0.0	Baeotherates	285.26754487493236	284.98971128401456
0.0	Baisesaurus	248.23536501056685	247.4387669688486
0.0	Barasaurus	261.41185769752514	248.94192411268045
0.0	Barberenasuchus	240.89693507792074	240.20811512602606
0.0	Barracudasauroides	247.32382576614523	241.8285757035806
0.0	Barracudasaurus	248.07082224689304	241.53817430393124
0.0	Barrancapus	218.49372552891685	217.2938724095944
0.0	Bashkyroleter	269.60376397601664	264.4806397052082
0.0	Batrachopus_Temperate_N	247.19592994116252	205.54869287002478
0.0	Batrachopus_Tropical_N	214.1625193027646	199.12772341522307
0.0	Batrachotomus	239.49080224721695	236.36484074692262
0.0	Belebey	271.3437583111219	263.9861863455788
0.0	Benggwigwishingasuchus	245.0943023920008	244.25680559569278
0.0	Bentonyx	246.82865675979963	246.0217299243007
0.0	Bergamodactylus	214.03356792126792	212.78681705075755
0.0	Besanosaurus	238.7374033078518	237.87027477161251
0.0	Blezingeria	247.25602040688486	246.45142313335637
0.0	Blomosaurus	251.93008314965996	251.54507711087044
0.0	Bobosaurus	236.57779443689265	235.35847714851104
0.0	Bolosaurus	294.4678634188525	274.0683842282656
0.0	Boreopricea	251.61713185948557	247.43513380111332
0.0	Brachychirotherium_Temperate_N	236.91165045754585	235.77851551861391
0.0	Brachychirotherium_Tropical_N	229.64659911075393	203.2376993046142
0.0	Brachychirotherium_Tropical_S	237.45078681384226	232.61377679148177
0.0	Bradysaurus	264.54408963619306	259.47565453525186
0.0	Brasinorhynchus	240.46768948258432	237.71415162923614
0.0	Brazilosaurus	291.8858102729388	282.3111535818208
0.0	Bromsgroveia	247.7150768180251	241.19650685238042
0.0	Broomia	265.1086545520105	259.73025366835793
0.0	Bunostegos	252.18461474486608	251.7604425537761
0.0	Buriolestes	236.1045467473676	210.05504489593278
0.0	Bystrowisuchus	251.25470639986142	250.59510932030398
0.0	Callawayia	227.24555567249067	213.89606279835277
0.0	Calyptosuchus	232.50883343716734	208.70919203170783
0.0	Camelotia	205.74303681121967	201.6058963480902
0.0	Camposaurus	210.86967831585721	209.63849683004676
0.0	Candelaria	242.88173093463826	235.10763083576904
0.0	Captorhinikos	283.5336941075014	272.93603129552326
0.0	Captorhinoides	283.4906713577369	273.28458394405504
0.0	Captorhinus_Temperate_S	255.7683613030838	255.65859848697127
0.0	Captorhinus_Tropical_N	290.910773382666	272.3533342269221
0.0	Captorhinus_Tropical_S	290.77768462057537	273.3885517918298
0.0	Cargninia	214.81711730500908	213.52572246430216
0.0	Carnufex	233.89211638690946	232.32638164774966
0.0	Cartorhynchus	248.75130928465768	247.9633298708683
0.0	Caseosaurus	220.30086446554242	219.07466352172574
0.0	Caviramus	202.07179520837755	201.01167044540168
0.0	Ceresiosaurus	242.19282578230624	238.30341243541378
0.0	Chalishevia	241.26809062119085	236.9813522524783
0.0	Chanaresuchus	242.95863508657072	235.85200613190187
0.0	Chaohusaurus	250.8633700917747	246.70967449501072
0.0	Chasmatosuchus	251.74804245983415	247.14146365263662
0.0	Chelyoposuchus	207.40512457971553	206.31147865684414
0.0	Chinchenia	245.79649549765753	244.99253706146612
0.0	Chindesaurus	222.90632282658038	208.2792586209276
0.0	Chinshakiangosaurus	200.16879907903356	199.17246618745435
0.0	Chirotherium_Temperate_N	234.94147307598254	203.4775203868684
0.0	Chirotherium_Temperate_S	243.0122406180896	238.6672758683456
0.0	Chirotherium_Tropical_N	253.01825434111763	213.28429353410567
0.0	Chromogisaurus	231.82099148262904	230.16827504486918
0.0	Clarazia	244.12924539447997	243.33804810550998
0.0	Claudiosaurus	260.6242263409391	251.03801807660096
0.0	Clevosaurus_Temperate_N	237.4488099461617	199.47602687102997
0.0	Clevosaurus_Temperate_S	235.9152773400277	209.24143468192977
0.0	Coahomasuchus	233.28522604683104	221.2723591304876
0.0	Coartaredens	248.38178746283805	243.12431718940294
0.0	Coburgosuchus	227.5825518885343	225.94772966066688
0.0	Coelodontognathus	248.42764162848076	246.51326204872439
0.0	Coelophysis_Tropical_N	228.26297177068477	198.90427865892372
0.0	Coelophysis_Tropical_S	222.72638879135255	221.4959800780667
0.0	Coelurosauravus_Temperate_N	258.12757893853126	258.01905163892394
0.0	Coelurosauravus_Temperate_S	256.36644057746344	252.53561936297294
0.0	Coelurosaurichnus_Temperate_N	246.16555022486844	201.59635966272322
0.0	Coelurosaurichnus_Tropical_N	245.1556732358042	207.7822417190813
0.0	Coelurosaurichnus_Tropical_S	234.6710699990862	228.99140507616627
0.0	Coletta	250.1955607720186	249.42656228636525
0.0	Collilongus	251.42287740171935	250.8022172940183
0.0	Colobomycter	287.0996645322737	285.4516930531888
0.0	Colobops	222.6144184856868	221.44044370551038
0.0	Coloradisaurus	216.05204656742134	213.89715088093857
0.0	Coloradisuchus	213.8325925959216	212.63891900323526
0.0	Concavispina	230.87289885635684	229.18723827850593
0.0	Contectopalatus	242.1677950630148	241.41893592677818
0.0	Corosaurus	249.19434843418665	247.17713777224316
0.0	Cosesaurus	238.00539407122042	236.73442240467764
0.0	Crosbysaurus	228.46829707857947	207.61529942831243
0.0	Ctenosauriscus	248.84862919043795	248.0626389577771
0.0	Cyamodus	245.0746672173096	227.38070500831586
0.0	Cymatosaurus	245.89440538579765	242.20427992396367
0.0	Cymbospondylus_Temperate_N	243.6496297123238	235.5467007077464
0.0	Cymbospondylus_Tropical_N	249.02520247000257	236.64194803119446
0.0	Czatkowiella	248.89150888178133	248.1072704756095
0.0	Dactylosaurus	248.02974044846263	242.6839952121814
0.0	Daemonosaurus	204.30088111861195	203.20699268286913
0.0	Dagasuchus	234.87384898009742	233.28312291443135
0.0	Dawazisaurus	242.8585333757236	242.1084013269932
0.0	Decuriasuchus	241.8772718114105	235.9554851930374
0.0	Delatorrichnus	200.07894576308374	199.05584215854574
0.0	Delorhynchus	292.5740404210921	284.82198290138246
0.0	Deltadectes	216.39175417859423	205.00496425109475
0.0	Deltavjatia	264.9639241943869	259.5367244216697
0.0	Desmatosuchus	237.16005326760276	207.90953510547993
0.0	Diandongosaurus	244.8838270434982	244.05330226689085
0.0	Diandongosuchus	240.37759628164616	239.6914015352489
0.0	Dianmeisaurus	245.6869389924974	241.41492768327473
0.0	Dianopachysaurus	245.0332617149	244.2261345380735
0.0	Dimetropus	291.97347410798	283.40745695756516
0.0	Dimorphodon	201.84803843198083	200.77736381275486
0.0	Dinocephalosaurus	245.2700792408101	243.2931228231768
0.0	Diphydontosaurus_Temperate_N	234.84859277415603	200.75784110488354
0.0	Diphydontosaurus_Tropical_N	214.4346075675404	213.18234996475528
0.0	Diphydontosaurus_Tropical_S	226.9377177775542	225.49177649113872
0.0	Dolabrosaurus	218.86351069541976	217.67537154785302
0.0	Dolerosaurus	228.4181841138633	227.03423909452388
0.0	Dolichobrachium	230.83928103709124	229.03706369020006
0.0	Doliovertebra	245.93158027014996	245.12149418129067
0.0	Dongusuchus	245.5176202174384	241.80955943732656
0.0	Dorosuchus	247.33019408048892	241.74845408299245
0.0	Doswellia	237.69921448837064	207.7968450924009
0.0	Dracoraptor	201.56063993845692	200.4691607291059
0.0	Drepanosaurus_Temperate_N	216.88783752636053	215.6718630830201
0.0	Drepanosaurus_Tropical_N	222.6567138445315	202.97309105788074
0.0	Dromomeron_Temperate_S	223.27847144962533	222.0841463266988
0.0	Dromomeron_Tropical_N	225.85156154775257	204.92067155556455
0.0	Dromomeron_Tropical_S	228.18137435895326	211.4233848701585
0.0	Dyoplax	234.10746388131201	232.42443805483046
0.0	Ebrachosuchus	237.12388953680002	236.0961397783135
0.0	Effigia	209.1556105930204	200.41551447677415
0.0	Efraasia	225.69420694282866	211.82227019157204
0.0	Eifelosaurus	246.78812017816992	245.97744346313746
0.0	Elachistosuchus	205.17022549727102	204.10679988798574
0.0	Elessaurus	248.3836829787649	247.58560475311185
0.0	Elginia	254.2012575916756	249.99995761587135
0.0	Embrithosaurus	263.6013140045175	259.99326958509073
0.0	Emeroleter	264.85632406742	260.4119627939465
0.0	Endennasaurus	215.1499891807937	213.94729519154959
0.0	Energosuchus	239.94698442889378	237.53172522188655
0.0	Eodromaeus	230.1942099354074	228.57945122707585
0.0	Eohupehsuchus	247.69578072582775	246.89863885852435
0.0	Eohyosaurus	246.38115335510383	241.5045219611061
0.0	Eomurruna	251.99070305733744	251.01643271093891
0.0	Eoplesiosaurus	201.13555150015247	200.08305855528727
0.0	Eoraptor	235.86068764159086	227.20709596874724
0.0	Eorasaurus	263.2763367072717	262.7451884810971
0.0	Eorhynchochelys	229.56328177364534	227.98321268742316
0.0	Eosauropus_Temperate_N	229.75573350161713	206.81440180151955
0.0	Eosauropus_Tropical_N	229.66294032533617	206.71673129300848
0.0	Eretmorhipis	238.4040058657963	237.46057590306216
0.0	Erpetosuchus	213.49204106120962	212.2293309605644
0.0	Erythrosuchus	247.10357254972547	242.04322636370455
0.0	Erythrovenator	229.67571873731222	227.94180994212866
0.0	Eshanosaurus	200.84049601839837	199.78759949311788
0.0	Eubrontes_Temperate_N	226.1947573696773	199.13524330538576
0.0	Eubrontes_Tropical_N	224.79894452199528	199.2250984380156
0.0	Eucoelophysis	225.98317064608483	201.9159231930804
0.0	Eudibamus	287.03008302019947	286.7559266746825
0.0	Eudimorphodon	216.8374896886098	201.11057078165467
0.0	Eumetabolodon	249.36649835418936	242.87086653367018
0.0	Eunotosaurus	264.5473632482844	259.7059267243231
0.0	Euparkeria	246.5661922089949	241.7715197241386
0.0	Eurhinosaurus	201.67290890583394	200.67559347031732
0.0	Eurycleidus	201.33980177689173	200.3292802154295
0.0	Eusaurosphargis	248.00330311007005	240.73259645976714
0.0	Euscolosuchus	232.89178201559253	231.1759408941715
0.0	Evazoum	235.08782512506014	201.128821085455
0.0	Fasolasuchus	212.3617452750265	211.07721615349197
0.0	Faxinalipterus	228.14394850356564	219.83962487506454
0.0	Feeserpeton	288.07547610180626	287.80466387061824
0.0	Feralisaurus	245.2329495737693	244.4202520600406
0.0	Fodonyx	247.29139728466296	241.96687483332275
0.0	Fraserosphenodon_Temperate_N	234.90428314330055	233.36098609306566
0.0	Fraserosphenodon_Tropical_S	211.7478480050568	210.55693500396214
0.0	Fraxinisaura	238.55286992824895	237.66794213110845
0.0	Fugusuchus	247.04806336278992	246.2491344563808
0.0	Fuyuansaurus	239.8412399097595	239.11960397133439
0.0	Galesphyrus	260.97451781406045	257.3506181079262
0.0	Gamatavus	243.53161407450096	235.593605388405
0.0	Gansurhinus	271.5398083759758	253.59537827821242
0.0	Garjainia_Temperate_N	250.49029417052344	246.96733885228468
0.0	Garjainia_Temperate_S	251.52332495273512	246.99829462873623
0.0	Garzapelta	216.68602232864018	215.41121628988265
0.0	Gecatogomphius	277.975702333553	268.4731667943297
0.0	Gephyrosaurus	207.539302294428	205.73377017937037
0.0	Glaurung	254.95942197616694	254.84819638387546
0.0	Glyphoderma	240.45125605615274	239.76979951658157
0.0	Gnathovorax	234.84665339343883	224.9317630867625
0.0	Gojirasaurus	226.7484298058438	225.19827820516937
0.0	Gomphiosauridion	228.2488115749917	226.77122448325346
0.0	Gorgetosuchus	232.10121173179368	230.37389290367815
0.0	Gracilisuchus	242.81473955733907	240.80094740422427
0.0	Grallator_Temperate_N	236.86974179864853	198.82944258387187
0.0	Grallator_Temperate_S	231.0896124667938	225.75059093555942
0.0	Grallator_Tropical_N	233.03187481548417	199.14677210881507
0.0	Graoullyodon	205.32877552923472	204.32600209001666
0.0	Gregaripus	224.49259769662402	212.51661741125545
0.0	Gresslyosaurus	221.40519701476262	210.72820249864768
0.0	Grippia	250.65709047464992	247.57383734998655
0.0	Guaibasaurus	217.65928738812065	208.69417501043102
0.0	Gualosuchus	243.344238233284	236.3940980505
0.0	Guanlingsaurus	229.82786075611332	226.10960285523453
0.0	Guchengosuchus	246.09908577512326	245.3047033206154
0.0	Guizhouichthyosaurus	239.1547564220048	227.4466006392376
0.0	Gulosaurus	251.0330688004613	248.77667087430396
0.0	Gunakadeit	221.26940340043382	220.05538025870518
0.0	Gwyneddichnium	228.15245023430984	200.080252888209
0.0	Gyposaurus	202.02118985045712	198.98870240758094
0.0	Halazhaisuchus	245.2161155778275	244.40183560722582
0.0	Haligonia_Temperate_N	207.99338757304415	202.12472241055073
0.0	Haligonia_Tropical_N	229.61277343399544	228.09768682271965
0.0	Hanosaurus	248.1527423813881	247.34667847497803
0.0	Helcura	202.05611340290238	199.36339232547112
0.0	Helveticosaurus	240.6598319867504	239.97200809445104
0.0	Hemilopas	248.9033026344116	241.55165562479996
0.0	Hemiprotosuchus	224.18263674852298	218.10087844624346
0.0	Heptasuchus	236.91636989400232	235.71887207141347
0.0	Herrerasaurus	237.22564765355392	226.82914419007
0.0	Hescheleria	243.3756788651621	242.5693051270558
0.0	Hesperosuchus	228.1715133688631	201.8305460557698
0.0	Heterodontichnites	233.55544263065795	215.0409642708417
0.0	Heteropelta	246.86584665499154	246.05465074157956
0.0	Himalayasaurus	216.3608025188264	215.12582867098098
0.0	Hispaniasaurus	241.65341335909912	240.9475329384694
0.0	Honghesaurus	245.05382047560934	244.21813179408707
0.0	Horaffia	240.0733186094542	236.83836954424592
0.0	Hovasaurus	259.66748464025835	251.09144898918825
0.0	Howesia	247.21784703301975	245.20226374210822
0.0	Hudsonelpidia	215.51792052778976	214.27008625717744
0.0	Hupehsuchus	251.50058939696066	234.48318845471317
0.0	Hwiccewyrm	234.76052817013522	229.226676023239
0.0	Hyloidichnus	255.18862725327648	250.75035988487474
0.0	Hyperodapedon_Temperate_S	237.0669564274679	208.21020276806544
0.0	Hyperodapedon_Tropical_N	237.69621903900585	229.5847971136753
0.0	Hypselorhachis	246.37672077625248	245.56236110730387
0.0	Hypsognathus_Temperate_N	202.159470804461	201.13362443458615
0.0	Hypsognathus_Tropical_N	236.835843975838	204.39411852228037
0.0	Hypuronector	219.8007098990914	207.53959868624042
0.0	Icarosaurus	217.60417476477673	216.3446034052036
0.0	Ichthyosaurus_Temperate_N	208.9203705443211	199.23925034451855
0.0	Ichthyosaurus_Tropical_N	224.62032566663024	209.42917752446465
0.0	Ichthyotitan	208.3516120817228	207.18796459427028
0.0	Idiosaura	234.0106104834119	232.31621855736535
0.0	Ignotosaurus	234.96501446750537	233.3665223422943
0.0	Incertovenator	232.73999926214745	230.9643112054062
0.0	Ingentia	224.77159567034073	223.51672092792427
0.0	Isfjordosaurus	247.8913081277857	247.09123785058728
0.0	Ixalerpeton	237.897887382894	206.4034211557357
0.0	Jaklapallisaurus	222.73900457322395	221.58766138729973
0.0	Jaxtasuchus	240.22940506421403	236.05249384183367
0.0	Jesairosaurus	245.79668318491935	244.98425251168746
0.0	Jingshanosaurus	201.72845632039588	199.4050348894157
0.0	Jushatyria	247.2615792591364	246.4406883083995
0.0	Kadimakara	251.90053534425005	250.9622280813273
0.0	Kalisuchus	251.9247352553725	251.51137173543617
0.0	Kapes_Temperate_N	251.4912502859935	245.0031429687124
0.0	Kapes_Tropical_N	247.8809346012857	244.0849466030777
0.0	Kayentapus_Temperate_N	201.6284414140286	199.25370531458833
0.0	Kayentapus_Tropical_N	228.00809661426223	200.47086192259923
0.0	Keichousaurus	250.9167442056403	235.6844368327384
0.0	Kholumolumo	226.85997014196107	207.3154238516391
0.0	Kinelia	257.1665100104129	257.0561248368355
0.0	Kintneria	225.69569666406952	211.9641254408087
0.0	Kitchingnathus	247.69042890170348	246.86399070255308
0.0	Kocurypelta	212.0305684053738	210.7857826413128
0.0	Koiloskiosaurus	246.2482268239928	245.42055539308691
0.0	Komlosaurus	201.6544343734204	199.36140639842696
0.0	Krzyzanowskisaurus	232.72611341387383	215.53168081953464
0.0	Kudnu	252.03896388800177	250.59192230656382
0.0	Kuehneosaurus	235.81755608016334	204.84045156120447
0.0	Kuehneosuchus	207.05225508014598	205.9513723497998
0.0	Kuruxuchampsa	228.05427075499222	226.7616521979485
0.0	Kwangsisaurus	250.25089728716736	248.18821400242916
0.0	Labidosaurikos	282.8962613971152	272.9552095240759
0.0	Labidosauriscus	292.1809131644169	281.35999400907207
0.0	Labidosaurus	283.4812741071741	272.8709729575003
0.0	Lagerpeton	242.6853037815692	234.8926863709636
0.0	Lanceirosphenodon	224.35286406994837	223.1020907275381
0.0	Langeronyx	248.03046754944017	241.9853702523712
0.0	Langobardisaurus	216.5988905926259	207.7276031898932
0.0	Lanthaniscus	273.59307072310764	264.4898975460787
0.0	Lanthanolania	268.93332620111937	268.1474666143892
0.0	Lanthanosuchus	260.3265039930994	259.9176250639079
0.0	Laquintasaura	201.31312372632615	200.31170558581294
0.0	Largocephalosaurus	244.90399013221702	243.90982790076345
0.0	Lariosaurus	250.22295954320538	235.8667810403133
0.0	Lasasaurus	249.67201876233935	248.90585810633831
0.0	Lavinipes	200.58021474094164	199.12412927963487
0.0	Lepidus	227.6914165939003	226.08869445047864
0.0	Leptonectes	202.04056992652545	200.21612339266136
0.0	Leptosuchus	226.52471722808252	208.70305640044612
0.0	Lessemsaurus_Temperate_S	227.78818431536519	208.80111336379883
0.0	Lewisuchus	241.1798583206217	230.07741217059342
0.0	Libognathus	209.49935473336973	208.3614356397214
0.0	Liliensternus	226.39986400485685	206.00313692767406
0.0	Lindwurmia	201.27411456220435	200.23315380186088
0.0	Litorosuchus	239.19235151028164	238.42321179515662
0.0	Lophostropheus	207.7385799657575	206.62535341212873
0.0	Lotosaurus	247.57636309736762	241.99448401317966
0.0	Lucasuchus	235.2454293758804	228.50288063627812
0.0	Lucianosaurus	224.10025369162008	222.92337317931865
0.0	Lucianovenator	216.1912302245909	214.98964365019316
0.0	Lufengosaurus	201.5653687476078	199.03559748782803
0.0	Lukousaurus	201.33762605572025	199.89322553306667
0.0	Luopingosaurus	244.42018737770928	243.5999882209786
0.0	Luperosuchus	240.15137819307634	239.27158485622294
0.0	Macgowania	217.2186983849405	210.27151868474044
0.0	Machaeroprosopus	227.55098218696327	201.17090743899857
0.0	Macrocnemus	247.2659247080837	236.1614752440575
0.0	Macrocollum	218.83965826001318	212.89569345929127
0.0	Macroleter_Temperate_N	272.67411600936464	264.8142223748791
0.0	Macroleter_Tropical_N	265.44461150569384	264.7554365175338
0.0	Macroplacus	207.890727348122	206.7758329969963
0.0	Macroplata	201.727539054201	200.69268851409961
0.0	Maehary	228.31757663293664	220.84862577055122
0.0	Majiashanosaurus	248.1482779472642	247.36384926063417
0.0	Malerisaurus	214.74221412615503	210.655233141569
0.0	Malutinisuchus	238.45124026197115	236.31431738279005
0.0	Mambawakale	243.4459154396201	242.6470618210557
0.0	Mandaphon	242.80077106181957	242.0507177611198
0.0	Mandasuchus	246.59637695549898	241.2716342831975
0.0	Marasuchus	243.12939517830512	234.56193196786182
0.0	Marcianosuchus	246.73199615160925	245.93272155412816
0.0	Massospondylus	236.63786341381999	235.46389492105388
0.0	Mbiresaurus	237.21904332912274	230.32930768717995
0.0	Megachirella	243.77523495299508	243.01185946300757
0.0	Megalancosaurus	217.35302412458773	209.52665137393763
0.0	Megalosauripus	201.48416769793602	200.45184242926092
0.0	Megalosaurus	202.9279022777096	201.86566367303348
0.0	Megapnosaurus	200.65248451067998	199.58276865111443
0.0	Mehliella	231.61585349985958	229.98659367856462
0.0	Melanorosaurus	227.7773711497043	226.1612279589029
0.0	Merriamosaurus	249.22153630475495	248.43655263620198
0.0	Mesodapedon	245.338283409131	244.5188785567102
0.0	Mesosaurus_Antarctic	292.35628515031704	281.39178162493204
0.0	Mesosaurus_Temperate_S	290.793845281481	283.25246900461235
0.0	Mesosuchus	247.02506629991913	241.75217738440975
0.0	Metamosaurus	284.794494149289	284.4999812518463
0.0	Metashastasaurus	221.33717956139057	211.09397220931874
0.0	Microcnemus_Temperate_N	251.82033723356338	247.1545359120085
0.0	Microleter	289.62390985758816	289.2181196635488
0.0	Micromenodon	233.94631221845745	232.3444676486929
0.0	Microsphenodon	221.1345509877659	207.81958138447177
0.0	Mikadocephalus_Temperate_N	238.84292586221977	238.03093753335085
0.0	Mikadocephalus_Tropical_N	246.03515033532824	245.21627950974417
0.0	Milleretta	261.0689185836253	251.58455822452655
0.0	Millerinoides	259.42474585967193	259.23163091769555
0.0	Milleropsis	260.14081401785404	250.2919401455371
0.0	Millerosaurus	256.2380458138775	252.46015517203278
0.0	Miodentosaurus	235.01861408505474	230.61524924036434
0.0	Mixosaurus	247.42768264656854	235.1631459791093
0.0	Moradisaurus	256.04323078340985	250.1295824675203
0.0	Mystriosuchus_Temperate_N	227.34494240320547	198.8241641000811
0.0	Mystriosuchus_Tropical_N	217.8754382978277	209.86726515323838
0.0	Nambalia	223.91034722874005	208.21261994485278
0.0	Nanchangosaurus	249.78983445512304	235.76537550779224
0.0	Nanoparia	257.8675571859007	254.8365702982447
0.0	Neoaetosauroides	227.91273308212956	208.53167352127306
0.0	Neoprocolophon	247.04557611426014	246.23999796663657
0.0	Neusticosaurus	247.5009346778067	236.9440225914172
0.0	Nhandumirim	219.78308256153073	208.47647417790273
0.0	Nicrosaurus_Temperate_N	224.43946834398315	209.66889027277864
0.0	Nicrosaurus_Tropical_N	225.4468477298574	224.09493606173737
0.0	Nochelesaurus	262.866756966849	260.56644180942266
0.0	Notatesseraeraptor	218.20540863167	216.98954010734678
0.0	Noteosuchus	251.71324859572633	251.18002550627924
0.0	Nothosaurus_Temperate_N	247.09070448781725	201.69055374111545
0.0	Nothosaurus_Tropical_N	245.0792804800756	236.52955666603404
0.0	Nothosaurus_Tropical_S	250.69229450302393	238.8451363099141
0.0	Nundasuchus	247.05658863382882	246.24203542281109
0.0	Nyasasaurus	246.6467687996889	242.65176586918125
0.0	Nycteroleter	274.6936506644936	267.3913371059229
0.0	Nyctiboetus	281.72158883072956	266.2107351198533
0.0	Nyctiphruretus	274.83045094462034	257.90892794360707
0.0	Obirkovia	260.5765924754482	257.6052959546207
0.0	Odontochelys	234.21272386792862	228.43159288948013
0.0	Omphalosaurus_Temperate_N	248.9013779881564	236.3834770383331
0.0	Omphalosaurus_Tropical_N	249.35013656567844	237.15331877257805
0.0	Opisthodontosaurus	291.15940265895654	283.15715830595525
0.0	Orenburgia	250.9938215045011	247.65087908176804
0.0	Orovenator	287.94188891264247	283.89281575277533
0.0	Oryctorhynchus	234.4057189405653	226.84396749183824
0.0	Oryporan	250.7921752200465	248.37270510197058
0.0	Osmolskina	248.23790287583702	247.41350173196838
0.0	Otozoum	216.63308929558178	215.39150069146697
0.0	Owenetta	259.71299573130716	248.11971755487386
0.0	Ozimek	231.83093247668452	225.72400242460932
0.0	Pachypes	253.20128181979635	253.08911814883012
0.0	Pachypleurosaurus	242.19024843147642	237.1265921357349
0.0	Pachystropheus	208.98897414983009	201.08283248868463
0.0	Palacrodon_Temperate_S	250.30410157129631	244.33805864035983
0.0	Palacrodon_Tropical_N	219.28566766874076	208.84511638487584
0.0	Palaeagama	252.2545429842408	251.94242485598284
0.0	Palaeochersis	229.02899003306302	216.69378674431545
0.0	Palaeosaurus	228.60484140743768	227.14457040535805
0.0	Palatodonta	245.9621630893439	245.1468921645672
0.0	Paleollanosaurus_Temperate_N	202.68421383914026	201.64217286432242
0.0	Paleollanosaurus_Tropical_S	214.38813005410478	213.17342675700345
0.0	Paliguana	247.73126880089384	246.92726302132195
0.0	Pamelaria	247.95869685781497	241.62420414868004
0.0	Pamelina	249.48622753634726	248.68975537640202
0.0	Pampadromaeus	236.30257789143067	208.4069490219358
0.0	Panguraptor	200.92963441970917	199.8956996108353
0.0	Panphagia	235.0278109693828	233.5192518957108
0.0	Pantydraco	233.6960723829199	231.94051007996705
0.0	Panzhousaurus	244.25174312464853	243.42498070434743
0.0	Pappochelys	238.5747929969259	237.71778039837338
0.0	Parabrontopodus_Temperate_N	201.0145186457809	199.30876566767606
0.0	Parahupehsuchus	248.21638829766962	247.40961433652168
0.0	Paralonectes	251.101636503214	242.17768092403253
0.0	Paraplacodus	247.70868110040703	240.15116669392188
0.0	Pararcus	244.77567294276224	243.9527492587955
0.0	Parasaurus	260.6534184999644	254.313277537912
0.0	Parasuchus_Temperate_N	251.22180670124484	229.82906831958203
0.0	Parasuchus_Temperate_S	237.6933594878323	225.66108300247083
0.0	Parasuchus_Tropical_N	236.6213601370399	214.6467842749777
0.0	Parasuchus_Tropical_S	228.40283402408355	210.09171807955192
0.0	Paratypothorax_Temperate_N	223.8529611127249	207.3247658235912
0.0	Paratypothorax_Tropical_N	228.22682838017937	209.5769446785033
0.0	Paratypothorax_Tropical_S	224.74254773867412	223.43361061377132
0.0	Pareiasaurus	265.15809393212464	250.17131204658327
0.0	Pareiasuchus	264.41626336372997	253.67841410246095
0.0	Parringtonia	242.68436925519535	241.9560939006721
0.0	Partanosaurus	240.91514014166108	240.22670200968622
0.0	Parvinatator	248.6306420469664	247.84659054132038
0.0	Parvosuchus	238.06415985001487	236.84604845418784
0.0	Pectodens	244.3338005157843	243.53053987845385
0.0	Pelecymala	236.64747558219918	228.41423319744356
0.0	Pendraig	230.3495827935194	228.65077830687406
0.0	Pentaedrusaurus	247.02708387030034	246.22545788981904
0.0	Permotriturus	261.5906610859538	261.0961494547856
0.0	Pessopteryx	247.77921351809607	246.54114818947866
0.0	Peteinosaurus	216.84855074037526	213.57481009663005
0.0	Phaanthosaurus	251.96082301861938	250.94559665607292
0.0	Phalarodon_Temperate_N	251.59885980147976	240.2156199565956
0.0	Phalarodon_Tropical_N	245.73932900410898	238.8027058135494
0.0	Phantomosaurus	245.52705746707107	244.7346172112338
0.0	Phonodus	251.74328235491114	251.2376311908408
0.0	Pisanosaurus	231.32168040053273	229.7409664872161
0.0	Pistosaurus	247.8610404825302	240.4291842780443
0.0	Placochelys	238.52202970424847	207.4866914759759
0.0	Placodus_Temperate_N	247.4724133520684	238.50545837617165
0.0	Placodus_Tropical_N	245.521476569294	243.39781052236262
0.0	Placodus_Tropical_S	251.07160835612387	238.97869595391393
0.0	Planocephalosaurus_Temperate_N	236.9484618276091	203.48752554029574
0.0	Planocephalosaurus_Tropical_S	214.3046340479584	213.11351821826293
0.0	Plateosauravus	222.139329769464	207.75248898054795
0.0	Plateosaurus_Temperate_N	227.65670416753625	200.34057592878136
0.0	Plateosaurus_Temperate_S	223.27547456136708	208.55470130390205
0.0	Platypterna	227.51702754051223	198.75225465808532
0.0	Plectropterna	201.85588053532229	198.96196696407605
0.0	Plesiornis	200.4857749266666	199.4552244420585
0.0	Plesiosaurus	208.6976099680007	199.1199738132691
0.0	Polesinesuchus	229.7088191615994	228.12911799773894
0.0	Polonosuchus	228.28194783356162	226.91605496434093
0.0	Polymorphodon	239.2315092128595	238.51041389941926
0.0	Poposaurus	232.97252355484656	201.0028226906503
0.0	Postosuchus	229.33339068143073	202.69870540369152
0.0	Powellvenator	224.91123945536316	223.61688038655583
0.0	Pravusuchus	211.1968495192206	209.92461301443257
0.0	Preondactylus	215.26220446766894	207.26038571084095
0.0	Prestosuchus	241.8924620817293	232.374580636859
0.0	Procerosuchus	242.0847073081776	241.32674211476933
0.0	Procolina	250.21081722395397	249.44972315723393
0.0	Procolophon	251.89528829373546	246.96533731962413
0.0	Procolophonichnium_Temperate_N	247.06081892276245	243.25745783964078
0.0	Procolophonichnium_Temperate_S	248.6496187955855	247.8391362400272
0.0	Procompsognathus	214.13275245935128	212.85624142016994
0.0	Proganochelys_Temperate_N	227.47835470617903	206.18171719257163
0.0	Proganochelys_Tropical_N	220.06723165005525	218.86500303165806
0.0	Prolacerta	251.66333492223148	246.6790434462661
0.0	Prolacertoides	251.54557165944368	250.96591588586196
0.0	Prosantosaurus	241.06606938856672	240.35898674080795
0.0	Prosaurosphargis	247.89492424567212	247.08049622186
0.0	Protanystropheus	245.992805840824	244.84136142577017
0.0	Protecovasaurus	228.51978381688252	214.32920366596028
0.0	Protenodontosaurus	234.910451907878	233.35832750150917
0.0	Proteosaurus	200.1119273082915	198.9633255662482
0.0	Proterochampsa	229.5996705000703	228.07997325756637
0.0	Proterochersis	224.73384043906668	207.57247158653354
0.0	Proterosuchus_Temperate_N	251.82325203022225	251.28895191871106
0.0	Proterosuchus_Temperate_S	251.82232720341997	247.25321706908704
0.0	Protoavis	228.83842127797817	207.69119743770082
0.0	Protocaptorhinus	287.1508199710934	284.9893787656206
0.0	Protoichthyosaurus	201.85358273345227	200.85384753364448
0.0	Protome	219.35910516412244	218.11069659702713
0.0	Protorosaurus	259.80479190858375	253.74406892212156
0.0	Protorothyris	299.6254910666182	292.8449602535721
0.0	Protosuchus	204.95573803355873	199.43725860555656
0.0	Provelosaurus	267.5580271284556	262.66605437742203
0.0	Psephochelys	231.09733064648972	229.4110303966759
0.0	Psephoderma_Temperate_N	208.03064988951016	201.22274892303943
0.0	Psephoderma_Tropical_N	217.26334786936962	213.97871235246308
0.0	Psephoderma_Tropical_S	244.58337580123302	242.47808281205582
0.0	Psephosauriscus	245.10184849010605	236.1470384273848
0.0	Psephosaurus_Temperate_N	237.89904778439146	236.63523207726075
0.0	Psephosaurus_Tropical_S	247.58018634132574	240.76244205524932
0.0	Pseudhesperosuchus	221.95751192124894	220.7284424771624
0.0	Pseudochampsa	228.46233230251295	227.01993522280338
0.0	Pseudotetrasauropus_Temperate_N	215.58608836675953	214.39230247665262
0.0	Pseudotetrasauropus_Tropical_N	223.95165029025785	201.34879499602044
0.0	Pterodactylus	201.6083697806493	200.57375227650104
0.0	Pumiliopareia	255.55568653027774	255.4445383157963
0.0	Qianichthyosaurus	238.34884763200486	228.22497349199477
0.0	Qianosuchus	244.88160707681587	243.44633352790967
0.0	Qianxisaurus	239.89438027076724	239.2065162980136
0.0	Quasianosteosaurus	247.66645919703672	246.8632521139787
0.0	Raeticodactylus	213.4700483021771	212.25433213700458
0.0	Rautiania	264.68491651937165	261.80343524409875
0.0	Redondasuchus	226.4552210536662	207.42091743958437
0.0	Redondavenator	214.19961384512857	212.94794585344587
0.0	Revueltosaurus	235.4260661694283	208.38755155839806
0.0	Rhaeticosaurus	205.14862488611368	204.11921126718116
0.0	Rhipaeosaurus	266.30788433465557	259.25543873980536
0.0	Rhomaleosaurus	205.28677566668395	200.28482964353597
0.0	Rhombopholis	247.58902375555917	242.4830917311207
0.0	Rioarribasuchus	226.44329974994716	211.27554446031428
0.0	Riojasaurus	223.16659200555077	207.77028181702
0.0	Riojasuchus	215.02792696042857	213.8359328614553
0.0	Romeria	298.3058943864527	296.54939554087014
0.0	Rothianiscus	271.03913690392324	264.67592731764324
0.0	Rotodactylus	223.969872562585	222.7308696745478
0.0	Ruehleia	214.84396166967719	207.87684302128537
0.0	Rugarhynchos	224.43664626560337	223.16916424158003
0.0	Ruhuhuaria	244.82161450851947	244.01560571455178
0.0	Rutiodon	236.9173988937978	208.20358616508818
0.0	Sacisaurus	222.09411325360477	220.8292752084641
0.0	Saltoposuchus	217.50835699092096	208.82740804822416
0.0	Sanchiaosaurus	242.52653202509438	241.79977461024885
0.0	Sanchuansaurus	253.90301504824097	253.7919178505755
0.0	Sanjuansaurus	230.93295712367015	229.2117614626662
0.0	Santaisaurus	251.77684706507256	250.81933446386492
0.0	Sarcosaurus	201.2376640716499	200.19522742519712
0.0	Sarmatosuchus	246.1612147874056	245.36870996820372
0.0	Saturnalia	235.49119947429992	222.57180442866516
0.0	Saurischichnus	225.08920492393838	209.72562631965565
0.0	Saurodektes	251.96195224593487	250.75346876418
0.0	Sauropareion	251.0018722963429	246.45423798311884
0.0	Sauropus	200.08571849415506	199.02098405090456
0.0	Saurorictus	254.7499952018598	254.64010967229544
0.0	Saurosternon	252.5953877162614	252.481033683598
0.0	Saurosuchus	236.8681498562643	235.83361039785333
0.0	Scelidosaurus	201.72005671284768	200.6807244370281
0.0	Scharschengia	247.97593632942164	247.15580083274764
0.0	Schleitheimia	223.40172540348587	222.15418182678278
0.0	Sclerocormus	248.62287714703916	247.81577828515404
0.0	Sclerosaurus	247.203019747289	243.95541456107784
0.0	Sclerostropheus	216.21933042895577	215.03301517230858
0.0	Scoloparia_Temperate_N	208.92900879359814	207.79482935177106
0.0	Scoloparia_Tropical_N	232.04969903781853	227.98979510427748
0.0	Scolotosuchus	248.43690011176605	247.64747756124783
0.0	Scutarx	225.92768665995354	208.4070720646137
0.0	Scutosaurus	265.2188304014413	257.4004172663786
0.0	Scythosuchus	250.37343464779144	249.62828371798298
0.0	Seazzadactylus	222.782521831254	221.5694905145026
0.0	Selenichnus	200.16344919751327	198.95316242726793
0.0	Serpianosaurus	247.12781751459468	236.63762933163827
0.0	Shansisuchus	247.45778281336894	241.8918990949573
0.0	Shastasaurus_Temperate_N	214.45595203019496	213.20024502268637
0.0	Shastasaurus_Tropical_S	236.4164038132336	226.99472474150204
0.0	Shihtienfenia	254.1044902530181	250.21074424603765
0.0	Shonisaurus_Temperate_N	232.77163532303845	204.1461641884381
0.0	Shonisaurus_Tropical_N	225.85587684553468	215.4264648120342
0.0	Shringasaurus	246.27075329553082	241.74981359889418
0.0	Shuangbaisaurus	200.7915986997472	199.76527509340892
0.0	Shuvosaurus	226.638330577472	201.22102269502736
0.0	Sigmala	236.48235325652547	228.36152286548665
0.0	Sikannisuchus	228.6992143314267	212.9589962631861
0.0	Silesaurus	228.13022285296648	226.78754086053232
0.0	Sillosuchus	235.71005304078582	234.19531142882795
0.0	Simosaurus_Temperate_N	243.058360967215	202.75876465947348
0.0	Simosaurus_Tropical_S	244.0736928020293	243.26552787929228
0.0	Sinocyamodus	230.1160151828331	228.42438123585765
0.0	Sinosaurosphargis	245.3117814359729	243.7460455491984
0.0	Sinosaurus	201.67308818215488	199.24578665017108
0.0	Skybalonyx	219.82167651163599	218.60899871620353
0.0	Smilodonterpeton	207.4392707958783	206.3642384760418
0.0	Smilosuchus	232.0714248803938	208.63977045286276
0.0	Sophineta	250.98768653301207	250.27347888495575
0.0	Soturnia	220.93888717872116	211.129091640072
0.0	Soumyasaurus	209.91210433250598	208.68111379795806
0.0	Sphenotitan	227.23471934633628	210.83930850076595
0.0	Sphodrosaurus	222.84226621870204	221.65865375469028
0.0	Spinosuchus	238.72191724666806	217.6887001481366
0.0	Spondylolestes	258.7800624165643	251.01957716498046
0.0	Spondylosoma	240.21210084666419	237.35227368145982
0.0	Stagonolepis_Temperate_N	230.97797281417076	228.9126521723207
0.0	Stagonolepis_Tropical_N	225.62365271597233	207.40818744081275
0.0	Stagonolepis_Tropical_S	218.27852479624028	217.0461199265042
0.0	Stagonosuchus	246.45880981196962	241.91196072595406
0.0	Staurikosaurus	231.993159263421	230.2281786673328
0.0	Stauromatodon	239.53359966641153	238.84008392983247
0.0	Stegomus	220.72660439499873	210.94460871605418
0.0	Stenaulorhynchus	244.7239226548535	242.1267433798314
0.0	Stenomyti	227.7680965057187	226.17890482464196
0.0	Stenoscelida	218.48045577799687	217.29895022122622
0.0	Stereosternum_Antarctic	291.1654572556707	289.863373113845
0.0	Stereosternum_Temperate_S	291.0873570101663	282.70898925295984
0.0	Styracocephalus	262.4242844710326	259.2560552922949
0.0	Syntarsus	203.2953338022014	202.26417189542985
0.0	Syntomiprosopus	219.20704023487764	217.96899991782672
0.0	Tachiraptor	201.61164577126198	200.62235008561848
0.0	Tanaisosaurus	248.72117045410022	247.92548806539457
0.0	Tanystropheus_Temperate_N	245.8111746686863	204.47550125268356
0.0	Tanystropheus_Tropical_N	246.07109491461645	238.32925599645512
0.0	Tanystropheus_Tropical_S	245.0056290921787	241.50541088409526
0.0	Tanytrachelos	226.81501472348057	208.45538168712014
0.0	Tarjadia	238.7818227236975	236.6950943908549
0.0	Tarsodactylus	200.43878131424782	199.4116370700979
0.0	Tasmaniosaurus	251.75549341545673	250.83787521356598
0.0	Tawa	226.7254028142203	209.03682317213932
0.0	Taytalura	228.14143968969793	226.71215333818444
0.0	Technosaurus	214.065078445089	212.7976683811852
0.0	Tecovasaurus	226.02513092868526	210.0859847152899
0.0	Tecovasuchus	227.82881778568168	211.3541888740015
0.0	Teleocrater	248.08906233833034	240.67575889097404
0.0	Temnodontosaurus	202.27164756069945	200.3426786819699
0.0	Teraterpeton	229.12008413941234	227.13954704888647
0.0	Teratophon	247.25348332160092	241.33813849953182
0.0	Teratosaurus_Temperate_N	245.13209813249588	214.24309478695398
0.0	Teratosaurus_Temperate_S	250.55967035090998	249.7982548662743
0.0	Termatosaurus	206.96125329168254	200.93943584060804
0.0	Terrestrisuchus	236.25075713213263	227.65392422000522
0.0	Tetrasauropus_Temperate_N	226.03325253639747	224.67389877347017
0.0	Tetrasauropus_Temperate_S	247.48182838088437	236.76398798018175
0.0	Teyujagua	249.94381022846653	249.17783845136418
0.0	Teyumbaita	226.23793696453436	207.58992003749927
0.0	Thadeosaurus	258.101896975249	257.9920937990702
0.0	Thaisaurus	248.0568200952447	247.2520628715308
0.0	Thalassiodracon	208.41243251568127	198.9665439463937
0.0	Thalattoarchon	244.34445289081455	243.5154565966482
0.0	Thalattosaurus	247.18962377433496	234.5322423617284
0.0	Thecodontosaurus	246.37734305946543	200.26982661199102
0.0	Theledectes	242.7974428887035	242.04885063762802
0.0	Thelephon	246.28163154381602	245.46299320455995
0.0	Thelerpeton	246.6996955740068	242.73900918753827
0.0	Tholodus_Temperate_N	245.36518932148337	242.03162020415354
0.0	Tholodus_Tropical_N	247.39035743114005	246.59154423882438
0.0	Thuringothyris	290.25668996806525	281.5978932839873
0.0	Tichvinskia	250.795967736679	247.2495773731569
0.0	Ticinosuchus	247.78589063409055	245.70893487940594
0.0	Tikisuchus	233.80545398654945	232.17562216204624
0.0	Timanophon	250.78553874291063	246.8682341432245
0.0	Toretocnemus	234.87194839338923	229.04892756262666
0.0	Trachelosaurus	246.37607675062262	245.56396762208595
0.0	Trialestes	235.9689678699277	228.2427904513051
0.0	Tricuspisaurus	202.37145203836764	201.34989867686028
0.0	Trihamus	201.2671441643545	200.21252467968515
0.0	Trilophosaurus	231.23456624960906	208.13828100443817
0.0	Tropidosuchus	242.34124889103333	235.65920539712502
0.0	Tuebingosaurus	221.88179768289535	220.66699497681853
0.0	Turfanosuchus	245.65353432820714	244.8477457865662
0.0	Typothorax	227.42719919757346	202.21128225342494
0.0	Uatchitodon	232.64418123677655	209.6972620867189
0.0	Unaysaurus	228.27227463272348	216.68690438159095
0.0	Unguinychus	212.50431859147213	211.2602797226144
0.0	Uralosaurus	246.81364361777676	243.5872080951714
0.0	Utatsusaurus	250.9312246034486	247.63081389663904
0.0	Vallesaurus	215.77040687839028	212.20085280234446
0.0	Vancleavea	235.89598003897092	200.93698042185943
0.0	Variodens	207.5093110562247	200.6584849769206
0.0	Vellbergia	238.64139978743813	237.74118855422444
0.0	Velocipes	225.95896916339922	224.49388918263156
0.0	Venaticosuchus	233.3223255199497	231.68624307518758
0.0	Venetoraptor	234.7505042725064	207.75900573469912
0.0	Vinitasaura	235.37380226175844	233.86208318884294
0.0	Vivaron	215.53526583146495	208.21127661755312
0.0	Vjushkovisaurus	246.1201794080852	240.64387429615965
0.0	Volcanosuchus	235.25402318774266	233.62147847045432
0.0	Vonhuenia	251.63363828510433	251.07305421828
0.0	Vritramimosaurus	251.1401183305786	250.46583187981986
0.0	Vytshegdosuchus	248.5428536176074	247.75347383970222
0.0	Wahlisaurus	200.94670389719928	199.948392892747
0.0	Waluchelys	216.16792048696976	214.946294052779
0.0	Wangosaurus	240.17158405877908	235.9998853525219
0.0	Wannia	220.81037154626745	214.47169155831017
0.0	Wapitisaurus	249.73067384165745	248.97716416875784
0.0	Weigeltisaurus	258.74843056257606	253.35666684365316
0.0	Whitakersaurus	207.935377287093	206.74343572029457
0.0	Wimanius	239.90395315680476	239.19773937899652
0.0	Wumengosaurus	246.09786823082362	242.14959016901892
0.0	Xenodiphyodon	229.5608238297385	227.99421871257317
0.0	Xilousuchus	246.3419971081437	245.54326710422694
0.0	Xingxiulong	200.96290236546307	199.93236494066767
0.0	Xinminosaurus	244.2432333542209	243.4713208153984
0.0	Xinpusaurus	239.18294248785853	226.6602640090459
0.0	Xiphopeza	201.6899904832072	200.68424966726232
0.0	Yarasuchus	244.4932871034562	242.1035803237717
0.0	Yelaphomte	216.96610062732225	215.75022531014974
0.0	Yimenosaurus	201.53408816698175	199.15718429535403
0.0	Youngetta	250.14944641555448	249.3891318939104
0.0	Youngina	261.0817710898138	249.7354515545189
0.0	Youngosuchus	244.7604400940319	243.9537293546346
0.0	Yunguisaurus	242.67789766973252	235.2581845331649
0.0	Yunnanosaurus	201.61481921854767	198.8879945055907
0.0	Zanclodon	243.1368505993198	200.5597507474289
0.0	Zhongjiania	261.09442645269445	254.63863765656083
0.0	Zupaysaurus	209.8985991469195	208.72597455598154
