clade	species	ts	te
0.0	Abyssomedon	287.4416592115748	287.1690566781181
0.0	Acadiella	233.393726579716	231.64767457650325
0.0	Acaenasuchus	228.32121447556716	211.78149939070667
0.0	Acallosuchus	219.65116532910469	218.3752297907736
0.0	Acerosodontosaurus	252.79073252991986	252.68241543652417
0.0	Acleistorhinus	280.5544473114394	279.29569217369095
0.0	Acrodenta	258.5898870983637	258.4818874760692
0.0	Actiosaurus	206.9734058344816	205.95490313939234
0.0	Adamanasuchus	210.67759032705143	209.4919056907493
0.0	Adelosaurus	254.57038587171064	254.4605207033284
0.0	Aenigmasaurus	248.4974715210353	247.66039314713476
0.0	Aenigmaspina	233.91969465774264	232.21539814043658
0.0	Aenigmastropheus	254.98804491356572	254.88040502995838
0.0	Aetosauroides	235.98071809113353	207.90314294087636
0.0	Aetosaurus	227.83333780999968	208.15466245312797
0.0	Agkistrognathus	249.4482640049768	248.61185297732106
0.0	Agnosphitys	235.35231646165155	233.69628932685046
0.0	Alexeyisaurus	223.4020801129402	222.05959240647547
0.0	Alwalkeria	236.47099627289637	235.19906165088682
0.0	Amanasaurus	230.29825453492177	206.42002901265522
0.0	Ammorhynchus	247.4884454411047	245.014222390217
0.0	Ammosaurus	201.66129929648415	199.0167770309744
0.0	Amotosaurus	247.49691288769662	244.87220338880215
0.0	Anarosaurus	247.60522799845026	244.25854714826747
0.0	Anchisauripus_Temperate_N	229.1416437481388	198.60205711595535
0.0	Anchisauripus_Tropical_N	225.18345501875243	198.0869115384311
0.0	Ancistronychus	225.6759589651745	224.30405035234935
0.0	Angistorhinus	237.3543734011168	211.83334090271447
0.0	Anisodontosaurus	247.49731248245052	239.34253393362138
0.0	Anomoepus_Temperate_N	201.27470065155302	199.29181197520813
0.0	Anomoepus_Tropical_N	225.87787942941253	198.79620595787648
0.0	Anomoiodon	247.7941138616895	244.40504252442392
0.0	Anshunsaurus	239.52684163039442	225.77519886680918
0.0	Anthodon	260.3638629288523	254.61768614856857
0.0	Anticheiropus	200.2404050012705	199.22277906527086
0.0	Apachesuchus	224.3949895017197	223.12279314491101
0.0	Apatopus_Temperate_N	228.51124555737314	227.05706122837495
0.0	Apatopus_Tropical_N	227.91630440892646	201.98941514641814
0.0	Apatopus_Tropical_S	231.59690108438795	229.87216292628136
0.0	Apatosuchus	215.1857549421769	213.86542445459062
0.0	Aphelosaurus	295.0783981665144	293.72513636819355
0.0	Araeoscelis	288.416422903676	272.6171117559169
0.0	Archeopelta	241.39309942769637	240.68182375632745
0.0	Archosaurus	259.04358957459846	256.2727498566025
0.0	Arcticodactylus	210.67219011763865	209.42629707338247
0.0	Arganaceras	255.6429109686131	255.53451705675815
0.0	Arganasuchus	230.77331593032451	227.78067995718393
0.0	Argoides	201.6407141790931	199.52784990930948
0.0	Arizonasaurus	246.92636154486098	244.48691113969244
0.0	Asilisaurus	247.26540103999733	241.80343173184244
0.0	Askeptosaurus	243.89497463343668	235.33836921255843
0.0	Asperoris	245.99748851629005	245.13764913478335
0.0	Asylosaurus	209.09176222039753	201.45894934610388
0.0	Atopodentatus	244.7631548954834	243.55352009731254
0.0	Atreipus_Temperate_N	231.41428878157646	229.70673319205648
0.0	Atreipus_Tropical_N	230.3460184235004	206.51504165181356
0.0	Augustaburiania	251.72514984198358	246.4577789171571
0.0	Augustasaurus	242.89639185316605	242.1072056282653
0.0	Australothyris	261.8802921915951	261.3583593899376
0.0	Austriadactylus	211.91925165804238	209.6718505424034
0.0	Austriadraco	212.83913513400995	211.6173297577153
0.0	Avalonnectes	201.16642629065066	200.13852877489134
0.0	Avicranium	202.39528142296177	201.37834277727444
0.0	Azendohsaurus	232.28979970072334	230.57768925903673
0.0	Baeotherates	290.1039408790378	289.50903091024196
0.0	Baisesaurus	249.11481931379944	248.26876778021096
0.0	Barasaurus	261.14470452667337	247.03171964922078
0.0	Barberenasuchus	242.20268871959533	241.42823775285402
0.0	Barracudasauroides	246.41540135412419	241.69710921371922
0.0	Barracudasaurus	246.26096204639302	243.2982527758779
0.0	Barrancapus	221.86342590290255	220.6073985468034
0.0	Bashkyroleter	273.69745325834896	265.02778748463396
0.0	Batrachopus_Temperate_N	248.8619372403797	198.26910677563234
0.0	Batrachopus_Tropical_N	215.81565892469624	199.1784268058359
0.0	Batrachotomus	239.66001956266146	235.34969596854324
0.0	Belebey	269.08348676498	264.6218074290462
0.0	Benggwigwishingasuchus	246.69083913570606	245.8223744038453
0.0	Bentonyx	243.6668066929778	242.8533128889543
0.0	Bergamodactylus	214.17741076680048	212.91718679114769
0.0	Besanosaurus	243.5956786006404	242.7693656024352
0.0	Blezingeria	245.32006593472	244.47554852904238
0.0	Blomosaurus	251.92245400077033	251.47620321501196
0.0	Bobosaurus	236.94979260416633	235.83067078483165
0.0	Bolosaurus	293.2426838630873	273.8573323253732
0.0	Boreopricea	250.986739936171	248.24484104361355
0.0	Brachychirotherium_Temperate_N	236.79089236648326	235.62344769088392
0.0	Brachychirotherium_Tropical_N	229.4131530593174	201.48182938812027
0.0	Brachychirotherium_Tropical_S	235.13092974999665	230.15626167160974
0.0	Bradysaurus	264.49703135526306	259.6493650491974
0.0	Brasinorhynchus	242.28900072970848	238.59031235969275
0.0	Brazilosaurus	291.7729933196602	282.72224632601717
0.0	Bromsgroveia	246.37030878394606	242.62039726664602
0.0	Broomia	262.76247055228976	259.35274324128955
0.0	Bunostegos	252.58806405863774	252.47598468711658
0.0	Buriolestes	237.3125587150664	214.71248815179334
0.0	Bystrowisuchus	248.96596750758061	248.12759724121355
0.0	Callawayia	220.752657749178	211.58789939844593
0.0	Calyptosuchus	236.6724435895154	208.67147868280787
0.0	Camelotia	209.04837973894354	204.90996827826092
0.0	Camposaurus	219.38526407154387	218.15394122087724
0.0	Candelaria	239.94699966633004	235.322056932363
0.0	Captorhinikos	283.41513696209205	273.92829465632957
0.0	Captorhinoides	280.41148698647504	272.01301047877297
0.0	Captorhinus_Temperate_S	256.05525389007477	255.94921568531277
0.0	Captorhinus_Tropical_N	285.2377923125409	272.9560943492532
0.0	Captorhinus_Tropical_S	290.5563884289134	274.4411251673244
0.0	Cargninia	214.7844799504686	213.5557973703827
0.0	Carnufex	228.32220058175125	226.90494853685442
0.0	Cartorhynchus	248.84542507535318	248.00875311193934
0.0	Caseosaurus	218.45050268406092	217.20662756485603
0.0	Caviramus	213.3173166203913	212.10475253025936
0.0	Ceresiosaurus	242.14577295094628	235.92937302863243
0.0	Chalishevia	242.86030012453202	235.6453600389373
0.0	Chanaresuchus	242.5025043490316	237.28603952531094
0.0	Chaohusaurus	250.24664471058765	242.7906586940456
0.0	Chasmatosuchus	251.96407816794706	247.0213883153602
0.0	Chelyoposuchus	203.30330095073154	202.29932819807064
0.0	Chinchenia	238.20441816456648	237.137716642396
0.0	Chindesaurus	226.46753733645807	215.4638056563694
0.0	Chinshakiangosaurus	200.90414896083269	199.88571398767056
0.0	Chirotherium_Temperate_N	233.9371946084127	199.3797927580779
0.0	Chirotherium_Temperate_S	239.81817447051446	236.08397263710975
0.0	Chirotherium_Tropical_N	252.18480314756653	209.26123337621388
0.0	Chromogisaurus	232.78639670284335	231.0016832124881
0.0	Clarazia	243.78866794976713	242.96938650356935
0.0	Claudiosaurus	260.91925049984303	250.91117095607905
0.0	Clevosaurus_Temperate_N	237.40911934930466	199.20297712962045
0.0	Clevosaurus_Temperate_S	229.9356433190323	208.71042050775773
0.0	Coahomasuchus	230.4118622969963	211.91877617023204
0.0	Coartaredens	245.77206487871433	244.2983446340157
0.0	Coburgosuchus	226.23484111670967	224.80508712052134
0.0	Coelodontognathus	251.61370591759993	246.48053227188294
0.0	Coelophysis_Tropical_N	227.91113471376238	200.06001665977408
0.0	Coelophysis_Tropical_S	210.44491978629034	209.28433521932266
0.0	Coelurosauravus_Temperate_N	258.30107275992367	258.1906558738739
0.0	Coelurosauravus_Temperate_S	257.2419490245294	249.59963377999875
0.0	Coelurosaurichnus_Temperate_N	246.2517286792855	199.5540911143427
0.0	Coelurosaurichnus_Tropical_N	246.0949954672705	216.80301224513246
0.0	Coelurosaurichnus_Tropical_S	234.18672092486926	228.68992081376965
0.0	Coletta	250.90603604887767	250.16145369182235
0.0	Collilongus	250.96866972614941	250.21621809212678
0.0	Colobomycter	291.8281165522329	282.08382594382164
0.0	Colobops	212.73856813680686	211.54709961412112
0.0	Coloradisaurus	219.0858330075665	214.19723521188686
0.0	Coloradisuchus	223.42059786225806	222.15842695879167
0.0	Concavispina	232.56527831167838	230.89517728542427
0.0	Contectopalatus	246.8042656848635	245.9532593462994
0.0	Corosaurus	249.05205521917074	246.88164230412903
0.0	Cosesaurus	238.56834799937684	237.69908955164635
0.0	Crosbysaurus	228.11517761503168	209.1437129650641
0.0	Ctenosauriscus	249.0622454599123	248.2409937490748
0.0	Cyamodus	248.01192434960547	227.14618799735106
0.0	Cymatosaurus	247.37491141592824	242.15526044856722
0.0	Cymbospondylus_Temperate_N	248.33343795161707	236.69259509305604
0.0	Cymbospondylus_Tropical_N	249.33953359033586	238.5754281580347
0.0	Czatkowiella	250.9872064336431	250.22037719290876
0.0	Dactylosaurus	246.2367715868659	240.90688018540217
0.0	Daemonosaurus	205.82508602506587	204.81591162839067
0.0	Dagasuchus	231.15925402849942	229.47432558960432
0.0	Dawazisaurus	242.46235275124087	241.7413964370702
0.0	Decuriasuchus	242.47288240819293	236.46665539493216
0.0	Delatorrichnus	200.36566205897932	199.33166238748657
0.0	Delorhynchus	288.2806477982794	281.437696568835
0.0	Deltadectes	221.11422393378643	205.22082901312896
0.0	Deltavjatia	264.9984866458558	259.49781430032226
0.0	Desmatosuchus	229.91761952446865	209.17470390961975
0.0	Diandongosaurus	244.301293931429	243.46340252636867
0.0	Diandongosuchus	237.87247998281654	236.61329008528324
0.0	Dianmeisaurus	245.41014867336816	241.56182766308967
0.0	Dianopachysaurus	244.67810518582584	243.83771258207736
0.0	Dimetropus	290.1380581130694	282.4728159702055
0.0	Dimorphodon	200.4712911530103	199.4393671479887
0.0	Dinocephalosaurus	244.9097534044737	243.7201090401019
0.0	Diphydontosaurus_Temperate_N	237.20020862269524	202.9013423611614
0.0	Diphydontosaurus_Tropical_N	215.65025060684007	214.44252119137107
0.0	Diphydontosaurus_Tropical_S	224.0455987149768	222.74374944251994
0.0	Dolabrosaurus	221.92125393560102	220.6849349740323
0.0	Dolerosaurus	229.12565711128454	227.6012802257646
0.0	Dolichobrachium	234.030496483803	232.36172432837134
0.0	Doliovertebra	245.82255644496004	244.99243847213734
0.0	Dongusuchus	246.6497300593541	241.86805797665255
0.0	Dorosuchus	247.1693007829082	240.88681696578118
0.0	Doswellia	237.59005135249234	215.33055271752656
0.0	Dracoraptor	200.49594406884984	199.4844399994266
0.0	Drepanosaurus_Temperate_N	214.36156560491835	213.0992716404117
0.0	Drepanosaurus_Tropical_N	218.3109310116537	205.9895297544886
0.0	Dromomeron_Temperate_S	227.22020827071654	225.54613570416385
0.0	Dromomeron_Tropical_N	227.92271007061905	203.7016317030164
0.0	Dromomeron_Tropical_S	226.37333174139926	214.55769029030722
0.0	Dyoplax	230.4428008245685	228.74481416509823
0.0	Ebrachosuchus	230.0667564869803	228.46544228476876
0.0	Effigia	208.18643329211292	200.85057374623645
0.0	Efraasia	216.04471053815865	213.3676508764405
0.0	Eifelosaurus	245.64328315185745	244.796590338945
0.0	Elachistosuchus	205.07268073070398	204.0586693747638
0.0	Elessaurus	248.76731081954986	247.9258437440517
0.0	Elginia	256.7611591962953	250.41572166800026
0.0	Embrithosaurus	264.43542949422874	259.28891949507357
0.0	Emeroleter	265.2148329978411	259.51963562490556
0.0	Endennasaurus	213.88544719504083	212.63073213475187
0.0	Energosuchus	242.55871328254688	237.49602907532235
0.0	Eodromaeus	235.05609653460593	233.55568903139357
0.0	Eohupehsuchus	248.33843883324602	247.4995493892136
0.0	Eohyosaurus	244.51267447664964	241.73685319317724
0.0	Eomurruna	251.95201269227687	250.44940748504175
0.0	Eoplesiosaurus	200.71813738009874	199.68843857364783
0.0	Eoraptor	235.8315228473155	227.41152523179517
0.0	Eorasaurus	264.0840538305921	263.4057237587215
0.0	Eorhynchochelys	235.1874655838921	233.62074397694604
0.0	Eosauropus_Temperate_N	228.93106103619937	217.83932430311103
0.0	Eosauropus_Tropical_N	223.06468814042643	209.49641858474
0.0	Eretmorhipis	240.18792783306142	239.47834829147322
0.0	Erpetosuchus	219.6503464940129	218.39608950322867
0.0	Erythrosuchus	247.05531525559755	242.09679265047365
0.0	Erythrovenator	233.83172542708994	232.23620386697542
0.0	Eshanosaurus	201.55965161891675	200.54205091621714
0.0	Eubrontes_Temperate_N	226.60415068552038	199.1352401959508
0.0	Eubrontes_Tropical_N	226.65610960867969	199.25702713242947
0.0	Eucoelophysis	223.44678605772643	203.51127901562256
0.0	Eudibamus	288.3921218292054	288.11384833630007
0.0	Eudimorphodon	217.310601562642	202.0325428594144
0.0	Eumetabolodon	248.7965154117162	242.52242490375195
0.0	Eunotosaurus	265.0914315223217	259.4261725824124
0.0	Euparkeria	247.09898124154347	241.81240532381042
0.0	Eurhinosaurus	200.3532463180414	199.3569555546828
0.0	Eurycleidus	201.09204638536147	200.10979875330892
0.0	Eusaurosphargis	247.25967722898523	235.55610879232884
0.0	Euscolosuchus	228.00677225753537	226.49164474521658
0.0	Evazoum	233.06842411304186	204.12388244657475
0.0	Fasolasuchus	226.81381777063947	225.30713524432386
0.0	Faxinalipterus	212.70441620963368	210.36051438202878
0.0	Feeserpeton	288.7816958162238	288.5023293838566
0.0	Feralisaurus	244.3448388678182	243.5219920710061
0.0	Fodonyx	247.39184338416484	241.8718485045413
0.0	Fraserosphenodon_Temperate_N	232.38051833040026	230.64924741077655
0.0	Fraserosphenodon_Tropical_S	216.36392590692836	215.12368728420148
0.0	Fraxinisaura	238.82382164241653	237.9308070743534
0.0	Fugusuchus	244.69787927405667	243.8489755160744
0.0	Fuyuansaurus	239.96048346494106	239.2600286320339
0.0	Galesphyrus	260.37332800610625	255.18045456817188
0.0	Gamatavus	241.99611173855942	234.93521073573496
0.0	Gansurhinus	272.9030373839317	255.7812815597599
0.0	Garjainia_Temperate_N	250.76621558764256	246.86607464963276
0.0	Garjainia_Temperate_S	250.37020948967609	247.5794045002062
0.0	Garzapelta	218.62141448599414	217.3373695530987
0.0	Gecatogomphius	276.74954769142096	265.62013724147903
0.0	Gephyrosaurus	205.7890070146315	203.77445943240534
0.0	Glaurung	258.30196818428567	258.1910882225942
0.0	Glyphoderma	237.88199911455536	236.51657916656902
0.0	Gnathovorax	234.19867207325964	211.9938222549057
0.0	Gojirasaurus	225.89357049354726	224.51215590385658
0.0	Gomphiosauridion	236.4851042523628	235.13599132977865
0.0	Gorgetosuchus	230.70736692371082	229.08180397113804
0.0	Gracilisuchus	241.96345325769812	234.91059625985605
0.0	Grallator_Temperate_N	234.2101832462493	198.24930031227623
0.0	Grallator_Temperate_S	236.10264759104888	220.41816058404717
0.0	Grallator_Tropical_N	235.81355432352348	199.14551862913558
0.0	Graoullyodon	208.23535392102139	207.12120208143736
0.0	Gregaripus	228.08273862644253	215.16150117566096
0.0	Gresslyosaurus	218.0639675216381	209.4521239610668
0.0	Grippia	251.07012649796422	246.2840630920522
0.0	Guaibasaurus	222.26886964837183	208.20840337397442
0.0	Gualosuchus	239.61922878511652	237.40668328816847
0.0	Guanlingsaurus	235.17677948008793	226.20232133401402
0.0	Guchengosuchus	243.9242548379058	243.1032340318798
0.0	Guizhouichthyosaurus	242.29322552109463	226.317532883373
0.0	Gulosaurus	250.84644797604864	250.00455291149305
0.0	Gunakadeit	211.70770591609488	210.46703691373204
0.0	Gwyneddichnium	219.22102889630722	201.7416567154528
0.0	Gyposaurus	201.48469325885304	199.82635169265393
0.0	Halazhaisuchus	244.48549095975605	243.65666896583397
0.0	Haligonia_Temperate_N	207.26433790310904	200.0987689822276
0.0	Haligonia_Tropical_N	235.68811964372046	234.18292348502612
0.0	Hanosaurus	250.14281173657497	249.34698867676772
0.0	Helcura	202.02513891218697	200.0325717001517
0.0	Helveticosaurus	241.33972534355144	240.61673245792764
0.0	Hemilopas	248.26255287977807	243.01850736580582
0.0	Hemiprotosuchus	226.17462475509976	211.16348375198186
0.0	Heptasuchus	235.39614514320863	233.80839462246928
0.0	Herrerasaurus	236.76008570941403	227.20666765200576
0.0	Hescheleria	242.48179318210478	241.70709466849092
0.0	Hesperosuchus	227.56423669569145	201.46350588706184
0.0	Heterodontichnites	232.53697487300045	215.20066609477462
0.0	Heteropelta	244.83777195900785	243.99336167538235
0.0	Himalayasaurus	216.19037716117305	214.96608111084836
0.0	Hispaniasaurus	239.61672001918268	238.87325061775215
0.0	Honghesaurus	244.9228330118921	244.09959623304758
0.0	Horaffia	240.2477757645009	235.58647074126262
0.0	Hovasaurus	259.67051925182164	250.2083320824508
0.0	Howesia	244.7616493975131	243.07589221595973
0.0	Hudsonelpidia	217.58629452986102	216.41844793313592
0.0	Hupehsuchus	251.6666861565829	238.2699163238311
0.0	Hwiccewyrm	235.6910547464774	226.97837162662782
0.0	Hyloidichnus	258.412188365601	251.8846074038525
0.0	Hyperodapedon_Temperate_S	237.1243129042686	208.1886230086019
0.0	Hyperodapedon_Tropical_N	233.2925462130137	228.2805990741479
0.0	Hypselorhachis	242.49295678455465	241.75155345602488
0.0	Hypsognathus_Temperate_N	206.1230979461912	205.09573225904657
0.0	Hypsognathus_Tropical_N	233.31864943275778	200.36764408337527
0.0	Hypuronector	213.35996021690232	212.0737769872804
0.0	Icarosaurus	210.16611008622021	209.03140188213155
0.0	Ichthyosaurus_Temperate_N	208.66038598529565	199.16874189572206
0.0	Ichthyosaurus_Tropical_N	221.03133238935465	206.85204253519578
0.0	Ichthyotitan	208.20040516000245	207.10073823991905
0.0	Idiosaura	237.18697477246255	236.0011083272558
0.0	Ignotosaurus	233.75390388180705	232.08044474678238
0.0	Incertovenator	230.2256542101581	228.62183960676967
0.0	Ingentia	216.33579747693082	215.07446770552968
0.0	Isfjordosaurus	248.63697417566755	247.7773719972438
0.0	Ixalerpeton	236.50311119316783	215.33861841047752
0.0	Jaklapallisaurus	221.99513426248646	220.74385574410655
0.0	Jaxtasuchus	239.78211950899453	236.6845200574461
0.0	Jesairosaurus	248.95338497287415	248.09161598527658
0.0	Jingshanosaurus	201.3442186489159	198.58767852083145
0.0	Jushatyria	242.8966017539418	242.13244550029157
0.0	Kadimakara	251.89568023072954	250.73795805282754
0.0	Kalisuchus	251.80981365724267	251.31062315697764
0.0	Kapes_Temperate_N	251.55423976186358	243.41367079785863
0.0	Kapes_Tropical_N	246.78747373436406	241.8195811473065
0.0	Kayentapus_Temperate_N	201.22118897982276	199.40168245272469
0.0	Kayentapus_Tropical_N	228.20457352699157	199.60118994441464
0.0	Keichousaurus	251.5356266505166	236.15747889702894
0.0	Kholumolumo	227.51216909093193	208.19995644050886
0.0	Kinelia	257.9318371044762	257.82075626828475
0.0	Kintneria	216.6886196668458	210.87279486027012
0.0	Kitchingnathus	247.95863438017227	247.12254174224648
0.0	Kocurypelta	220.63303764705944	219.36214237950267
0.0	Koiloskiosaurus	246.61064854470493	245.74929272970522
0.0	Komlosaurus	201.51976885684806	199.18522273359707
0.0	Krzyzanowskisaurus	234.5520913038395	208.540257936662
0.0	Kudnu	251.92266645335016	250.38214152994817
0.0	Kuehneosaurus	237.26198865672436	206.404124680784
0.0	Kuehneosuchus	204.04880422265288	203.017911587098
0.0	Kuruxuchampsa	229.08275336943072	227.4817778285285
0.0	Kwangsisaurus	251.4476889766844	248.00757936354077
0.0	Labidosaurikos	282.29401573504214	272.6121651909655
0.0	Labidosauriscus	289.44557838101366	285.20655441873004
0.0	Labidosaurus	283.6095576022489	274.05674974578017
0.0	Lagerpeton	242.45816257391	236.04080610712225
0.0	Lanceirosphenodon	221.78211130684653	220.53321710637033
0.0	Langeronyx	248.80654858212486	234.0996040810909
0.0	Langobardisaurus	217.94675796596871	209.6925808582569
0.0	Lanthaniscus	271.8607203913128	268.4536749913396
0.0	Lanthanolania	272.2108853620111	271.09637894093805
0.0	Lanthanosuchus	263.95620920115454	263.30548190589303
0.0	Laquintasaura	200.03567070149833	198.9989347588634
0.0	Largocephalosaurus	245.35740768135182	243.23087625537715
0.0	Lariosaurus	250.3946410673887	235.87722295984298
0.0	Lasasaurus	250.6905999025154	249.92680416172976
0.0	Lavinipes	200.9927601743509	198.80430839465197
0.0	Lepidus	213.43383815519283	212.22692891007287
0.0	Leptonectes	202.11026810486038	198.8932648928812
0.0	Leptosuchus	227.70107957770588	208.2985295723607
0.0	Lessemsaurus_Temperate_S	227.86812795509704	208.68900360123004
0.0	Lewisuchus	242.99277354528948	229.84654290879848
0.0	Libognathus	221.56863448306038	220.31101775265384
0.0	Liliensternus	225.90948676620613	201.46333566044842
0.0	Lindwurmia	200.16034006323665	199.15626842393624
0.0	Litorosuchus	238.22484956061135	237.18672151190384
0.0	Lophostropheus	204.23527541536072	203.20906942449835
0.0	Lotosaurus	247.571697990177	241.86593499032344
0.0	Lucasuchus	237.2173498683979	228.782956248885
0.0	Lucianosaurus	223.3023060149675	221.99867392927604
0.0	Lucianovenator	216.48254624549028	215.22701950944193
0.0	Lufengosaurus	201.6273374240243	199.4678509866154
0.0	Lukousaurus	201.5974276378834	199.56508119408292
0.0	Luopingosaurus	245.0416972125383	244.19606561387045
0.0	Luperosuchus	239.40282514573724	237.8445570211416
0.0	Macgowania	222.6104487839053	214.1532412088111
0.0	Machaeroprosopus	227.28519432540637	201.16635742381098
0.0	Macrocnemus	247.575274960667	236.25121173927002
0.0	Macrocollum	223.40697624987885	211.85052628901693
0.0	Macroleter_Temperate_N	272.06300614800307	264.2898109472589
0.0	Macroleter_Tropical_N	272.2983411347106	271.2144037104639
0.0	Macroplacus	208.88164843276164	207.79586390105845
0.0	Macroplata	200.8880821887219	199.8808575639441
0.0	Maehary	221.93679390840572	215.62933419749393
0.0	Majiashanosaurus	249.52026085660188	248.68263243234892
0.0	Malerisaurus	227.2938240490619	215.9708073771617
0.0	Malutinisuchus	243.38364782271142	237.45848311844634
0.0	Mambawakale	243.27560792989453	242.45736721038975
0.0	Mandaphon	244.57488073215586	243.74273104786673
0.0	Mandasuchus	244.99164065635605	242.08646277178613
0.0	Marasuchus	241.34405309442852	235.132355658131
0.0	Marcianosuchus	247.2632518259161	246.45589277564324
0.0	Massospondylus	232.87995702915345	231.07372674029284
0.0	Mbiresaurus	237.50656745811048	227.0641680326282
0.0	Megachirella	243.41555921196866	242.62115798997885
0.0	Megalancosaurus	217.90933720911585	207.5685312907509
0.0	Megalosauripus	200.63256457285837	199.59112670093404
0.0	Megalosaurus	204.3681144107771	203.3651884478516
0.0	Megapnosaurus	201.58835887583723	200.54374947718838
0.0	Mehliella	234.15133562758115	232.53403313952845
0.0	Melanorosaurus	211.24254482468362	210.06912092098278
0.0	Merriamosaurus	248.2897791427251	247.43891408201623
0.0	Mesodapedon	242.45685801522058	241.6935116647074
0.0	Mesosaurus_Antarctic	291.486176411517	281.7838517275307
0.0	Mesosaurus_Temperate_S	290.63343529617305	283.22305824129455
0.0	Mesosuchus	246.26486105202073	242.38823306561954
0.0	Metamosaurus	284.37514079737605	284.0304070320848
0.0	Metashastasaurus	222.63887520044577	209.34226082757294
0.0	Microcnemus_Temperate_N	251.97908413732665	247.30433787091502
0.0	Microleter	284.3895188525589	284.0105468698399
0.0	Micromenodon	228.488126281149	226.96805520178737
0.0	Microsphenodon	223.44012509261154	207.173853162192
0.0	Mikadocephalus_Temperate_N	239.10376346353127	238.3323162177324
0.0	Mikadocephalus_Tropical_N	243.48369594299132	242.67838897225522
0.0	Milleretta	260.02129792221785	249.96802273943806
0.0	Millerinoides	257.9899513495759	257.88105156103774
0.0	Milleropsis	261.0664997419304	250.0176873132777
0.0	Millerosaurus	260.1576415166504	251.9378010358231
0.0	Miodentosaurus	234.45311638354028	228.78609687787156
0.0	Mixosaurus	247.73707595236422	237.33378097786382
0.0	Moradisaurus	256.37115375788505	250.56983464373585
0.0	Mystriosuchus_Temperate_N	226.92645402681686	199.0946942989496
0.0	Mystriosuchus_Tropical_N	214.78855330802483	212.30796222636204
0.0	Nambalia	212.12287247503505	207.72814814324252
0.0	Nanchangosaurus	249.6757672822192	238.57186213946088
0.0	Nanoparia	258.2766898107184	253.9186969637337
0.0	Neoaetosauroides	228.90111665480924	208.28151887817873
0.0	Neoprocolophon	244.87040386107196	244.05138774313787
0.0	Neusticosaurus	245.78605458545013	235.29507622212265
0.0	Nhandumirim	217.98850759209924	210.5215485132405
0.0	Nicrosaurus_Temperate_N	228.18270345579245	209.04959476411136
0.0	Nicrosaurus_Tropical_N	211.69659911584557	210.50533902003403
0.0	Nochelesaurus	264.4201928703566	259.72090337702474
0.0	Notatesseraeraptor	227.23185796245752	225.61396715699897
0.0	Noteosuchus	251.52280823096993	250.90796111769123
0.0	Nothosaurus_Temperate_N	247.77240477331938	202.15445939958298
0.0	Nothosaurus_Tropical_N	247.68316009918553	235.2111737980131
0.0	Nothosaurus_Tropical_S	249.64377409182484	239.34639647961788
0.0	Nundasuchus	247.436798945622	246.59885409531125
0.0	Nyasasaurus	246.65826085385024	242.8488366067368
0.0	Nycteroleter	273.481271815943	264.90280561641873
0.0	Nyctiboetus	277.4162870932456	267.7272596407135
0.0	Nyctiphruretus	273.8809905916205	261.0085064364294
0.0	Obirkovia	266.1576300405612	257.6903008266985
0.0	Odontochelys	234.0873212671067	227.15605754707224
0.0	Omphalosaurus_Temperate_N	249.35279328981233	236.88402623098114
0.0	Omphalosaurus_Tropical_N	249.2822684630765	234.585569570572
0.0	Opisthodontosaurus	291.0429780154404	282.76176863710435
0.0	Orenburgia	251.3508297181998	247.26101390263483
0.0	Orovenator	289.0773699998285	282.02799276829626
0.0	Oryctorhynchus	235.67702327038535	226.68157755024774
0.0	Oryporan	250.29210611921476	248.91354763810125
0.0	Osmolskina	248.48122748987007	247.61800439720972
0.0	Otozoum	212.68517809764955	211.46128471337863
0.0	Owenetta	261.5235040407134	248.85018228101904
0.0	Ozimek	231.99380508210655	226.39174028241726
0.0	Pachypes	252.95197729916126	252.84448863893613
0.0	Pachypleurosaurus	247.9096156888789	236.47643792426146
0.0	Pachystropheus	206.2214537651014	204.84754138000926
0.0	Palacrodon_Temperate_S	250.12007403824566	245.35587149466824
0.0	Palacrodon_Tropical_N	214.0066483209541	208.04763978268304
0.0	Palaeagama	253.69340286459496	253.58385444628598
0.0	Palaeochersis	228.51544208038422	211.6324714091263
0.0	Palaeosaurus	230.15659299533334	228.5034349314533
0.0	Palatodonta	244.22021261593568	243.40240723984365
0.0	Paleollanosaurus_Temperate_N	204.96820226673498	203.94232270814908
0.0	Paleollanosaurus_Tropical_S	215.96782200215034	214.72996423921788
0.0	Paliguana	251.1875555663016	250.48125607914903
0.0	Pamelaria	247.297704868477	241.47551059453372
0.0	Pamelina	249.23668218588094	248.4366253461658
0.0	Pampadromaeus	234.5944929533326	206.88392210292886
0.0	Panguraptor	200.16562634589457	199.1621549039751
0.0	Panphagia	229.75548008124954	228.0822055089089
0.0	Pantydraco	230.85525079473925	229.0770744331593
0.0	Panzhousaurus	244.7346844975424	243.86232252629063
0.0	Pappochelys	239.14846354221578	238.3401558384774
0.0	Parabrontopodus_Temperate_N	201.6125191723387	199.55054212282556
0.0	Parahupehsuchus	248.8074496413379	247.96140955903292
0.0	Paralonectes	250.92542615971988	244.413448818199
0.0	Paraplacodus	247.6458037433863	235.19673902474216
0.0	Pararcus	243.60692640645684	242.78999589566848
0.0	Parasaurus	259.59271691247375	255.57202999540272
0.0	Parasuchus_Temperate_N	251.2680861303758	228.84833923983143
0.0	Parasuchus_Temperate_S	237.04843647195122	233.2479269142793
0.0	Parasuchus_Tropical_N	235.78630028638088	209.6779303315576
0.0	Parasuchus_Tropical_S	225.4681942893339	221.64663733774205
0.0	Paratypothorax_Temperate_N	221.29156060716159	207.4062164785612
0.0	Paratypothorax_Tropical_N	228.08238740158353	208.16552035090086
0.0	Paratypothorax_Tropical_S	220.61312351816719	219.33580656059746
0.0	Pareiasaurus	264.63259867721786	249.82772743907321
0.0	Pareiasuchus	262.2133000089895	253.27578669226457
0.0	Parringtonia	243.374540703258	242.5878180965761
0.0	Partanosaurus	242.32805427423193	241.54144473251338
0.0	Parvinatator	243.85513407154346	243.03649433489747
0.0	Parvosuchus	240.4711586044282	239.78088777573106
0.0	Pectodens	244.73306176129336	243.88256419195147
0.0	Pelecymala	236.51856583890532	227.81527333291467
0.0	Pendraig	231.43847385551013	229.69867359528286
0.0	Pentaedrusaurus	246.76996611049196	245.91294683806728
0.0	Permotriturus	264.82583958818844	264.0152484317873
0.0	Pessopteryx	249.00148812138482	243.24416056762115
0.0	Peteinosaurus	216.8712699029233	214.06310263334657
0.0	Phaanthosaurus	251.94162299209717	251.01752988035648
0.0	Phalarodon_Temperate_N	251.57355812791067	242.72457661864914
0.0	Phalarodon_Tropical_N	245.7769820759959	242.09047368720783
0.0	Phantomosaurus	244.39818062481376	243.56167010860585
0.0	Phonodus	251.8517847504194	251.37693838815815
0.0	Pisanosaurus	233.61103756752314	231.87512131207606
0.0	Pistosaurus	244.15308579385663	237.74481468612186
0.0	Placochelys	235.25369845830463	221.40502169745855
0.0	Placodus_Temperate_N	247.42679057504606	236.33284778671452
0.0	Placodus_Tropical_N	248.11990481230708	242.64078889977839
0.0	Placodus_Tropical_S	247.3544668147918	238.88945635971112
0.0	Planocephalosaurus_Temperate_N	237.74891097206148	201.9397904115506
0.0	Planocephalosaurus_Tropical_S	211.75427431151564	210.52237532490955
0.0	Plateosauravus	226.27383887122136	209.48408132664036
0.0	Plateosaurus_Temperate_N	227.55520215802167	199.83864341541263
0.0	Plateosaurus_Temperate_S	219.64587341356378	208.60935150394567
0.0	Platypterna	224.37736224183243	198.08265053249715
0.0	Plectropterna	201.3839335399722	199.20371245926623
0.0	Plesiornis	201.77502812094443	200.79799264969608
0.0	Plesiosaurus	208.32043317933923	199.056817164071
0.0	Polesinesuchus	228.60938434688003	227.16717104606906
0.0	Polonosuchus	228.5399058135467	227.0608800871116
0.0	Polymorphodon	238.52012029288596	237.59528545637244
0.0	Poposaurus	235.83242899776073	201.18584558081739
0.0	Postosuchus	234.52632382526468	202.18013570925743
0.0	Powellvenator	221.5490457081067	220.29575638082272
0.0	Pravusuchus	224.35858221020163	223.13867644994406
0.0	Preondactylus	215.1655912706524	209.2269329954863
0.0	Prestosuchus	242.60785426378357	231.28265800019594
0.0	Procerosuchus	238.94921979357895	238.18011853794073
0.0	Procolina	250.9885317979191	250.25540294148576
0.0	Procolophon	251.85558926362717	247.08159897415842
0.0	Procolophonichnium_Temperate_N	245.3896199998067	241.56451189294583
0.0	Procolophonichnium_Temperate_S	250.90340911515426	250.14222184303352
0.0	Procompsognathus	215.7600441574359	214.48343867031417
0.0	Proganochelys_Temperate_N	228.94881784656963	203.42958533017148
0.0	Proganochelys_Tropical_N	222.86844504200633	221.55478613282463
0.0	Prolacerta	251.80981129808265	248.15662969233307
0.0	Prolacertoides	251.95012108407545	251.54404248603598
0.0	Prosantosaurus	241.60530841825428	240.84235824421611
0.0	Prosaurosphargis	247.93123168242585	247.07985040645977
0.0	Protanystropheus	246.6640831954884	243.32534122591738
0.0	Protecovasaurus	223.62019367488583	213.13748594502675
0.0	Protenodontosaurus	235.71969504170164	234.193066025363
0.0	Proteosaurus	201.8948219569035	199.1202155049266
0.0	Proterochampsa	228.76110313367266	227.2335745367381
0.0	Proterochersis	227.2182787903432	211.33131216908285
0.0	Proterosuchus_Temperate_N	251.880399041473	250.98371034672348
0.0	Proterosuchus_Temperate_S	251.91562688587052	247.18932268751644
0.0	Protoavis	226.83880784051712	217.97441716236352
0.0	Protocaptorhinus	291.2928185268173	281.9975399811827
0.0	Protoichthyosaurus	200.7513700966084	199.74407355854882
0.0	Protome	214.81872158816796	213.57062287413066
0.0	Protorosaurus	260.87546080565625	253.50289539041088
0.0	Protorothyris	298.8940143949973	294.1722602226975
0.0	Protosuchus	207.84559692653002	198.8027921908444
0.0	Provelosaurus	268.09843292620224	259.7617738646316
0.0	Psephochelys	228.89777871791725	227.39585494719827
0.0	Psephoderma_Temperate_N	209.46159001625657	201.55947756387587
0.0	Psephoderma_Tropical_N	216.5882613785979	212.88591427441582
0.0	Psephoderma_Tropical_S	243.42942296147444	241.84729695294857
0.0	Psephosauriscus	247.9125933240285	236.63823054656066
0.0	Psephosaurus_Temperate_N	237.797741974671	236.4668744025596
0.0	Psephosaurus_Tropical_S	244.6264170740017	241.8033557528864
0.0	Pseudhesperosuchus	213.7158899711933	212.48611242521486
0.0	Pseudochampsa	235.76718396976702	234.21328498989732
0.0	Pseudotetrasauropus_Temperate_N	215.05366792027573	213.79623150760403
0.0	Pseudotetrasauropus_Tropical_N	227.83781344573535	201.5796980075571
0.0	Pterodactylus	200.01524819883215	199.01752378339904
0.0	Pumiliopareia	257.6218194678263	257.51157174385736
0.0	Qianichthyosaurus	240.05784905963333	226.90577805019095
0.0	Qianosuchus	244.8258242881359	243.61344900960322
0.0	Qianxisaurus	241.87191788727625	241.10580787444377
0.0	Quasianosteosaurus	248.4546565218695	247.60887632426713
0.0	Raeticodactylus	211.62955245735378	210.41602210933516
0.0	Rautiania	266.5207111843611	257.58640214381205
0.0	Redondasuchus	220.05673939493056	209.4228315419649
0.0	Redondavenator	226.3883518297746	224.95539886285874
0.0	Revueltosaurus	229.630111793334	208.63941405063483
0.0	Rhaeticosaurus	208.74842272577524	207.68656275397984
0.0	Rhipaeosaurus	268.2018192975119	262.11084783688926
0.0	Rhomaleosaurus	203.48452655916395	198.98453326494504
0.0	Rhombopholis	243.18562908927336	241.41339643708113
0.0	Rioarribasuchus	218.21503657808654	208.74958668845542
0.0	Riojasaurus	229.20341658481573	219.01616350522755
0.0	Riojasuchus	212.67158845664187	211.41312765358055
0.0	Romeria	294.53683959662425	293.20648344176146
0.0	Rothianiscus	271.2239309911791	264.263352555878
0.0	Rotodactylus	226.5851744861388	225.01929148323381
0.0	Ruehleia	222.4659519055202	212.2216799279602
0.0	Rugarhynchos	219.8008471903556	218.55672556601797
0.0	Ruhuhuaria	245.98097667990993	245.14628865568713
0.0	Rutiodon	236.94383691400574	208.19674258218774
0.0	Sacisaurus	227.75553727888538	225.9898653333715
0.0	Saltoposuchus	223.5350323629001	212.85160505406802
0.0	Sanchiaosaurus	244.47516904532392	243.63280797220392
0.0	Sanchuansaurus	253.283728510224	253.17396092002164
0.0	Sanjuansaurus	228.24479238959626	226.8124504009989
0.0	Santaisaurus	251.87737149775086	250.72442012604964
0.0	Sarcosaurus	200.3608576133117	199.34562934113907
0.0	Sarmatosuchus	247.50727128895437	246.6629564775682
0.0	Saturnalia	235.50612603126032	214.710771370727
0.0	Saurischichnus	229.13488664205784	207.32500678266672
0.0	Saurodektes	251.76320589896935	246.82919180408635
0.0	Sauropareion	251.825202226458	247.0598878408424
0.0	Sauropus	201.52300059971338	200.5399107415153
0.0	Saurorictus	258.3261523532348	258.2176898556648
0.0	Saurosternon	252.73570948498494	252.62496828024436
0.0	Saurosuchus	229.83459332582106	228.20331932565924
0.0	Scelidosaurus	201.47567922936085	200.46524984862162
0.0	Scharschengia	248.4803040587163	247.63017706155512
0.0	Schleitheimia	220.82783673138715	219.564658322463
0.0	Sclerocormus	248.49955757140796	247.63018890643897
0.0	Sclerosaurus	247.48702435796233	244.53037667945824
0.0	Sclerostropheus	220.9776475369551	219.74172603997835
0.0	Scoloparia_Temperate_N	208.26242348783208	207.09947833570357
0.0	Scoloparia_Tropical_N	237.7257729081812	232.60432256224837
0.0	Scolotosuchus	249.96349190216702	249.1329696822244
0.0	Scutarx	228.36486329615406	209.53793396043736
0.0	Scutosaurus	265.2066749352326	256.7470011415626
0.0	Scythosuchus	249.8326499648939	248.9939183577817
0.0	Seazzadactylus	227.43590702156462	225.7279012188305
0.0	Selenichnus	201.57955612173814	198.8192260120732
0.0	Serpianosaurus	247.16739858246336	236.83458667714288
0.0	Shansisuchus	247.35314006377422	241.8351257847911
0.0	Shastasaurus_Temperate_N	214.49218409131518	213.22544856928485
0.0	Shastasaurus_Tropical_S	236.83947385809944	225.94845395885886
0.0	Shihtienfenia	254.3476356451164	250.94645213060178
0.0	Shonisaurus_Temperate_N	230.26969403488164	201.14574380646903
0.0	Shonisaurus_Tropical_N	223.93067253993402	216.7346753584633
0.0	Shringasaurus	247.24688942268924	241.58477402662496
0.0	Shuangbaisaurus	201.44074603116744	200.42643824223086
0.0	Shuvosaurus	226.3089028496811	201.702685779221
0.0	Sigmala	236.78108624741807	227.7647144474683
0.0	Sikannisuchus	227.74066361507866	216.84438552112124
0.0	Silesaurus	231.77053912504283	229.95778527793152
0.0	Sillosuchus	232.59331882393224	230.85993336859258
0.0	Simosaurus_Temperate_N	246.69501820098378	200.25194523974824
0.0	Simosaurus_Tropical_S	242.56287581797028	241.79691825381292
0.0	Sinocyamodus	233.6032168630693	231.850573348311
0.0	Sinosaurosphargis	245.18399663593377	243.49635875201392
0.0	Sinosaurus	201.96308794776766	199.34932524601783
0.0	Skybalonyx	220.80405916165577	219.52232519444084
0.0	Smilodonterpeton	203.09581007937567	202.06326515410683
0.0	Smilosuchus	235.8222837234535	208.3529414745065
0.0	Sophineta	249.47050290482116	248.6434186426578
0.0	Soturnia	228.4621700092122	219.88380324112953
0.0	Soumyasaurus	222.87303954827362	221.64071555312603
0.0	Sphenotitan	223.1991534407778	207.5276563392631
0.0	Sphodrosaurus	219.7877825300602	218.5643282719322
0.0	Spinosuchus	229.85370124250812	225.5249111472513
0.0	Spondylolestes	257.22279572908434	254.8133678671518
0.0	Spondylosoma	238.0290715013564	236.85578192319815
0.0	Stagonolepis_Temperate_N	233.76241503972113	227.75048610779152
0.0	Stagonolepis_Tropical_N	227.16983708053186	208.28304620110043
0.0	Stagonolepis_Tropical_S	209.79558225378887	208.65247176814108
0.0	Stagonosuchus	247.80817598110997	242.7798205966862
0.0	Staurikosaurus	233.57903074832763	231.8081006038425
0.0	Stauromatodon	237.53676748116652	236.0180481544642
0.0	Stegomus	224.5387165446495	211.49841396452388
0.0	Stenaulorhynchus	247.81927832048152	241.3434540632347
0.0	Stenomyti	216.85243078358246	215.59373139140635
0.0	Stenoscelida	219.0352665333799	217.74390672975022
0.0	Stereosternum_Antarctic	286.83724814128095	286.5668084770354
0.0	Stereosternum_Temperate_S	290.27343673961485	282.9046579321119
0.0	Styracocephalus	265.3027644598387	259.28567952207067
0.0	Syntarsus	208.82990820291255	207.75498214367303
0.0	Syntomiprosopus	226.74744696409462	225.22309890500648
0.0	Tachiraptor	201.7172377352998	200.69294549402215
0.0	Tanaisosaurus	249.03474096507367	248.18713142408166
0.0	Tanystropheus_Temperate_N	246.7409493713187	200.19545824836564
0.0	Tanystropheus_Tropical_N	244.5981852449918	237.24838213152935
0.0	Tanystropheus_Tropical_S	246.49574887362576	242.96719415097235
0.0	Tanytrachelos	220.23837688661953	208.1123531582703
0.0	Tarjadia	242.92184897230277	235.83244313925562
0.0	Tarsodactylus	200.0425785471166	199.04216121076817
0.0	Tasmaniosaurus	251.89694082782654	250.64159563268655
0.0	Tawa	225.39326211184041	208.30445780631965
0.0	Taytalura	234.29075375696027	232.60734326824925
0.0	Technosaurus	211.17361282448275	209.96327705622323
0.0	Tecovasaurus	229.4113593530403	211.5419567893712
0.0	Tecovasuchus	222.7937391972593	207.59450738614007
0.0	Teleocrater	246.75624509722135	242.69087998659614
0.0	Temnodontosaurus	202.04099907792803	199.65043565678005
0.0	Teraterpeton	237.11273349008633	229.5597024638183
0.0	Teratophon	244.23632023059037	241.8284850929863
0.0	Teratosaurus_Temperate_N	247.41255770901782	222.10883526497332
0.0	Teratosaurus_Temperate_S	250.78515579860036	250.02477658048875
0.0	Termatosaurus	209.58204957402486	202.87525069960384
0.0	Terrestrisuchus	236.51849494008601	226.67767730561363
0.0	Tetrasauropus_Temperate_N	224.96608531230788	223.71105115647293
0.0	Tetrasauropus_Temperate_S	240.52161950105298	238.22938720449656
0.0	Teyujagua	248.44428467387428	247.58897635918686
0.0	Teyumbaita	222.25868092115584	208.84691490924436
0.0	Thadeosaurus	256.6164320251952	256.5098099311028
0.0	Thaisaurus	248.83779688478808	248.0059343776067
0.0	Thalassiodracon	209.38650093756777	198.9301873827321
0.0	Thalattoarchon	244.38695372595635	243.56436766500673
0.0	Thalattosaurus	240.68922072165049	236.7204510269122
0.0	Thecodontosaurus	246.9866031069102	200.6395747210302
0.0	Theledectes	244.66562439382028	243.81258794647084
0.0	Thelephon	246.34058152641043	245.51233254528577
0.0	Thelerpeton	247.34092295941747	243.74543298315956
0.0	Tholodus_Temperate_N	247.21433298530036	240.9021061365882
0.0	Tholodus_Tropical_N	247.3199503339403	246.486502035943
0.0	Thuringothyris	292.3603149356735	281.58975347603234
0.0	Tichvinskia	251.27514832352455	246.93264158034233
0.0	Ticinosuchus	244.2480847773326	242.06533902577738
0.0	Tikisuchus	234.3359531103618	232.672673231892
0.0	Timanophon	249.81653505561462	246.48509646492076
0.0	Toretocnemus	236.47182235902025	229.6080424921485
0.0	Trachelosaurus	247.39395363694385	246.5472922908299
0.0	Trialestes	233.38909749153677	229.4822166743013
0.0	Tricuspisaurus	206.19662574575148	205.16563892671937
0.0	Trihamus	200.31702733761892	199.29947329049034
0.0	Trilophosaurus	234.8047503713934	207.8083982991488
0.0	Tropidosuchus	242.50713251842654	236.32872726668538
0.0	Tuebingosaurus	224.60734559346514	223.31877435735078
0.0	Turfanosuchus	245.5782967548377	244.73401966057673
0.0	Typothorax	227.76488735104226	202.52457564689644
0.0	Uatchitodon	238.10079174649573	215.35632387459668
0.0	Unaysaurus	224.32297780572605	213.71705358884589
0.0	Unguinychus	210.40819128440495	209.22232578950687
0.0	Uralosaurus	245.71051567853542	241.61078857239104
0.0	Utatsusaurus	250.98336693494352	246.94416044236195
0.0	Vallesaurus	215.76473891982033	212.20054517858736
0.0	Vancleavea	231.42482797911495	202.75907165260722
0.0	Variodens	205.12440219797554	200.67404730666686
0.0	Vellbergia	237.3732414328335	235.97041759169855
0.0	Velocipes	224.59744526371702	223.25670726091778
0.0	Venaticosuchus	229.15082684643448	227.62223885466295
0.0	Venetoraptor	229.55398119084148	222.27901263234463
0.0	Vinitasaura	235.86590819562716	234.41965455101095
0.0	Vivaron	219.6002137701276	209.0813797123823
0.0	Vjushkovisaurus	247.29986337636677	244.48167505016195
0.0	Volcanosuchus	231.22717921566982	229.58338985635018
0.0	Vonhuenia	251.5712413151798	250.96415461189602
0.0	Vritramimosaurus	248.12494735808713	247.27880953829327
0.0	Vytshegdosuchus	250.9774886106219	250.23908465737253
0.0	Wahlisaurus	200.99112317050137	199.96393602424556
0.0	Waluchelys	211.70711651626803	210.4547468244085
0.0	Wangosaurus	240.60174424025828	236.07611838646727
0.0	Wannia	216.36298788641497	210.77354539237027
0.0	Wapitisaurus	249.81065058670097	248.97505705610695
0.0	Weigeltisaurus	259.5716784429085	253.54402180527495
0.0	Whitakersaurus	205.54140299709212	204.50496956364017
0.0	Wimanius	239.08157893813103	238.33543046197528
0.0	Wumengosaurus	246.63601102659155	243.48697137595
0.0	Xenodiphyodon	236.01286733764388	234.53501590523655
0.0	Xilousuchus	246.71978165333903	245.86131495470175
0.0	Xingxiulong	201.2174360653048	200.20018871064437
0.0	Xinminosaurus	244.37285802184184	243.55273118554896
0.0	Xinpusaurus	239.08524912603215	229.57815919102796
0.0	Xiphopeza	199.990894124626	199.00486743684448
0.0	Yarasuchus	248.38852145550618	240.65102816074926
0.0	Yelaphomte	226.56550483492003	225.03040580747185
0.0	Yimenosaurus	201.52522178302186	199.27170551637548
0.0	Youngetta	249.01273978663696	248.16705978153354
0.0	Youngina	260.7567605892204	250.02825442865088
0.0	Youngosuchus	245.19607482677006	244.3519456703813
0.0	Yunguisaurus	241.05077007926883	236.04940111776952
0.0	Yunnanosaurus	201.83940828889286	198.6720634832294
0.0	Zanclodon	239.53815512778047	200.97712496262844
0.0	Zhongjiania	257.17961308889073	253.78207519768776
0.0	Zupaysaurus	209.43772264739192	208.2277766658194
