clade	species	ts	te
0.0	Abyssomedon	290.2676613324413	289.53797872945705
0.0	Acadiella	235.35895190670198	233.86656104106842
0.0	Acaenasuchus	227.74666409769782	207.8049429558472
0.0	Acallosuchus	223.7387589923376	222.57211439861982
0.0	Acerosodontosaurus	252.3285108506768	252.12176073821837
0.0	Acleistorhinus	283.0383861588023	282.1192821259037
0.0	Acrodenta	254.3946758189005	254.28518905946308
0.0	Actiosaurus	203.9070845308716	203.01129402455842
0.0	Adamanasuchus	216.3124011748017	215.14838886761115
0.0	Adelosaurus	257.9126454165985	257.80286687800157
0.0	Aenigmasaurus	248.9542495262877	248.12617581072962
0.0	Aenigmaspina	228.42843731166906	227.013506294852
0.0	Aenigmastropheus	256.4857126045627	256.3731368920284
0.0	Aetosauroides	231.17245753274736	208.20159528097767
0.0	Aetosaurus	224.94938352008887	209.02308840992458
0.0	Agkistrognathus	250.2113369093154	249.40826073325974
0.0	Agnosphitys	233.36545882048406	231.62981524044113
0.0	Alexeyisaurus	220.42856527338748	219.3017060376418
0.0	Alwalkeria	230.02149406732568	228.4676991989674
0.0	Amanasaurus	233.42488919602505	213.47238177047794
0.0	Ammorhynchus	247.44050560230966	244.66138207407656
0.0	Ammosaurus	201.61895317327145	199.88918191875044
0.0	Amotosaurus	247.03719637611505	243.39233289131082
0.0	Anarosaurus	245.60668237391513	242.69103525284783
0.0	Anchisauripus_Temperate_N	222.2261234036897	198.57107119406078
0.0	Anchisauripus_Tropical_N	226.49765009317167	198.30954345694246
0.0	Ancistronychus	225.54017597738377	224.284233956773
0.0	Angistorhinus	236.86239131804558	209.19875425144727
0.0	Anisodontosaurus	246.91987110415567	234.76319765966932
0.0	Anomoepus_Temperate_N	201.04855856514223	199.35034066482297
0.0	Anomoepus_Tropical_N	228.04794078434946	198.90908685508
0.0	Anomoiodon	246.90776720809652	241.82389977046097
0.0	Anshunsaurus	240.57547907839088	229.06387440789828
0.0	Anthodon	260.61843951635706	253.47026978170268
0.0	Anticheiropus	201.73329579353495	200.83279463213557
0.0	Apachesuchus	216.82433898603506	215.65978971580998
0.0	Apatopus_Temperate_N	231.2678381096232	229.68985522965295
0.0	Apatopus_Tropical_N	226.2779234947868	204.63608692637519
0.0	Apatopus_Tropical_S	236.97202901960966	235.8282414847847
0.0	Apatosuchus	215.47851930252142	214.27665314894787
0.0	Aphelosaurus	298.4371381711832	296.8562240157884
0.0	Araeoscelis	291.7058986428618	271.50286365454133
0.0	Archeopelta	238.234548723327	237.23711312186745
0.0	Archosaurus	260.6789991802217	256.6282616990513
0.0	Arcticodactylus	218.82622173031365	217.65114793060968
0.0	Arganaceras	259.46658177935143	259.3093986848156
0.0	Arganasuchus	233.9737680751352	232.4399544987734
0.0	Argoides	201.30779744221172	199.19570461312313
0.0	Arizonasaurus	247.40081766475978	244.94198788622685
0.0	Asilisaurus	246.88603535523345	242.1212083807811
0.0	Askeptosaurus	248.230819006337	235.72296778717578
0.0	Asperoris	247.44094018670765	246.59149074851342
0.0	Asylosaurus	209.70915577502277	201.29319319930556
0.0	Atopodentatus	244.93412732441442	243.4518100834984
0.0	Atreipus_Temperate_N	231.08751905242983	229.43464782132045
0.0	Atreipus_Tropical_N	234.69116971421957	210.6657415538052
0.0	Augustaburiania	249.53774146519328	246.5633932754562
0.0	Augustasaurus	242.61838103126408	241.85508073175833
0.0	Australothyris	262.0810370554437	261.8162738894018
0.0	Austriadactylus	213.23389495407082	208.0115509689365
0.0	Austriadraco	213.40151930113325	212.1968321366867
0.0	Avalonnectes	201.38015054314837	200.4927766676198
0.0	Avicranium	208.07319630904314	207.04238051786763
0.0	Azendohsaurus	235.01492714555604	233.4581637844385
0.0	Baeotherates	288.41809183866957	288.1281490682578
0.0	Baisesaurus	248.26928840415778	247.44412073838765
0.0	Barasaurus	260.908081978553	249.5695187013823
0.0	Barberenasuchus	238.46092484947303	237.43349272534653
0.0	Barracudasauroides	245.64207512601968	242.69217638978827
0.0	Barracudasaurus	247.36929399857158	240.99098697652022
0.0	Barrancapus	223.52866929160305	222.30786297256776
0.0	Bashkyroleter	271.89064047434914	264.1477203116453
0.0	Batrachopus_Temperate_N	248.28073672506596	199.8507769241208
0.0	Batrachopus_Tropical_N	217.42385065075288	199.01104574391022
0.0	Batrachotomus	239.75095218004543	237.11897281949908
0.0	Belebey	272.83518976513756	264.3596739191481
0.0	Benggwigwishingasuchus	246.81041889277176	246.01270320712027
0.0	Bentonyx	246.55729196433708	245.78870975502088
0.0	Bergamodactylus	216.42028827868472	215.23817654014866
0.0	Besanosaurus	239.7513253562651	238.97228122779381
0.0	Blezingeria	242.1041002479204	241.34255823582103
0.0	Blomosaurus	251.80491375209363	251.30179271716165
0.0	Bobosaurus	237.00046567588754	235.91233833408853
0.0	Bolosaurus	296.77326917312297	273.34084244203905
0.0	Boreopricea	250.08652113461562	247.4726464606403
0.0	Brachychirotherium_Temperate_N	234.74120167422333	233.1352975608193
0.0	Brachychirotherium_Tropical_N	232.26369708648926	203.03894830435132
0.0	Brachychirotherium_Tropical_S	230.79470197685404	226.52041248284038
0.0	Bradysaurus	265.8190312435746	257.1608472280306
0.0	Brasinorhynchus	242.10179887448396	234.57934006598802
0.0	Brazilosaurus	291.4496693420503	281.983009527438
0.0	Bromsgroveia	247.29922028186436	242.60339559729866
0.0	Broomia	261.3339935509553	259.5949292293118
0.0	Bunostegos	253.79451443409818	253.6841404613084
0.0	Buriolestes	233.7444670947047	209.09957659401263
0.0	Bystrowisuchus	250.6247947024356	249.84246898903626
0.0	Callawayia	229.33196155993892	213.2755277237811
0.0	Calyptosuchus	233.1729153331087	208.17433167084963
0.0	Camelotia	207.8864696338761	206.45869842833048
0.0	Camposaurus	217.0535553903746	215.91128727755236
0.0	Candelaria	242.03745284468422	235.8370901090702
0.0	Captorhinikos	283.57193529244506	272.3404368099305
0.0	Captorhinoides	277.64692651959786	272.19327666944804
0.0	Captorhinus_Temperate_S	255.37448124464035	255.26381832226724
0.0	Captorhinus_Tropical_N	287.7259355604363	272.2649694595399
0.0	Captorhinus_Tropical_S	290.6661101025034	272.8234626213271
0.0	Cargninia	218.40558355912887	217.2495206529976
0.0	Carnufex	229.02891263493126	227.5265360821212
0.0	Cartorhynchus	248.69443735400444	247.86095509434057
0.0	Caseosaurus	214.47118588746778	213.32748927079803
0.0	Caviramus	210.26978008668502	209.12187766141304
0.0	Ceresiosaurus	242.3614784623426	237.82470947240267
0.0	Chalishevia	241.93363501081882	235.8389047278415
0.0	Chanaresuchus	243.0300376850132	235.40426560502436
0.0	Chaohusaurus	250.32354897189006	243.4436234374279
0.0	Chasmatosuchus	251.91442368858733	247.0153943391088
0.0	Chelyoposuchus	203.56959743664373	202.6716958220359
0.0	Chinchenia	239.24520956225206	238.4153120033445
0.0	Chindesaurus	220.8400932915319	211.72936823524537
0.0	Chinshakiangosaurus	200.44331444553868	199.55952341784422
0.0	Chirotherium_Temperate_N	238.44166603012846	205.75165237877394
0.0	Chirotherium_Temperate_S	239.04662575598184	236.83227185022432
0.0	Chirotherium_Tropical_N	252.3132585576096	220.10426276302812
0.0	Chromogisaurus	232.32161734381876	230.6698640746268
0.0	Clarazia	244.08910315395744	243.3425781934797
0.0	Claudiosaurus	260.88507658937635	249.70992419979174
0.0	Clevosaurus_Temperate_N	237.0684505444761	199.22053552826745
0.0	Clevosaurus_Temperate_S	235.62390627520568	208.49478458065255
0.0	Coahomasuchus	238.08370299675155	223.66895978207828
0.0	Coartaredens	246.84648824064607	242.8648812594588
0.0	Coburgosuchus	226.58024839854303	225.19545571223645
0.0	Coelodontognathus	251.21380852171254	246.19003646328136
0.0	Coelophysis_Tropical_N	227.66353971272608	200.7138726679227
0.0	Coelophysis_Tropical_S	220.51087327172596	219.38734104734894
0.0	Coelurosauravus_Temperate_N	255.20204434701787	255.0912388806442
0.0	Coelurosauravus_Temperate_S	260.7420987793371	249.87146232641328
0.0	Coelurosaurichnus_Temperate_N	248.13279732985674	205.1022210177952
0.0	Coelurosaurichnus_Tropical_N	248.6567894002439	209.83223832489716
0.0	Coelurosaurichnus_Tropical_S	228.74169984774727	226.3542694131946
0.0	Coletta	249.59571019475885	248.79003762887945
0.0	Collilongus	248.43462719757878	247.61018134989632
0.0	Colobomycter	292.7168250336717	282.9634236232593
0.0	Colobops	209.9179143367721	208.86151661462085
0.0	Coloradisaurus	227.29392262827582	214.23818037426582
0.0	Coloradisuchus	225.93626452922345	224.66460285383098
0.0	Concavispina	233.51918953616905	231.85612173396643
0.0	Contectopalatus	242.76687738553903	241.99331737889435
0.0	Corosaurus	248.67093414283704	247.35681773557292
0.0	Cosesaurus	237.83545956306097	236.4559891511627
0.0	Crosbysaurus	227.0113233760844	208.86275889774748
0.0	Ctenosauriscus	247.92109487807076	247.11810964687686
0.0	Cyamodus	248.01890896942126	227.61790848501946
0.0	Cymatosaurus	247.68473204680163	241.48471328394558
0.0	Cymbospondylus_Temperate_N	248.17376742215694	235.93334498041816
0.0	Cymbospondylus_Tropical_N	249.64356575468884	235.22796648574044
0.0	Czatkowiella	248.88639597570895	248.08028176410812
0.0	Dactylosaurus	247.18883231076327	242.64475190924588
0.0	Daemonosaurus	203.28800103139903	202.3941460258324
0.0	Dagasuchus	235.58737884444244	234.1276714402798
0.0	Dawazisaurus	243.35348886077276	242.58455215651168
0.0	Decuriasuchus	246.40012398909641	235.2764080452101
0.0	Delatorrichnus	200.9416494702201	200.04931903344732
0.0	Delorhynchus	291.84474750082904	281.34436319242565
0.0	Deltadectes	221.96586118145396	204.67764095722939
0.0	Deltavjatia	265.8196336711785	259.8305516232386
0.0	Desmatosuchus	234.11495708743564	207.69012127382905
0.0	Diandongosaurus	244.61277410990638	243.83704520608887
0.0	Diandongosuchus	241.7201991419473	240.98114281536743
0.0	Dianmeisaurus	245.81974388932528	243.42618168921743
0.0	Dianopachysaurus	244.70373073122656	243.91291616706428
0.0	Dimetropus	291.83644072645217	282.1585803825458
0.0	Dimorphodon	201.59446868442683	200.70305435503693
0.0	Dinocephalosaurus	244.84111097241478	243.6837145391126
0.0	Diphydontosaurus_Temperate_N	237.0189255663379	204.26292537917686
0.0	Diphydontosaurus_Tropical_N	215.75948896169504	214.59349034186897
0.0	Diphydontosaurus_Tropical_S	215.10811645542262	213.8973267059251
0.0	Dolabrosaurus	210.20036706741178	209.10638023378078
0.0	Dolerosaurus	231.61889440647084	229.92493957822438
0.0	Dolichobrachium	228.54034488975685	227.12983956852213
0.0	Doliovertebra	245.66185652377106	244.88561489800117
0.0	Dongusuchus	247.08008129929942	241.75228982955434
0.0	Dorosuchus	246.75603039238962	240.94118372600337
0.0	Doswellia	237.6361300054112	207.90533576335383
0.0	Dracoraptor	201.65407287892032	200.7622779519357
0.0	Drepanosaurus_Temperate_N	215.91868825435978	214.73442566258433
0.0	Drepanosaurus_Tropical_N	220.81853330766856	203.5141882414856
0.0	Dromomeron_Temperate_S	218.97666953318833	217.79100923287808
0.0	Dromomeron_Tropical_N	227.7220653715462	202.76104920886368
0.0	Dromomeron_Tropical_S	218.23394296684418	207.77981642115154
0.0	Dyoplax	230.33271082489728	228.73720859758038
0.0	Ebrachosuchus	235.9081642070602	234.49624807227545
0.0	Effigia	209.00212461970918	200.7251666772647
0.0	Efraasia	216.66036440545784	208.78492079174842
0.0	Eifelosaurus	247.14386580962727	246.32853389504618
0.0	Elachistosuchus	205.623475722798	204.72487463007718
0.0	Elessaurus	248.78066020905248	247.9538532091643
0.0	Elginia	259.197057880705	251.45066250077133
0.0	Embrithosaurus	265.99305841820484	259.1218232767035
0.0	Emeroleter	265.86499484555367	260.28074988551333
0.0	Endennasaurus	216.38156089494493	215.24607370626612
0.0	Energosuchus	242.2035857394975	235.0058409980188
0.0	Eodromaeus	229.84652733635932	228.24294580713317
0.0	Eohupehsuchus	249.09738737262643	248.2877204374817
0.0	Eohyosaurus	246.71053480599878	244.4156164696551
0.0	Eomurruna	251.66133968689638	250.86450544073523
0.0	Eoplesiosaurus	200.24499325138342	199.36800028001755
0.0	Eoraptor	233.06884927378184	230.67915207592856
0.0	Eorasaurus	260.803505139794	260.5360239634064
0.0	Eorhynchochelys	237.31086314159467	236.1553416131461
0.0	Eosauropus_Temperate_N	216.43840858101024	214.36998775241796
0.0	Eosauropus_Tropical_N	227.08218438367024	213.2645442634085
0.0	Eretmorhipis	246.927524804778	246.0902167944834
0.0	Erpetosuchus	216.31779180928035	215.1562014460092
0.0	Erythrosuchus	247.14965149654643	241.95134699609417
0.0	Erythrovenator	232.5427912606332	230.84040396786344
0.0	Eshanosaurus	200.83125153527848	199.90383393625856
0.0	Eubrontes_Temperate_N	228.56993732506564	199.08179390382267
0.0	Eubrontes_Tropical_N	227.1078675552057	198.9863200019486
0.0	Eucoelophysis	225.0173186496805	200.35206231701173
0.0	Eudibamus	286.1991018631758	285.91354310822953
0.0	Eudimorphodon	224.81419399987305	200.67186940932885
0.0	Eumetabolodon	249.11950220460218	242.55989589069125
0.0	Eunotosaurus	265.3581999391338	259.8506367889632
0.0	Euparkeria	245.56327358221603	241.83720355865384
0.0	Eurhinosaurus	201.56301975126098	200.6431313956772
0.0	Eurycleidus	200.37875724422105	199.5196487528851
0.0	Eusaurosphargis	245.8451491547281	238.84662439529126
0.0	Euscolosuchus	236.0106673974279	234.57251391545523
0.0	Evazoum	231.444889847568	205.31919233071085
0.0	Fasolasuchus	220.23460315784493	219.10686285186233
0.0	Faxinalipterus	214.68077347610281	209.17409474964575
0.0	Feeserpeton	286.4124158457508	286.1291756932719
0.0	Feralisaurus	246.41309084520088	245.61642544613912
0.0	Fodonyx	247.29305146152137	241.7877215183761
0.0	Fraserosphenodon_Temperate_N	232.77813069953714	231.01232598773643
0.0	Fraserosphenodon_Tropical_S	211.55170357113715	210.39175473857088
0.0	Fraxinisaura	239.79803784099775	239.0681932292096
0.0	Fugusuchus	246.6414344614193	245.8387634295701
0.0	Fuyuansaurus	241.67655501043183	240.92409658054075
0.0	Galesphyrus	258.0751471126981	254.05444317955673
0.0	Gamatavus	242.32621316336198	236.41546833660053
0.0	Gansurhinus	274.87685187209007	258.44251129687285
0.0	Garjainia_Temperate_N	251.34096662156975	247.03532001777432
0.0	Garjainia_Temperate_S	250.60878151863938	246.92374160066737
0.0	Garzapelta	219.91777790310832	218.70722761914263
0.0	Gecatogomphius	274.3834089217402	269.83837764682386
0.0	Gephyrosaurus	208.37444081082526	203.59373127694474
0.0	Glaurung	257.2016860045479	257.091884428296
0.0	Glyphoderma	237.3603642603694	236.05452581791474
0.0	Gnathovorax	232.1833711376631	220.51286941873948
0.0	Gojirasaurus	212.59222086996616	211.40348356445645
0.0	Gomphiosauridion	231.90507386804023	230.30035337666496
0.0	Gorgetosuchus	230.75093217026924	229.06581730523212
0.0	Gracilisuchus	241.95552709811827	238.35240240794909
0.0	Grallator_Temperate_N	234.15149910282813	199.27450034766778
0.0	Grallator_Temperate_S	233.2571257711939	207.97874534249294
0.0	Grallator_Tropical_N	232.09170114556926	199.2889925398946
0.0	Graoullyodon	208.881671834248	207.8578606149718
0.0	Gregaripus	228.2170281925839	212.60024211611116
0.0	Gresslyosaurus	220.9489872453531	208.72752413326694
0.0	Grippia	250.61691079709888	247.2012808515966
0.0	Guaibasaurus	228.16175562234474	210.1419042451941
0.0	Gualosuchus	242.7485118729053	238.79851126786374
0.0	Guanlingsaurus	233.41171971928193	230.92102585077322
0.0	Guchengosuchus	242.4942856856926	241.7527009993575
0.0	Guizhouichthyosaurus	240.03798041966064	226.13140195320932
0.0	Gulosaurus	251.47641802697152	247.89870851505452
0.0	Gunakadeit	218.79009546361178	217.57287268213096
0.0	Gwyneddichnium	223.04976238986265	200.7329787653326
0.0	Gyposaurus	200.82328972367097	199.33313224315089
0.0	Halazhaisuchus	246.83584541312425	246.02530258967147
0.0	Haligonia_Temperate_N	209.19103591537416	203.33369270331562
0.0	Haligonia_Tropical_N	230.52972098783755	228.85129094906748
0.0	Hanosaurus	249.45269735448102	248.62338302585354
0.0	Helcura	202.1059569450869	199.20854658265478
0.0	Helveticosaurus	243.4649043439269	242.6914473366681
0.0	Hemilopas	248.1491632588988	244.15110725011283
0.0	Hemiprotosuchus	225.96855903778447	212.434411385538
0.0	Heptasuchus	233.2680596078821	231.5301061106083
0.0	Herrerasaurus	236.1623393247227	227.5502880268857
0.0	Hescheleria	243.72796693403046	242.96115120164458
0.0	Hesperosuchus	226.622880112781	204.02835999629502
0.0	Heterodontichnites	236.0552973619669	218.45985242233107
0.0	Heteropelta	245.8705182998892	245.0683000403024
0.0	Himalayasaurus	215.31348311555584	214.10385371085238
0.0	Hispaniasaurus	241.16073704310608	240.42038646400925
0.0	Honghesaurus	244.3919010041617	243.58525228490478
0.0	Horaffia	240.10743044302438	237.42090173381902
0.0	Hovasaurus	259.5663388018792	249.14396663218344
0.0	Howesia	247.86562097819177	243.52819407957432
0.0	Hudsonelpidia	227.54956335194873	226.0457351523831
0.0	Hupehsuchus	249.99065453181564	235.4856962587669
0.0	Hwiccewyrm	236.9126492021922	226.8791868819667
0.0	Hyloidichnus	257.1125912649167	249.76161729632602
0.0	Hyperodapedon_Temperate_S	236.81751032776884	208.82465923915007
0.0	Hyperodapedon_Tropical_N	237.51870772522116	227.69960692831043
0.0	Hypselorhachis	246.650599612699	245.84584551719837
0.0	Hypsognathus_Temperate_N	209.00130369289622	207.96740783081515
0.0	Hypsognathus_Tropical_N	234.0820526915148	202.80294246641887
0.0	Hypuronector	222.32181628270936	209.2971853436792
0.0	Icarosaurus	223.13893214488073	221.87909335649695
0.0	Ichthyosaurus_Temperate_N	208.54770084731533	199.30141940127342
0.0	Ichthyosaurus_Tropical_N	226.81937961974018	207.23588877234494
0.0	Ichthyotitan	202.35068446764438	201.46530303404074
0.0	Idiosaura	237.1960552667946	235.9700934549625
0.0	Ignotosaurus	231.40998901176857	229.73737009957773
0.0	Incertovenator	230.73417900479936	229.14364834428957
0.0	Ingentia	215.22294726338004	214.07207502794677
0.0	Isfjordosaurus	249.12994336929756	248.29681570796814
0.0	Ixalerpeton	235.166809324818	206.88914008349502
0.0	Jaklapallisaurus	218.6630197812164	217.53591908899958
0.0	Jaxtasuchus	239.70488738093786	236.1085219598201
0.0	Jesairosaurus	247.38926661610458	246.5880422904483
0.0	Jingshanosaurus	202.16919392422366	199.0746816439236
0.0	Jushatyria	247.56559683615347	246.76021834292106
0.0	Kadimakara	251.93641165093072	250.74241557343453
0.0	Kalisuchus	251.56916746010145	250.97922336717363
0.0	Kapes_Temperate_N	251.45121036677563	245.56236517695402
0.0	Kapes_Tropical_N	247.95587561839992	241.4391331077562
0.0	Kayentapus_Temperate_N	201.56113985184442	199.46957769863576
0.0	Kayentapus_Tropical_N	228.19940286506295	200.13643097337348
0.0	Keichousaurus	247.86950219472814	235.8598741405346
0.0	Kholumolumo	226.8181296024448	212.52574398437642
0.0	Kinelia	257.8659432643106	257.75456039086197
0.0	Kintneria	220.40849555590762	209.4963503417575
0.0	Kitchingnathus	250.05365693967633	249.235911532983
0.0	Kocurypelta	225.9586593349583	224.64385444441206
0.0	Koiloskiosaurus	247.28967662492306	246.47154682173328
0.0	Komlosaurus	201.6787383873467	199.2730711127627
0.0	Krzyzanowskisaurus	236.1624019999594	208.10508480821187
0.0	Kudnu	252.02691836150484	250.56978766212768
0.0	Kuehneosaurus	237.62814459432605	201.08044261953222
0.0	Kuehneosuchus	204.18107160775983	203.31199970907312
0.0	Kuruxuchampsa	230.0809408172012	228.52781659628914
0.0	Kwangsisaurus	251.2014243430724	247.0577710363254
0.0	Labidosaurikos	283.3293193388638	272.59250874963743
0.0	Labidosauriscus	292.0924396713103	282.49123425032263
0.0	Labidosaurus	282.8918595831482	272.3669642762091
0.0	Lagerpeton	242.8680572199199	236.48731513399937
0.0	Lanceirosphenodon	213.38444980143217	212.2479282593803
0.0	Langeronyx	247.23693710406766	240.739332456279
0.0	Langobardisaurus	216.97909452669168	208.4491160323497
0.0	Lanthaniscus	272.39188748510907	264.97867008877574
0.0	Lanthanolania	266.7211007102385	265.51779804437683
0.0	Lanthanosuchus	261.87914620657557	261.6076260163685
0.0	Laquintasaura	201.24416370918055	200.36512216557338
0.0	Largocephalosaurus	245.24262041406539	243.79898109662528
0.0	Lariosaurus	248.49754473974232	236.02046883097583
0.0	Lasasaurus	249.63166742090155	248.80949134945735
0.0	Lavinipes	200.95322205126962	198.79746220846098
0.0	Lepidus	223.7237995621364	222.54087647536738
0.0	Leptonectes	202.25578964105725	199.72048240120165
0.0	Leptosuchus	227.17244391200472	208.81128685614007
0.0	Lessemsaurus_Temperate_S	227.6259669245493	208.95544077153576
0.0	Lewisuchus	242.91678026732407	229.79829333470778
0.0	Libognathus	213.1277790653208	211.99468947013915
0.0	Liliensternus	223.81189988581792	205.11132388396842
0.0	Lindwurmia	201.2180026869716	200.30276413577928
0.0	Litorosuchus	237.77016774590996	236.3809338569943
0.0	Lophostropheus	201.4865951472892	200.58296277750108
0.0	Lotosaurus	247.60905109712044	242.81095733061548
0.0	Lucasuchus	236.83447839745057	227.31647922532485
0.0	Lucianosaurus	218.34931014901167	217.1559464663214
0.0	Lucianovenator	209.80398139519642	208.7113286409907
0.0	Lufengosaurus	201.5807062391221	199.32281692647504
0.0	Lukousaurus	201.31918313391077	199.0915626087973
0.0	Luopingosaurus	245.00867128223467	244.21415445620104
0.0	Luperosuchus	241.29514865878338	238.68223257410796
0.0	Macgowania	217.70118991531754	213.3466825651878
0.0	Machaeroprosopus	227.28653920067026	201.41252420520675
0.0	Macrocnemus	247.66198270598815	235.65411166752
0.0	Macrocollum	229.51907424737175	207.86272020828642
0.0	Macroleter_Temperate_N	273.06114335916874	264.1874651387701
0.0	Macroleter_Tropical_N	265.6250458150543	264.7264246281896
0.0	Macroplacus	206.06000827224796	205.15627385439888
0.0	Macroplata	200.4304895203991	199.54637460430254
0.0	Maehary	219.6337017272467	214.37572420297602
0.0	Majiashanosaurus	249.76398774347876	248.93755968211482
0.0	Malerisaurus	221.26983730602714	218.19366856332186
0.0	Malutinisuchus	243.27117398139717	235.3414500203496
0.0	Mambawakale	242.48808916626263	241.7466329929599
0.0	Mandaphon	245.74432727077496	244.96471627049146
0.0	Mandasuchus	246.851901789201	242.57289052012206
0.0	Marasuchus	241.85087288854544	236.71738331655177
0.0	Marcianosuchus	247.2672271811127	246.44379068070916
0.0	Massospondylus	231.16823530106083	229.47760568805543
0.0	Mbiresaurus	233.30243442117535	227.3686709086215
0.0	Megachirella	244.03410094664824	243.24115324172035
0.0	Megalancosaurus	216.5312838004924	209.03663505047356
0.0	Megalosauripus	201.33367204004054	200.4506231259985
0.0	Megalosaurus	203.59376140522122	202.71622996817672
0.0	Megapnosaurus	200.0775464349368	199.15026696913165
0.0	Mehliella	236.77948159253248	235.60879893670787
0.0	Melanorosaurus	225.05617829638342	223.83498199174886
0.0	Merriamosaurus	248.11939037835157	247.28840970902982
0.0	Mesodapedon	246.29665321961386	245.52904661795125
0.0	Mesosaurus_Antarctic	286.8582682376602	282.45216277586326
0.0	Mesosaurus_Temperate_S	290.4559907717089	283.0091110854252
0.0	Mesosuchus	246.86726645604594	241.9906323422644
0.0	Metamosaurus	287.83906923363116	287.5581556043857
0.0	Metashastasaurus	225.64762691790955	210.9770849080181
0.0	Microcnemus_Temperate_N	251.96104366114733	246.71314678395004
0.0	Microleter	285.91784437493084	285.6363434981956
0.0	Micromenodon	228.82647194850793	227.37973612419498
0.0	Microsphenodon	219.88542131995507	207.10078378262307
0.0	Mikadocephalus_Temperate_N	240.5735444423612	239.84351923085222
0.0	Mikadocephalus_Tropical_N	241.7989861858708	241.04400623360678
0.0	Milleretta	259.9796923573232	249.7004672918583
0.0	Millerinoides	254.4433092100647	254.33257223866337
0.0	Milleropsis	257.6376267001578	250.86954253263428
0.0	Millerosaurus	260.8774481075448	251.57397743568166
0.0	Miodentosaurus	234.16156448721767	227.58452677088042
0.0	Mixosaurus	247.85878322655822	235.60867981413182
0.0	Moradisaurus	254.67004442327257	249.62314361682004
0.0	Mystriosuchus_Temperate_N	227.7365774329026	198.58318951386823
0.0	Mystriosuchus_Tropical_N	218.15725462335993	207.57142432211995
0.0	Nambalia	225.95801748504599	206.51210096956137
0.0	Nanchangosaurus	248.85040585932472	239.79831953084187
0.0	Nanoparia	260.39801943279934	257.36169452215705
0.0	Neoaetosauroides	224.33414845208068	214.468974008402
0.0	Neoprocolophon	244.7760243935521	243.97784858940756
0.0	Neusticosaurus	244.47817073459808	235.50223255019975
0.0	Nhandumirim	217.91422322766064	211.3940207653477
0.0	Nicrosaurus_Temperate_N	226.8993173634125	209.4867832999553
0.0	Nicrosaurus_Tropical_N	222.43597432700886	221.24744340942462
0.0	Nochelesaurus	265.5572993481795	259.6399360058813
0.0	Notatesseraeraptor	218.1402801344948	216.91903476160385
0.0	Noteosuchus	251.60959332557053	251.01588146676212
0.0	Nothosaurus_Temperate_N	247.15220282196336	206.4416896598053
0.0	Nothosaurus_Tropical_N	246.83756767400632	236.18931175311357
0.0	Nothosaurus_Tropical_S	248.82216738156984	237.12074697447494
0.0	Nundasuchus	242.97990264284843	242.22922014728576
0.0	Nyasasaurus	246.7859477892135	242.72471265621328
0.0	Nycteroleter	268.4248680614164	265.2124830438944
0.0	Nyctiboetus	281.9040749287987	271.6578352372937
0.0	Nyctiphruretus	272.8410351429719	263.79748284090556
0.0	Obirkovia	262.17313587466936	257.1502603309637
0.0	Odontochelys	234.30707466178197	228.7547794961059
0.0	Omphalosaurus_Temperate_N	248.88261887873483	238.5560060857268
0.0	Omphalosaurus_Tropical_N	249.94888879783448	236.6104336440924
0.0	Opisthodontosaurus	291.116934470278	282.7499258311619
0.0	Orenburgia	250.65288033109002	246.9598129670076
0.0	Orovenator	285.8757390939095	281.5499597198766
0.0	Oryctorhynchus	234.35376267236282	227.6347581853742
0.0	Oryporan	251.03703059406757	247.36615025557728
0.0	Osmolskina	251.40013058108576	250.72585128855977
0.0	Otozoum	210.63024476704493	209.51106657479852
0.0	Owenetta	260.6042274032729	249.32413127181883
0.0	Ozimek	232.3697087102943	226.03899183108228
0.0	Pachypes	253.51715078368795	253.40755018071425
0.0	Pachypleurosaurus	242.20257018813285	236.58280173369354
0.0	Pachystropheus	207.80182292493828	200.97630434723342
0.0	Palacrodon_Temperate_S	250.94815866534702	242.59974379050084
0.0	Palacrodon_Tropical_N	226.95596846246454	209.22749757365338
0.0	Palaeagama	251.65047009213075	251.06873884185714
0.0	Palaeochersis	222.8012557011935	218.47949727933383
0.0	Palaeosaurus	230.27356640582798	228.68874030615567
0.0	Palatodonta	246.9057949897895	246.07661501218675
0.0	Paleollanosaurus_Temperate_N	206.67508418757234	205.7637563139923
0.0	Paleollanosaurus_Tropical_S	218.64878854234706	217.47192644779926
0.0	Paliguana	248.10174264272928	247.26097894757226
0.0	Pamelaria	245.49866866719003	241.89609490143968
0.0	Pamelina	249.60543302565355	248.80219463354564
0.0	Pampadromaeus	231.87619081106894	212.8751538573837
0.0	Panguraptor	201.48773606974441	200.59154427511947
0.0	Panphagia	229.03483802092995	227.54182694602997
0.0	Pantydraco	234.88630434582015	233.36826158859776
0.0	Panzhousaurus	244.37064423129823	243.58098190704436
0.0	Pappochelys	239.37770458171676	238.5906378930288
0.0	Parabrontopodus_Temperate_N	201.7249213047009	199.332316772375
0.0	Parahupehsuchus	248.74053075942032	247.8912516713795
0.0	Paralonectes	251.72231295614858	241.3310181970517
0.0	Paraplacodus	246.73194014504574	237.22590039543041
0.0	Pararcus	245.01586968468854	244.2224854385296
0.0	Parasaurus	260.1817828342059	253.19514999804616
0.0	Parasuchus_Temperate_N	251.78949052249195	226.02877252459004
0.0	Parasuchus_Temperate_S	236.98879351431182	230.7810552718802
0.0	Parasuchus_Tropical_N	237.63180172857102	225.60968846800608
0.0	Parasuchus_Tropical_S	225.11298746152926	218.9080802792116
0.0	Paratypothorax_Temperate_N	225.95832149617013	215.78841179363005
0.0	Paratypothorax_Tropical_N	225.4144282379645	209.69700516930183
0.0	Paratypothorax_Tropical_S	223.5139079716486	222.36360821174168
0.0	Pareiasaurus	264.9486723952156	250.1193515741793
0.0	Pareiasuchus	263.0521157173448	253.54451615691013
0.0	Parringtonia	246.78133038242171	245.9909107391856
0.0	Partanosaurus	240.66435933267155	239.94388070123497
0.0	Parvinatator	244.50263506324706	243.72515960148576
0.0	Parvosuchus	240.08013101502146	239.32263089103236
0.0	Pectodens	245.81463389784892	245.03411257753305
0.0	Pelecymala	237.4368562585038	227.7226629185793
0.0	Pendraig	234.21150760059075	232.59579196180016
0.0	Pentaedrusaurus	249.2201027919367	248.3981576727602
0.0	Permotriturus	266.3361552455384	265.2264472764826
0.0	Pessopteryx	249.18347107687222	240.30898260265624
0.0	Peteinosaurus	216.56258891668762	214.00398586226936
0.0	Phaanthosaurus	251.91997663001723	251.2866865081798
0.0	Phalarodon_Temperate_N	250.95046244371034	240.3601923505712
0.0	Phalarodon_Tropical_N	247.44123154924196	238.92271497571818
0.0	Phantomosaurus	245.53868033861212	244.74262119464674
0.0	Phonodus	251.52970372888237	250.9148028213244
0.0	Pisanosaurus	231.1636680085959	229.49992009081492
0.0	Pistosaurus	247.3062093873218	235.33209321680272
0.0	Placochelys	238.0296911920771	212.38481714941224
0.0	Placodus_Temperate_N	246.8003067543762	235.76591183360856
0.0	Placodus_Tropical_N	246.17122464520952	243.5824316847227
0.0	Placodus_Tropical_S	244.46416445589625	239.5704195076372
0.0	Planocephalosaurus_Temperate_N	236.8991852703321	202.65877423069944
0.0	Planocephalosaurus_Tropical_S	212.17555614754005	211.00411318464484
0.0	Plateosauravus	225.01597257955476	216.85184742985896
0.0	Plateosaurus_Temperate_N	225.8565131299997	200.39441075313292
0.0	Plateosaurus_Temperate_S	228.28864573765256	212.6017516675998
0.0	Platypterna	226.38390383083745	198.61874067558924
0.0	Plectropterna	201.5557167245954	199.31746559083098
0.0	Plesiornis	201.12591700127547	200.2514549601296
0.0	Plesiosaurus	207.01891225950985	200.72545155620745
0.0	Polesinesuchus	231.54555723174417	229.91121902496633
0.0	Polonosuchus	233.66998261989414	231.96537083029577
0.0	Polymorphodon	239.95230915262522	239.2043253909642
0.0	Poposaurus	236.9630815424223	206.4330050481706
0.0	Postosuchus	231.1053204304345	202.8847960664758
0.0	Powellvenator	227.1162527959969	225.67763638087223
0.0	Pravusuchus	223.73635040758487	222.58601877873548
0.0	Preondactylus	215.92632903793276	212.43847144468137
0.0	Prestosuchus	241.30138897090558	226.7628908568517
0.0	Procerosuchus	240.47014729908113	239.7540543218987
0.0	Procolina	248.54554256164448	247.71933670546298
0.0	Procolophon	251.93111441816058	246.93784309414207
0.0	Procolophonichnium_Temperate_N	245.24556274667978	243.8725482421667
0.0	Procolophonichnium_Temperate_S	249.6327284987515	248.8069163685237
0.0	Procompsognathus	214.22524059566274	213.0118842763256
0.0	Proganochelys_Temperate_N	228.54114011824166	200.6312630987883
0.0	Proganochelys_Tropical_N	215.118262869095	213.93493301672123
0.0	Prolacerta	251.9003471211655	247.23097643890173
0.0	Prolacertoides	251.92054522904286	251.4813713499948
0.0	Prosantosaurus	241.45362320699667	240.70417260073634
0.0	Prosaurosphargis	247.79706108263375	247.00269730307792
0.0	Protanystropheus	246.06374210695282	242.1090224324711
0.0	Protecovasaurus	228.64204311800185	209.03940388175005
0.0	Protenodontosaurus	235.87388664918356	234.4450120928353
0.0	Proteosaurus	201.89650299537013	199.99664557658497
0.0	Proterochampsa	235.73798699014446	234.2723388518004
0.0	Proterochersis	221.6935762673314	208.0527358625687
0.0	Proterosuchus_Temperate_N	251.90246796819588	250.6893854272498
0.0	Proterosuchus_Temperate_S	251.91693975642679	246.94243803314765
0.0	Protoavis	223.9008125110862	208.35371205305384
0.0	Protocaptorhinus	289.3248648845919	281.1768330063987
0.0	Protoichthyosaurus	201.83413103508386	200.9414848155084
0.0	Protome	209.07807230826975	208.06762795314802
0.0	Protorosaurus	260.5064597108888	254.32589938464963
0.0	Protorothyris	299.12831215015956	293.39095623846987
0.0	Protosuchus	208.45908753941794	199.53425279908703
0.0	Provelosaurus	266.95537493606577	264.33689157698035
0.0	Psephochelys	230.143524534291	228.47266701908794
0.0	Psephoderma_Temperate_N	207.45945669090034	200.60984444107027
0.0	Psephoderma_Tropical_N	217.45424438716645	212.24880951057176
0.0	Psephoderma_Tropical_S	244.5337567198878	241.90636540533654
0.0	Psephosauriscus	245.1648720842237	239.6851501242189
0.0	Psephosaurus_Temperate_N	239.57204238461867	238.77059707190182
0.0	Psephosaurus_Tropical_S	247.77952894497903	241.3006058776243
0.0	Pseudhesperosuchus	224.47132562800698	223.22440773774647
0.0	Pseudochampsa	230.24338860429216	228.62117633343956
0.0	Pseudotetrasauropus_Temperate_N	217.4385967711418	216.28117571243806
0.0	Pseudotetrasauropus_Tropical_N	226.5685965248169	204.40723226847507
0.0	Pterodactylus	200.04176275880852	199.15810103321402
0.0	Pumiliopareia	258.3468814302514	258.23482692014954
0.0	Qianichthyosaurus	239.87858918573886	227.92814153316698
0.0	Qianosuchus	244.5068922002591	243.529755148776
0.0	Qianxisaurus	238.3500515278889	237.367392864006
0.0	Quasianosteosaurus	249.13633593650587	248.32258845532888
0.0	Raeticodactylus	204.35708270071072	203.46535821691577
0.0	Rautiania	264.4855171595711	260.2751540268827
0.0	Redondasuchus	225.3504460948009	213.8086568230863
0.0	Redondavenator	225.306614886015	224.0530629620576
0.0	Revueltosaurus	234.02909702499227	207.86856710480816
0.0	Rhaeticosaurus	204.29419494916294	203.39260277021873
0.0	Rhipaeosaurus	267.84443886994603	261.54573049800183
0.0	Rhomaleosaurus	209.5176357992997	198.7454093754795
0.0	Rhombopholis	247.79879171021125	243.36709905977716
0.0	Rioarribasuchus	226.81593518754994	209.20039623656822
0.0	Riojasaurus	222.05289083823484	214.6789023455831
0.0	Riojasuchus	210.51038358276563	209.36079877206734
0.0	Romeria	294.38350217537914	292.9715743185714
0.0	Rothianiscus	273.08792906185295	264.6084749663766
0.0	Rotodactylus	214.46583696997732	213.30972406310704
0.0	Ruehleia	227.21336745245114	223.24177762144794
0.0	Rugarhynchos	213.71393827498514	212.5510288447111
0.0	Ruhuhuaria	242.49021575432766	241.7366448521625
0.0	Rutiodon	230.89168609172762	208.3589152955276
0.0	Sacisaurus	216.99854566893367	215.83658201811994
0.0	Saltoposuchus	217.55382112509227	207.12488763232275
0.0	Sanchiaosaurus	244.86693505794648	244.0695641510559
0.0	Sanchuansaurus	253.19243714099375	253.0828973591494
0.0	Sanjuansaurus	237.2690808014262	236.0893900298704
0.0	Santaisaurus	251.99348501211907	250.68219977989415
0.0	Sarcosaurus	200.59917316716462	199.74792330774915
0.0	Sarmatosuchus	243.37626474032749	242.5862882711277
0.0	Saturnalia	234.81241302025697	216.8673894041043
0.0	Saurischichnus	225.9978874285162	207.70987695725051
0.0	Saurodektes	251.916704998304	250.81908188881624
0.0	Sauropareion	251.206095728686	246.65411444790138
0.0	Sauropus	201.27459564517093	200.40929933848105
0.0	Saurorictus	256.1234124456557	256.0138367027618
0.0	Saurosternon	258.52900541991596	258.41822144035547
0.0	Saurosuchus	235.16895013963736	233.63566745569076
0.0	Scelidosaurus	201.7005251530016	200.8139572232543
0.0	Scharschengia	248.62027322540683	247.82423397779624
0.0	Schleitheimia	214.67486701751088	213.48500422950332
0.0	Sclerocormus	248.3663333497937	247.50837073031977
0.0	Sclerosaurus	248.14911069042847	243.21424029741377
0.0	Sclerostropheus	224.81364576431997	223.58226142636133
0.0	Scoloparia_Temperate_N	204.15012534991104	203.27724359253372
0.0	Scoloparia_Tropical_N	232.149955683061	228.308155581653
0.0	Scolotosuchus	248.83446434347502	248.00105840711606
0.0	Scutarx	218.5659433842337	210.08226071053755
0.0	Scutosaurus	265.96371654378135	256.7029327914467
0.0	Scythosuchus	250.4047439656959	249.6245141132731
0.0	Seazzadactylus	225.09760068254897	223.86452673460744
0.0	Selenichnus	201.68534192862975	198.76075230213405
0.0	Serpianosaurus	247.06593533111268	236.92903383092047
0.0	Shansisuchus	247.47093185703608	241.85507171594378
0.0	Shastasaurus_Temperate_N	215.48315553965108	214.32534468990144
0.0	Shastasaurus_Tropical_S	237.35302660974216	231.83861634948755
0.0	Shihtienfenia	253.96514712869984	250.26371810468376
0.0	Shonisaurus_Temperate_N	234.60851120307083	200.92970533479658
0.0	Shonisaurus_Tropical_N	227.9593318125732	218.2714073073439
0.0	Shringasaurus	244.9571340815229	241.82991755858015
0.0	Shuangbaisaurus	200.94277492443987	200.03710462358762
0.0	Shuvosaurus	226.09245260314032	202.7010989130257
0.0	Sigmala	237.11180134121346	228.13831527652246
0.0	Sikannisuchus	228.16999508816977	209.73931535192844
0.0	Silesaurus	230.37604483930187	228.73018319972135
0.0	Sillosuchus	235.5779080613131	234.123236206014
0.0	Simosaurus_Temperate_N	242.97581705090974	203.49864803706384
0.0	Simosaurus_Tropical_S	243.54882356327337	242.7862054373788
0.0	Sinocyamodus	231.3145159090325	229.6505090756034
0.0	Sinosaurosphargis	245.09814471286913	243.07443399773902
0.0	Sinosaurus	201.90134318647776	199.29723419295522
0.0	Skybalonyx	215.83755492701303	214.6133257683887
0.0	Smilodonterpeton	208.54791708494156	207.50106567810516
0.0	Smilosuchus	236.44187008101696	207.86840341765375
0.0	Sophineta	248.292987674923	247.4901850042809
0.0	Soturnia	221.82962961526735	212.48731111173896
0.0	Soumyasaurus	224.29265269072496	223.07697416497052
0.0	Sphenotitan	226.13307520018165	221.8547314453487
0.0	Sphodrosaurus	211.73727468086872	210.59846741641516
0.0	Spinosuchus	232.02916958557586	216.8482496218359
0.0	Spondylolestes	254.588338262102	250.16645900525054
0.0	Spondylosoma	242.3948253775924	235.68119596051426
0.0	Stagonolepis_Temperate_N	228.61914027065737	226.55537532111325
0.0	Stagonolepis_Tropical_N	216.72579807297237	210.86666216380237
0.0	Stagonolepis_Tropical_S	218.2208586417131	217.03385903241775
0.0	Stagonosuchus	247.97022634720884	242.95563696358073
0.0	Staurikosaurus	233.81822605445046	232.08374290160978
0.0	Stauromatodon	237.73332236027667	236.42542665449315
0.0	Stegomus	218.68633628368448	210.90684040119453
0.0	Stenaulorhynchus	245.20350744921683	241.56458302817003
0.0	Stenomyti	226.85833053860722	225.40229166139022
0.0	Stenoscelida	220.00344189692524	218.8496741012242
0.0	Stereosternum_Antarctic	284.93083242428605	284.63516930199523
0.0	Stereosternum_Temperate_S	291.24400211331096	282.5383911820173
0.0	Styracocephalus	263.39238091367946	259.96355443020195
0.0	Syntarsus	203.25900302845326	202.37793665248705
0.0	Syntomiprosopus	217.11873436936264	215.95366340483844
0.0	Tachiraptor	200.39201965304105	199.5115545856115
0.0	Tanaisosaurus	249.30221689668585	248.4848513664346
0.0	Tanystropheus_Temperate_N	248.3164376605687	202.71714494652187
0.0	Tanystropheus_Tropical_N	246.1797393247159	234.97909456297754
0.0	Tanystropheus_Tropical_S	244.97920572168397	241.0477112437696
0.0	Tanytrachelos	226.72649523822363	214.60483940408187
0.0	Tarjadia	242.77028926618064	234.8979183516028
0.0	Tarsodactylus	201.2483631779682	200.3435397894825
0.0	Tasmaniosaurus	251.96522621710923	250.92506901091335
0.0	Tawa	227.328345094688	210.52376897359193
0.0	Taytalura	228.9894313742579	227.4646519580998
0.0	Technosaurus	215.90134884968208	214.72642662791037
0.0	Tecovasaurus	222.76081940850815	208.43454152628158
0.0	Tecovasuchus	224.97968373554025	207.31683411562724
0.0	Teleocrater	246.69536714783828	241.17124512829537
0.0	Temnodontosaurus	201.3704111398289	200.25442795334993
0.0	Teraterpeton	237.47667978586458	234.9430856212989
0.0	Teratophon	246.36987608186885	241.8509173225855
0.0	Teratosaurus_Temperate_N	246.34992062716637	220.80871817550644
0.0	Teratosaurus_Temperate_S	250.6349267672633	249.87112266285936
0.0	Termatosaurus	209.78297571705636	201.31635744228998
0.0	Terrestrisuchus	236.46320809831772	228.59145653216555
0.0	Tetrasauropus_Temperate_N	223.96752734015035	222.758779159574
0.0	Tetrasauropus_Temperate_S	245.72505791208252	235.63762654454516
0.0	Teyujagua	247.71341243001547	246.90575469310033
0.0	Teyumbaita	228.49274240516937	207.79202186059862
0.0	Thadeosaurus	258.41212959981357	258.3017978803439
0.0	Thaisaurus	248.96284953321185	248.1444770396677
0.0	Thalassiodracon	208.21233167618627	199.16147263827833
0.0	Thalattoarchon	244.525909990424	243.7389727346146
0.0	Thalattosaurus	243.97564967992406	240.70209045019035
0.0	Thecodontosaurus	239.80529723557132	201.2335820362081
0.0	Theledectes	242.8778528973956	242.09381668689227
0.0	Thelephon	244.05590407995282	243.2883682228412
0.0	Thelerpeton	247.57501582341706	244.9948310178593
0.0	Tholodus_Temperate_N	246.61663454701147	242.88542303710625
0.0	Tholodus_Tropical_N	240.8998567281134	240.15877640107908
0.0	Thuringothyris	292.397780961536	281.9393009896591
0.0	Tichvinskia	250.40015485203133	247.89729601377124
0.0	Ticinosuchus	247.98413815501326	240.71077828602319
0.0	Tikisuchus	230.10596400701033	228.5518436368226
0.0	Timanophon	250.74353880659717	246.56559801778144
0.0	Toretocnemus	232.88521248979117	226.07951694984766
0.0	Trachelosaurus	247.5474617851394	246.75308879141068
0.0	Trialestes	233.75952889837419	231.28638024794304
0.0	Tricuspisaurus	207.88734302093576	206.8553934280299
0.0	Trihamus	201.65737030716897	200.77916000310069
0.0	Trilophosaurus	236.84360065866085	209.21864713809563
0.0	Tropidosuchus	241.9792766726284	236.49597670164312
0.0	Tuebingosaurus	209.19935585783276	208.1777778747243
0.0	Turfanosuchus	247.57673454876047	246.78761142029757
0.0	Typothorax	226.65003545197843	202.9256438897615
0.0	Uatchitodon	236.58712542305125	210.15057981281666
0.0	Unaysaurus	211.41040048340273	207.52821713032372
0.0	Unguinychus	219.0277453852932	217.88380252094984
0.0	Uralosaurus	246.54033843734462	241.3383020553913
0.0	Utatsusaurus	251.01521076452417	248.23443835180086
0.0	Vallesaurus	216.42833648260032	213.80985458759815
0.0	Vancleavea	229.74637916988593	202.5234590128527
0.0	Variodens	209.88357633505572	202.76138082593192
0.0	Vellbergia	237.8346866647134	236.5040619046411
0.0	Velocipes	218.4635644356637	217.31984582159416
0.0	Venaticosuchus	235.49770471137813	233.97624396813768
0.0	Venetoraptor	239.01529698510987	209.2886880940989
0.0	Vinitasaura	228.90213544204678	227.42725136544942
0.0	Vivaron	224.73949323768196	213.6173887254732
0.0	Vjushkovisaurus	245.34600177519317	241.00961265506962
0.0	Volcanosuchus	233.29881979486262	231.67207735648236
0.0	Vonhuenia	251.64796067066442	251.05770240184088
0.0	Vritramimosaurus	251.30168866508706	250.625398573403
0.0	Vytshegdosuchus	248.96226120925945	248.14023967424785
0.0	Wahlisaurus	200.0509595663243	199.1688469216251
0.0	Waluchelys	226.45207924966041	225.04250795095646
0.0	Wangosaurus	240.30088801123378	235.4777320527527
0.0	Wannia	222.69393529010742	214.16018621432488
0.0	Wapitisaurus	249.42103401176686	248.58546420805106
0.0	Weigeltisaurus	260.84609243322404	254.27713842846566
0.0	Whitakersaurus	205.30209030721858	204.42235865424095
0.0	Wimanius	239.9953017155717	239.2777856004793
0.0	Wumengosaurus	247.19496640584947	242.1423223690601
0.0	Xenodiphyodon	236.69694566637358	235.44287495528133
0.0	Xilousuchus	247.5654559666004	246.75709003495294
0.0	Xingxiulong	200.4116260839094	199.53307527492828
0.0	Xinminosaurus	244.5428241310517	243.74459432204688
0.0	Xinpusaurus	240.06560252546498	226.96984803614168
0.0	Xiphopeza	200.9234658219563	200.03203193264335
0.0	Yarasuchus	248.07430392880372	240.44647329278115
0.0	Yelaphomte	224.53508925549585	223.3478481237999
0.0	Yimenosaurus	201.48113724804685	199.37946355924873
0.0	Youngetta	247.84923026745406	247.0108194906647
0.0	Youngina	259.8978612251103	250.13116243280157
0.0	Youngosuchus	245.54445297325987	244.75246913532865
0.0	Yunguisaurus	240.770951262571	235.62462320441801
0.0	Yunnanosaurus	201.40591457323924	200.397034294996
0.0	Zanclodon	242.5951222464543	205.52838977420188
0.0	Zhongjiania	258.0341216648464	253.45104172442842
0.0	Zupaysaurus	220.3162917816153	219.22191466322283
