clade	species	ts	te
0.0	Abyssomedon	285.63950916642807	285.37045494419743
0.0	Acadiella	229.39243057092364	227.80821377444772
0.0	Acaenasuchus	228.40420791867598	214.40409139857877
0.0	Acallosuchus	221.84876393486192	220.59300055958735
0.0	Acerosodontosaurus	256.8435232129421	256.73763212869824
0.0	Acleistorhinus	282.3938800452395	281.27803433087854
0.0	Acrodenta	258.41491021298333	258.3110729673651
0.0	Actiosaurus	206.20695873070196	205.1821589692511
0.0	Adamanasuchus	217.78180001025936	216.4852327956011
0.0	Adelosaurus	256.3027808639849	256.196603489946
0.0	Aenigmasaurus	251.8593153479429	251.40564628868066
0.0	Aenigmaspina	229.7649966145229	228.20520016076873
0.0	Aenigmastropheus	257.4987283829711	257.3921403240744
0.0	Aetosauroides	235.5799257241791	207.58323755961854
0.0	Aetosaurus	225.70846412800756	209.48940769900832
0.0	Agkistrognathus	250.32439386953286	249.55866069220914
0.0	Agnosphitys	233.06861690857252	231.45443195080057
0.0	Alexeyisaurus	217.95538140230138	216.7269754288923
0.0	Alwalkeria	235.2250153556275	233.7479410876949
0.0	Amanasaurus	234.55667671052848	208.5917709245445
0.0	Ammorhynchus	247.514275143779	244.4910936977311
0.0	Ammosaurus	201.5010537761004	199.54742721576665
0.0	Amotosaurus	247.616165136176	244.91204461113594
0.0	Anarosaurus	246.15666249596748	241.2578014518251
0.0	Anchisauripus_Temperate_N	215.9881861848449	197.84104000108096
0.0	Anchisauripus_Tropical_N	222.18210414485713	198.23851039994423
0.0	Ancistronychus	226.3311872631164	224.86501350597024
0.0	Angistorhinus	236.39334494161633	221.253293029958
0.0	Anisodontosaurus	247.44918903458364	234.5837960245631
0.0	Anomoepus_Temperate_N	201.71613798417533	199.70290940553895
0.0	Anomoepus_Tropical_N	217.91727864620478	199.15851369714503
0.0	Anomoiodon	247.86262220734528	243.77531357211205
0.0	Anshunsaurus	240.42930591089612	230.35565074261987
0.0	Anthodon	261.26883554397824	255.09435881624427
0.0	Anticheiropus	201.2136152583476	200.22260798655802
0.0	Apachesuchus	221.42916405228834	220.2145088523239
0.0	Apatopus_Temperate_N	231.06183474118652	229.38379910144263
0.0	Apatopus_Tropical_N	226.90191818451152	200.45464706170426
0.0	Apatopus_Tropical_S	236.94094811194432	235.7333911442235
0.0	Apatosuchus	216.396620606741	215.19909977644474
0.0	Aphelosaurus	294.3016282162332	292.9143779219054
0.0	Araeoscelis	290.42758327141405	271.8864880816714
0.0	Archeopelta	241.0021723716047	240.259688885563
0.0	Archosaurus	259.95475849639314	256.9164482982101
0.0	Arcticodactylus	211.4001837693432	210.18819063429254
0.0	Arganaceras	259.6052702546948	259.3247804469993
0.0	Arganasuchus	238.30947752883415	225.80138181767916
0.0	Argoides	201.4713272143802	199.75058654355692
0.0	Arizonasaurus	246.64537980267784	245.4162844921964
0.0	Asilisaurus	247.17924234491576	241.98881469839816
0.0	Askeptosaurus	244.64287322915217	234.72152006206628
0.0	Asperoris	247.15839725581932	246.35652382475212
0.0	Asylosaurus	207.2491574259941	202.31067661878424
0.0	Atopodentatus	245.1138698929498	243.19640316799297
0.0	Atreipus_Temperate_N	235.99315284869246	234.57339484163313
0.0	Atreipus_Tropical_N	229.6318972155216	220.58514985746254
0.0	Augustaburiania	250.53922228225804	247.4348023580777
0.0	Augustasaurus	244.0383480311245	243.24097755046193
0.0	Australothyris	261.59651012567	261.07660213791536
0.0	Austriadactylus	213.9467440443495	208.03352981844918
0.0	Austriadraco	210.91560609103374	209.75354202229622
0.0	Avalonnectes	200.6589585772027	199.65747256024662
0.0	Avicranium	206.70892085919922	205.69597931570516
0.0	Azendohsaurus	231.2584223766674	229.5650299474096
0.0	Baeotherates	286.39725929764705	286.12429936748066
0.0	Baisesaurus	248.2081737818646	247.39040377829758
0.0	Barasaurus	260.82679157223424	247.8515735993334
0.0	Barberenasuchus	239.95660820517475	239.23295925028262
0.0	Barracudasauroides	247.61824228363542	242.42490685871556
0.0	Barracudasaurus	246.44538791026366	241.91084479031665
0.0	Barrancapus	225.5282715790899	224.25129736093623
0.0	Bashkyroleter	274.17144608140944	263.9443268568747
0.0	Batrachopus_Temperate_N	245.18331543128755	198.23150320962597
0.0	Batrachopus_Tropical_N	219.63523538836915	198.91796628979668
0.0	Batrachotomus	240.1174980586497	235.66481452635364
0.0	Belebey	268.19163913552467	264.5577063039542
0.0	Benggwigwishingasuchus	244.48414492809337	243.68255189778546
0.0	Bentonyx	244.52152184890656	243.7480450945908
0.0	Bergamodactylus	215.51298618345766	214.26042991790032
0.0	Besanosaurus	238.50470676716833	237.53209029495267
0.0	Blezingeria	246.35623376052288	245.5507184072574
0.0	Blomosaurus	251.63991158193198	251.08301599539374
0.0	Bobosaurus	236.50448387897418	235.1867091079313
0.0	Bolosaurus	297.95768504707826	279.79322668154435
0.0	Boreopricea	249.61306275160038	247.21646676068542
0.0	Brachychirotherium_Temperate_N	236.142293631119	234.8084341727349
0.0	Brachychirotherium_Tropical_N	234.28648566669335	205.18245879258092
0.0	Brachychirotherium_Tropical_S	231.64065939955393	225.87619649325106
0.0	Bradysaurus	264.08826468645333	259.4835301283295
0.0	Brasinorhynchus	241.8643600047874	234.82663750471022
0.0	Brazilosaurus	290.70025011175846	282.41896273558274
0.0	Bromsgroveia	247.04137433724472	242.0319727952755
0.0	Broomia	264.6836408893739	259.1304738569644
0.0	Bunostegos	253.6948024282525	253.59327678042067
0.0	Buriolestes	235.11271882423657	209.7675046714702
0.0	Bystrowisuchus	250.19142847826922	249.42269370794304
0.0	Callawayia	219.02515740500212	215.56479615076606
0.0	Calyptosuchus	231.24495564473685	208.12375380137766
0.0	Camelotia	209.17363419148737	201.62997760411656
0.0	Camposaurus	223.69862830211753	222.39121260468022
0.0	Candelaria	242.7681343418795	234.93512367912194
0.0	Captorhinikos	283.2455543519204	273.4886363046718
0.0	Captorhinoides	283.1389388214387	275.2628184361097
0.0	Captorhinus_Temperate_S	259.3048423486386	259.1634285590982
0.0	Captorhinus_Tropical_N	286.12479041330766	272.83048241845455
0.0	Captorhinus_Tropical_S	290.6658938823962	273.55749264332815
0.0	Cargninia	214.7144376548072	213.47117210427538
0.0	Carnufex	236.61273571909635	235.39688797358906
0.0	Cartorhynchus	249.08057450517975	248.30303483835218
0.0	Caseosaurus	215.76942963054654	214.56747982135653
0.0	Caviramus	204.86403997037476	203.879886141421
0.0	Ceresiosaurus	241.6414146278997	238.423130499305
0.0	Chalishevia	242.89223555080105	236.43169373762544
0.0	Chanaresuchus	242.20279934360394	235.6363333959909
0.0	Chaohusaurus	251.45232695170708	243.5860697221253
0.0	Chasmatosuchus	251.81466935502596	247.81582904955948
0.0	Chelyoposuchus	206.90437141020368	205.89095907022448
0.0	Chinchenia	239.89274694912572	239.16984889985048
0.0	Chindesaurus	225.26206065714285	220.31354486367343
0.0	Chinshakiangosaurus	201.47799770235076	200.51584929921995
0.0	Chirotherium_Temperate_N	234.66657382292001	200.9495264710452
0.0	Chirotherium_Temperate_S	240.3329707203562	235.6104491228562
0.0	Chirotherium_Tropical_N	252.3766041467486	207.71171425431046
0.0	Chromogisaurus	237.03365911195482	235.95065265924947
0.0	Clarazia	243.0303887854644	242.25131986274914
0.0	Claudiosaurus	261.54543255102817	250.53241425351223
0.0	Clevosaurus_Temperate_N	237.31835541761572	198.9137424762373
0.0	Clevosaurus_Temperate_S	233.78210588726546	208.85024088374175
0.0	Coahomasuchus	229.27872764408673	221.31306612431752
0.0	Coartaredens	248.2958863833107	240.8519838698481
0.0	Coburgosuchus	212.01229337107574	210.85828885194795
0.0	Coelodontognathus	251.44133586671376	246.6586796379954
0.0	Coelophysis_Tropical_N	228.28818200725547	200.53369362474845
0.0	Coelophysis_Tropical_S	216.9965353534282	215.7618976649553
0.0	Coelurosauravus_Temperate_N	257.0264649178204	256.9225767504899
0.0	Coelurosauravus_Temperate_S	256.4070425234	250.4113655694155
0.0	Coelurosaurichnus_Temperate_N	247.62383779038535	203.35778202019407
0.0	Coelurosaurichnus_Tropical_N	245.97032029080256	207.14155316715446
0.0	Coelurosaurichnus_Tropical_S	235.01037927427495	228.21933217938275
0.0	Coletta	249.06548251008957	248.30322949259207
0.0	Collilongus	249.1162527018193	248.32614252943415
0.0	Colobomycter	291.4493749572365	283.97016912191117
0.0	Colobops	219.89434985699708	218.68106002264363
0.0	Coloradisaurus	223.9860116571408	214.49281333756736
0.0	Coloradisuchus	211.1605691125402	209.98451237045322
0.0	Concavispina	233.92271764328603	232.22285623930264
0.0	Contectopalatus	243.38361006604003	242.60578258843879
0.0	Corosaurus	249.30388235396865	247.07994502225915
0.0	Cosesaurus	239.63554209688365	238.89320151304722
0.0	Crosbysaurus	228.642053821009	208.40462686991341
0.0	Ctenosauriscus	247.96574708111606	247.17839959334134
0.0	Cyamodus	246.55914804816877	226.74983791267448
0.0	Cymatosaurus	246.8716306943531	241.57478075899257
0.0	Cymbospondylus_Temperate_N	246.0951488565432	237.07558031507565
0.0	Cymbospondylus_Tropical_N	251.22416500355473	241.34350574403854
0.0	Czatkowiella	249.94738637884478	249.2122892137172
0.0	Dactylosaurus	247.66201342348512	241.30219097132806
0.0	Daemonosaurus	207.52884623860297	206.47674028296683
0.0	Dagasuchus	229.53551319001815	227.94555704153237
0.0	Dawazisaurus	246.03407275279918	245.20714600779854
0.0	Decuriasuchus	244.43407001957297	235.7945329581836
0.0	Delatorrichnus	200.5967456413263	199.61084799403585
0.0	Delorhynchus	288.34310663358394	286.0996984554081
0.0	Deltadectes	217.4787576225473	205.90009917941222
0.0	Deltavjatia	264.54254378585534	260.18157884614203
0.0	Desmatosuchus	234.87610461345963	207.59107102771839
0.0	Diandongosaurus	244.45462204822215	243.6673099330692
0.0	Diandongosuchus	237.8218155893544	236.59346104260217
0.0	Dianmeisaurus	246.45951756009967	243.55377967228569
0.0	Dianopachysaurus	244.70422395137706	243.92269822324226
0.0	Dimetropus	288.81903127724615	282.6027571454446
0.0	Dimorphodon	200.03793995832615	199.07650103132644
0.0	Dinocephalosaurus	244.668657172516	243.45025850533264
0.0	Diphydontosaurus_Temperate_N	237.18231021906382	200.64897924237806
0.0	Diphydontosaurus_Tropical_N	215.13947898769146	213.92137463987945
0.0	Diphydontosaurus_Tropical_S	217.3329823751071	216.13353366522017
0.0	Dolabrosaurus	214.35372666288643	213.09990579466128
0.0	Dolerosaurus	230.4596989967446	228.91419061771057
0.0	Dolichobrachium	230.69276909612532	229.07069071877015
0.0	Doliovertebra	247.2313334153739	246.44613959055866
0.0	Dongusuchus	246.55590959575636	243.2902755797877
0.0	Dorosuchus	244.97077688542862	243.406451088148
0.0	Doswellia	237.8467509065883	210.7996123665824
0.0	Dracoraptor	201.1994083402335	200.1848999304042
0.0	Drepanosaurus_Temperate_N	214.86096564603702	213.60088715880647
0.0	Drepanosaurus_Tropical_N	228.27223591975863	199.04940619964466
0.0	Dromomeron_Temperate_S	215.9007882497507	214.67672207912213
0.0	Dromomeron_Tropical_N	222.91626150787187	200.99391342247455
0.0	Dromomeron_Tropical_S	219.96979026185411	208.37671229408573
0.0	Dyoplax	228.64203144934828	227.1786987174683
0.0	Ebrachosuchus	235.92470967891686	234.4839702503851
0.0	Effigia	209.88681176819676	202.50282311882503
0.0	Efraasia	217.23486554438662	208.7060182200922
0.0	Eifelosaurus	245.5992516971344	244.79362555781893
0.0	Elachistosuchus	207.04093821780174	205.98689165021196
0.0	Elessaurus	247.68344208548305	246.90341028360763
0.0	Elginia	260.49224127367955	251.5505536683038
0.0	Embrithosaurus	265.2444471667975	259.3929946093054
0.0	Emeroleter	265.3378520467771	259.56521081638226
0.0	Endennasaurus	214.0825823120171	212.8682628488487
0.0	Energosuchus	241.63283665588068	237.90486377641543
0.0	Eodromaeus	233.38156155640291	231.8269996459048
0.0	Eohupehsuchus	249.1169316767604	248.32263800921757
0.0	Eohyosaurus	245.4735449001824	242.4101880821643
0.0	Eomurruna	252.00037900204583	251.29437137006335
0.0	Eoplesiosaurus	200.22188493738844	199.22696071554665
0.0	Eoraptor	237.36312193083785	233.64704327466953
0.0	Eorasaurus	262.80232167639736	262.27060569268224
0.0	Eorhynchochelys	228.62889675822746	227.1818492965482
0.0	Eosauropus_Temperate_N	221.924862048743	208.87692288854902
0.0	Eosauropus_Tropical_N	223.73721597834893	212.87881627452555
0.0	Eretmorhipis	242.9141471453346	242.16100572152013
0.0	Erpetosuchus	226.20121880016757	224.80189772099922
0.0	Erythrosuchus	247.39470797447692	241.76861758095626
0.0	Erythrovenator	233.28216808337658	231.61030977835082
0.0	Eshanosaurus	200.82767064120475	199.82639398231493
0.0	Eubrontes_Temperate_N	226.89762173154847	199.41126457599452
0.0	Eubrontes_Tropical_N	225.08728558176816	199.17078043363324
0.0	Eucoelophysis	214.91678594520158	201.77432342209957
0.0	Eudibamus	288.16948772063887	287.89605024844616
0.0	Eudimorphodon	219.9579642387759	201.104097696241
0.0	Eumetabolodon	250.29795019346534	244.3630645643259
0.0	Eunotosaurus	264.5276423442346	260.222671997036
0.0	Euparkeria	246.70589619507408	241.78229555152012
0.0	Eurhinosaurus	200.67065425197342	199.71918989642668
0.0	Eurycleidus	201.75778071493085	200.72170908013322
0.0	Eusaurosphargis	246.84991280541092	236.77186967022817
0.0	Euscolosuchus	232.75406560582974	231.12266132547188
0.0	Evazoum	233.48597893056365	198.68669337872885
0.0	Fasolasuchus	221.95567667196968	220.7078494541934
0.0	Faxinalipterus	229.01271024569257	209.50721154099878
0.0	Feeserpeton	287.4916197217719	287.2252710728256
0.0	Feralisaurus	244.83937851626905	244.02624244862085
0.0	Fodonyx	247.27090101984192	242.21716343462262
0.0	Fraserosphenodon_Temperate_N	234.4499570864055	232.71866019038782
0.0	Fraserosphenodon_Tropical_S	220.11532929392746	218.84940351185
0.0	Fraxinisaura	238.45371893925181	237.44709713333336
0.0	Fugusuchus	249.82022076203248	249.07379923223417
0.0	Fuyuansaurus	239.37146637665694	238.56665145303535
0.0	Galesphyrus	255.59140083414994	253.4222394235083
0.0	Gamatavus	240.13944683515314	236.2437703403713
0.0	Gansurhinus	273.1398208605276	257.1464602670398
0.0	Garjainia_Temperate_N	251.28731584152334	247.43398151469344
0.0	Garjainia_Temperate_S	251.3089923100145	247.19064023901788
0.0	Garzapelta	220.05261323401578	218.78898841018008
0.0	Gecatogomphius	276.8116071367801	267.18239076283
0.0	Gephyrosaurus	204.39885342801904	200.22687400909481
0.0	Glaurung	254.44227958670166	254.33790065561155
0.0	Glyphoderma	238.12909433318225	237.08555358555876
0.0	Gnathovorax	232.44823266030775	217.76397588466386
0.0	Gojirasaurus	220.6172874732424	219.42128586827943
0.0	Gomphiosauridion	229.15772410766917	227.61501273571562
0.0	Gorgetosuchus	236.92689573513707	235.8439187279741
0.0	Gracilisuchus	239.18086750461626	235.3884479427722
0.0	Grallator_Temperate_N	231.45007772534535	198.50426833261608
0.0	Grallator_Temperate_S	234.6713456694656	216.75004617930767
0.0	Grallator_Tropical_N	236.85395356300347	199.1845982860418
0.0	Graoullyodon	205.91156872321756	204.91182826499545
0.0	Gregaripus	227.86876312168164	212.44767048635384
0.0	Gresslyosaurus	217.0355733476971	207.9895440563591
0.0	Grippia	251.26032713615834	246.24071358706564
0.0	Guaibasaurus	227.3608355027029	209.13631444069583
0.0	Gualosuchus	241.74832814376364	234.908137640977
0.0	Guanlingsaurus	234.07409608007717	226.78871589654565
0.0	Guchengosuchus	246.3804430229202	245.5907368085124
0.0	Guizhouichthyosaurus	242.86374775096309	226.925537310775
0.0	Gulosaurus	250.63345551156308	248.42375935924514
0.0	Gunakadeit	219.86840277298032	218.61357473242867
0.0	Gwyneddichnium	228.31418626236007	200.57428066847086
0.0	Gyposaurus	201.270904949183	199.24112854730285
0.0	Halazhaisuchus	246.73710105125878	245.9508328448453
0.0	Haligonia_Temperate_N	205.73711523534388	202.2160644611539
0.0	Haligonia_Tropical_N	230.57333161214865	228.94242886515156
0.0	Hanosaurus	249.02443246123926	248.2561887050508
0.0	Helcura	200.8334178577231	198.90973355319446
0.0	Helveticosaurus	241.55502346940008	240.79722130847983
0.0	Hemilopas	248.49689688287222	243.63359841715467
0.0	Hemiprotosuchus	214.41105904823274	208.11705249764753
0.0	Heptasuchus	228.8543922300533	227.39322765236648
0.0	Herrerasaurus	236.5850421311039	226.54332657687192
0.0	Hescheleria	242.91347808934174	242.15835573591485
0.0	Hesperosuchus	226.01902141788415	204.7697216827868
0.0	Heterodontichnites	229.48970699502397	222.80309136953753
0.0	Heteropelta	243.26426663507527	242.48087686873563
0.0	Himalayasaurus	214.68425986273084	213.49349931179762
0.0	Hispaniasaurus	239.34844348434302	238.59479788468738
0.0	Honghesaurus	244.34467542013826	243.56258639910055
0.0	Horaffia	239.63653772039368	237.77607231180542
0.0	Hovasaurus	259.66863437146657	250.9763866113164
0.0	Howesia	245.26625301932629	242.63401451585375
0.0	Hudsonelpidia	213.42334718560122	212.23424735425715
0.0	Hupehsuchus	250.21685742251876	241.44685539045548
0.0	Hwiccewyrm	236.6842924199054	226.27269203474535
0.0	Hyloidichnus	255.02301668310722	249.90077532463582
0.0	Hyperodapedon_Temperate_S	235.7639202747523	208.695666941522
0.0	Hyperodapedon_Tropical_N	238.0924688340275	227.73576560914915
0.0	Hypselorhachis	243.49668976884138	242.710453616273
0.0	Hypsognathus_Temperate_N	207.80921692641004	206.6875205506763
0.0	Hypsognathus_Tropical_N	229.8380538187601	199.74530695402365
0.0	Hypuronector	215.66369562377037	211.47959215108827
0.0	Icarosaurus	219.91811283797588	218.68583021614336
0.0	Ichthyosaurus_Temperate_N	208.79615769212916	199.4262322703413
0.0	Ichthyosaurus_Tropical_N	222.91850804077188	206.85271108427492
0.0	Ichthyotitan	202.23930531566063	201.25730218622604
0.0	Idiosaura	234.82747791194947	233.3719075117854
0.0	Ignotosaurus	233.67627731041796	232.0760790948002
0.0	Incertovenator	229.20192084579614	227.62986068400957
0.0	Ingentia	224.7199278425148	223.49344638661205
0.0	Isfjordosaurus	248.37234995061772	247.59641299540658
0.0	Ixalerpeton	237.81307948896145	222.88981998275028
0.0	Jaklapallisaurus	214.11626417083824	212.91402776369995
0.0	Jaxtasuchus	239.30835430417153	237.71983249485731
0.0	Jesairosaurus	246.73342387737821	245.95285078345782
0.0	Jingshanosaurus	202.19161409432564	198.9064509080245
0.0	Jushatyria	246.27567096900611	245.48520433760126
0.0	Kadimakara	251.90370671421007	251.11189808696201
0.0	Kalisuchus	251.54985956933726	250.96092492996524
0.0	Kapes_Temperate_N	251.41355386659802	242.2313385054352
0.0	Kapes_Tropical_N	246.97167930470292	244.8307437288555
0.0	Kayentapus_Temperate_N	201.6490732848956	199.10937351466154
0.0	Kayentapus_Tropical_N	227.89806790596555	199.01680920043927
0.0	Keichousaurus	249.22478809697895	235.67744025107615
0.0	Kholumolumo	227.84243665053762	211.414498032891
0.0	Kinelia	259.11732692769533	259.009882362115
0.0	Kintneria	226.8277445939471	213.81688944942516
0.0	Kitchingnathus	249.86105234507193	249.09892516460084
0.0	Kocurypelta	218.83700128037034	217.61028529159313
0.0	Koiloskiosaurus	247.27961298458013	246.50190287228213
0.0	Komlosaurus	201.73799485839777	199.346637979033
0.0	Krzyzanowskisaurus	235.60940123282137	212.04434380774134
0.0	Kudnu	251.86641289516226	251.1993428619777
0.0	Kuehneosaurus	235.99662248507988	204.352259823458
0.0	Kuehneosuchus	204.55756028715592	203.5761738197907
0.0	Kuruxuchampsa	236.71972862856927	235.5605277530092
0.0	Kwangsisaurus	251.68291403259812	247.0282186540384
0.0	Labidosaurikos	282.9013492096432	273.78508881958044
0.0	Labidosauriscus	289.8651339170339	282.06239210648965
0.0	Labidosaurus	283.0959715251825	272.7332261215769
0.0	Lagerpeton	241.37039098539145	239.1814233319728
0.0	Lanceirosphenodon	219.86439155040708	218.62613450938147
0.0	Langeronyx	246.53911483563897	237.53803221100523
0.0	Langobardisaurus	216.07615296123535	209.42307820419094
0.0	Lanthaniscus	270.984680583703	264.74685109398723
0.0	Lanthanolania	265.17869706627255	264.45500437850137
0.0	Lanthanosuchus	264.0018613248634	263.37502442880566
0.0	Laquintasaura	200.88357677220733	199.82746813699586
0.0	Largocephalosaurus	245.2764739082798	243.1690972036785
0.0	Lariosaurus	250.30957994139416	236.57618580862416
0.0	Lasasaurus	249.28828349484002	248.51442992180475
0.0	Lavinipes	202.42517516193524	198.9164407685098
0.0	Lepidus	222.90492883343543	221.70245892903887
0.0	Leptonectes	201.43626710025262	198.95890544086498
0.0	Leptosuchus	227.72839164198854	208.24480609138286
0.0	Lessemsaurus_Temperate_S	227.26192028231995	209.6556919497467
0.0	Lewisuchus	241.0288421816501	230.8625391640174
0.0	Libognathus	213.63118536160127	212.35478370129397
0.0	Liliensternus	228.8656978996869	203.48783156455582
0.0	Lindwurmia	201.67349146744382	200.68730593864933
0.0	Litorosuchus	241.90891950288326	241.16859737056305
0.0	Lophostropheus	206.8888500671268	205.857441299087
0.0	Lotosaurus	246.94497312216944	241.65990768801421
0.0	Lucasuchus	233.3357463164354	227.16375612309633
0.0	Lucianosaurus	210.73202654148008	209.57496823061445
0.0	Lucianovenator	217.69911811075835	216.49184734941312
0.0	Lufengosaurus	201.42156056876607	199.19759330741044
0.0	Lukousaurus	201.97882025431875	200.2577018851819
0.0	Luopingosaurus	245.06339624883248	244.27057796769486
0.0	Luperosuchus	241.05582287818086	236.61136438317894
0.0	Macgowania	214.42731166921016	212.4433514638763
0.0	Machaeroprosopus	227.20403055379876	201.29959976468433
0.0	Macrocnemus	247.5711849730647	235.8179306204083
0.0	Macrocollum	222.56316877719905	209.35433821487592
0.0	Macroleter_Temperate_N	272.06645626876366	264.94023357507854
0.0	Macroleter_Tropical_N	268.09433975160704	267.1944307307537
0.0	Macroplacus	202.24606400827741	201.2509831221828
0.0	Macroplata	200.10127457225596	199.11282027448996
0.0	Maehary	228.61722947604008	219.80053316283264
0.0	Majiashanosaurus	250.40439104193612	249.67382107405555
0.0	Malerisaurus	222.18029595165024	209.37507427551682
0.0	Malutinisuchus	239.5600537741538	235.10437733224222
0.0	Mambawakale	244.75399894334717	243.9495599908173
0.0	Mandaphon	244.86411724497063	244.0660193907797
0.0	Mandasuchus	247.97474990212123	241.10016263246916
0.0	Marasuchus	243.53238958156624	236.09435640275845
0.0	Marcianosuchus	247.10776989741345	246.3141287322028
0.0	Massospondylus	228.10356402754377	226.72088990234664
0.0	Mbiresaurus	236.68603305788315	226.066936957233
0.0	Megachirella	242.91974904266314	242.15327091292355
0.0	Megalancosaurus	217.18757621231762	208.4046542330479
0.0	Megalosauripus	201.6583944682087	200.6674722448791
0.0	Megalosaurus	206.0332314153821	205.0089840951651
0.0	Megapnosaurus	201.1356970419033	200.12560525277968
0.0	Mehliella	234.14392754039437	232.47694227851144
0.0	Melanorosaurus	215.90087106937688	214.7130834798831
0.0	Merriamosaurus	248.1415583119603	247.37189932620683
0.0	Mesodapedon	242.435274567861	241.6983807241723
0.0	Mesosaurus_Antarctic	289.8642973294903	280.86271201549386
0.0	Mesosaurus_Temperate_S	290.68925206049295	283.2951768458781
0.0	Mesosuchus	247.46036723378788	242.72244700531286
0.0	Metamosaurus	288.43324921866343	288.15858780227745
0.0	Metashastasaurus	222.85185169059258	210.3824897120412
0.0	Microcnemus_Temperate_N	251.94573920134815	246.77299303343293
0.0	Microleter	285.6065256702319	285.3318168966616
0.0	Micromenodon	228.15147495342313	226.6516047199926
0.0	Microsphenodon	226.60724277102528	220.7084937848872
0.0	Mikadocephalus_Temperate_N	239.25178225789438	238.4609476130721
0.0	Mikadocephalus_Tropical_N	241.32491456369004	240.59624618621152
0.0	Milleretta	261.5017134421568	249.86194741869195
0.0	Millerinoides	252.3866974733416	252.24978365612012
0.0	Milleropsis	258.68663422643266	253.1125932636501
0.0	Millerosaurus	257.6805810760367	250.43446359415967
0.0	Miodentosaurus	237.42388769028798	233.50355299101668
0.0	Mixosaurus	247.51315115475933	235.63546837722407
0.0	Moradisaurus	256.8137924461653	250.10668330786606
0.0	Mystriosuchus_Temperate_N	223.0076555149566	199.89628349359137
0.0	Mystriosuchus_Tropical_N	215.41258961002836	207.65058797290257
0.0	Nambalia	222.2441048251969	210.3866870929994
0.0	Nanchangosaurus	248.69617225983293	242.37087164225272
0.0	Nanoparia	254.9921675449478	254.3260026144429
0.0	Neoaetosauroides	226.929339923471	207.87770280133637
0.0	Neoprocolophon	246.01867713379823	245.2172416526446
0.0	Neusticosaurus	248.07857245127403	235.11551747906498
0.0	Nhandumirim	229.49256017531562	215.97745478351052
0.0	Nicrosaurus_Temperate_N	224.4767826094944	208.35609692861073
0.0	Nicrosaurus_Tropical_N	218.5750853903399	217.30735848889364
0.0	Nochelesaurus	264.83394082029366	259.5222257888817
0.0	Notatesseraeraptor	210.50216071579857	209.26233567543747
0.0	Noteosuchus	251.5373780371562	250.95875491810787
0.0	Nothosaurus_Temperate_N	247.09321342148107	203.32651746131074
0.0	Nothosaurus_Tropical_N	247.79080487651652	235.26590604081863
0.0	Nothosaurus_Tropical_S	249.78902967326172	239.77213777913278
0.0	Nundasuchus	246.36406963678996	245.58317751707705
0.0	Nyasasaurus	247.15604922620048	245.90952391455608
0.0	Nycteroleter	268.61917238795286	266.1599018192845
0.0	Nyctiboetus	282.00828908423	269.14301232314716
0.0	Nyctiphruretus	273.5376772508431	261.59550336349696
0.0	Obirkovia	259.59843391088884	258.612125697669
0.0	Odontochelys	229.2472416443934	226.4448565307751
0.0	Omphalosaurus_Temperate_N	248.5365905107691	238.84242899942785
0.0	Omphalosaurus_Tropical_N	248.63217351190357	239.27571622583878
0.0	Opisthodontosaurus	290.45943579395424	282.58325638713893
0.0	Orenburgia	251.19556928279945	247.28063190589896
0.0	Orovenator	292.1587443363047	284.0935022453214
0.0	Oryctorhynchus	232.75802544422888	229.41657406324376
0.0	Oryporan	251.25811904589926	246.2612388437818
0.0	Osmolskina	250.1987752138077	249.4408840585823
0.0	Otozoum	220.11100400406838	218.85246403301053
0.0	Owenetta	258.3206204280333	245.6880471757498
0.0	Ozimek	237.98864582527864	230.6381717551151
0.0	Pachypes	253.672610234488	253.56611462352907
0.0	Pachypleurosaurus	242.3195824821567	236.5406003781016
0.0	Pachystropheus	205.59640366320482	200.2142197844621
0.0	Palacrodon_Temperate_S	251.61814216231096	242.41143769522202
0.0	Palacrodon_Tropical_N	222.820374150646	207.9204301587688
0.0	Palaeagama	252.28602933519912	252.07340985780905
0.0	Palaeochersis	225.73305112288304	208.90795537071233
0.0	Palaeosaurus	230.79675189310913	229.12658470723503
0.0	Palatodonta	246.06146668505673	245.26547300901765
0.0	Paleollanosaurus_Temperate_N	207.7163326806008	206.5979373752605
0.0	Paleollanosaurus_Tropical_S	212.56513818196584	211.39463822669165
0.0	Paliguana	250.03153051744326	249.27838997644722
0.0	Pamelaria	245.2093285007723	241.8321520298798
0.0	Pamelina	250.87398686105868	250.16447472505033
0.0	Pampadromaeus	233.04871144441503	217.74661382430807
0.0	Panguraptor	200.99808924185075	199.9686832603938
0.0	Panphagia	232.88185782917427	231.2878615519247
0.0	Pantydraco	228.13532781134575	226.70094780675643
0.0	Panzhousaurus	244.30729602426558	243.4916058078148
0.0	Pappochelys	239.13208010092933	238.3126406680947
0.0	Parabrontopodus_Temperate_N	200.91075232138988	199.16804388623126
0.0	Parahupehsuchus	247.7261851725545	246.93524847993453
0.0	Paralonectes	250.62659471855076	236.03864185592744
0.0	Paraplacodus	248.00236827366092	235.6446670405744
0.0	Pararcus	244.71534279662944	243.90819970396214
0.0	Parasaurus	258.302572218406	255.10082291662926
0.0	Parasuchus_Temperate_N	250.42626765290552	226.62785919523654
0.0	Parasuchus_Temperate_S	236.50089697052914	228.19575017672346
0.0	Parasuchus_Tropical_N	235.06632768919832	225.7037507832572
0.0	Parasuchus_Tropical_S	227.05375379150325	214.20128831291845
0.0	Paratypothorax_Temperate_N	228.2618477659779	214.59609492896863
0.0	Paratypothorax_Tropical_N	228.29410291204744	210.47541604709383
0.0	Paratypothorax_Tropical_S	218.59662139532787	217.3457200041461
0.0	Pareiasaurus	264.86905139128623	253.4186158531155
0.0	Pareiasuchus	265.9547586783021	254.05928096115505
0.0	Parringtonia	243.44756136119807	242.64410163954875
0.0	Partanosaurus	238.43176859581592	237.5264662622825
0.0	Parvinatator	238.66562919507507	237.7531477089512
0.0	Parvosuchus	238.87351252268783	237.9993589516999
0.0	Pectodens	243.1117247024332	242.34759418980903
0.0	Pelecymala	235.78941728079627	228.70712562959952
0.0	Pendraig	235.01989655956908	233.48935389481827
0.0	Pentaedrusaurus	251.43402577279574	250.81615025677485
0.0	Permotriturus	263.1030646754823	262.55392924944186
0.0	Pessopteryx	249.69533791026691	241.0318820388117
0.0	Peteinosaurus	215.27808372453606	212.39043615835004
0.0	Phaanthosaurus	251.84689678906506	250.93695445578362
0.0	Phalarodon_Temperate_N	251.5730712740615	242.37935996467098
0.0	Phalarodon_Tropical_N	247.03240110559057	242.4083664602193
0.0	Phantomosaurus	243.47968384741353	242.70620562051218
0.0	Phonodus	251.54704524960803	250.97952196656513
0.0	Pisanosaurus	227.94191768159453	226.43592841130155
0.0	Pistosaurus	245.73414294253402	237.38581882214856
0.0	Placochelys	234.30008889672067	219.25945006037355
0.0	Placodus_Temperate_N	247.7066517068685	236.2371901235903
0.0	Placodus_Tropical_N	245.66859628925394	243.5841758700076
0.0	Placodus_Tropical_S	251.84060971389306	236.81300250725187
0.0	Planocephalosaurus_Temperate_N	237.775927987056	201.0475968115276
0.0	Planocephalosaurus_Tropical_S	210.7871088364637	209.6343943681535
0.0	Plateosauravus	221.86328758435943	209.11752574967363
0.0	Plateosaurus_Temperate_N	227.00389173500818	200.7475680357435
0.0	Plateosaurus_Temperate_S	217.225376592081	208.43097295091604
0.0	Platypterna	214.53665945199694	198.3026749152869
0.0	Plectropterna	201.7368139223692	199.12711221641175
0.0	Plesiornis	200.3297114592205	199.3386868327013
0.0	Plesiosaurus	207.72052329818302	199.75183342828728
0.0	Polesinesuchus	234.77722898844962	233.1677643659108
0.0	Polonosuchus	229.3671550431517	227.82388298552945
0.0	Polymorphodon	239.05371935644587	238.24099315126102
0.0	Poposaurus	232.44921929129728	203.74569972440725
0.0	Postosuchus	237.3979388467557	200.95085876330745
0.0	Powellvenator	217.2342332308719	216.00077081062562
0.0	Pravusuchus	220.42419487227164	219.15674139897257
0.0	Preondactylus	216.75942920910722	211.14974260348973
0.0	Prestosuchus	242.53691903864	235.07614165123897
0.0	Procerosuchus	239.3970541755784	238.64574424619113
0.0	Procolina	251.21959193122254	250.5505561961442
0.0	Procolophon	251.85953111704214	247.08092188684515
0.0	Procolophonichnium_Temperate_N	245.112693499842	242.19204491721246
0.0	Procolophonichnium_Temperate_S	249.3262628039461	248.54561501975576
0.0	Procompsognathus	217.20823347948289	215.99153568684588
0.0	Proganochelys_Temperate_N	226.72385406883052	201.47021865875476
0.0	Proganochelys_Tropical_N	210.18330524125201	209.00802275667357
0.0	Prolacerta	251.8074302386556	248.1053715790124
0.0	Prolacertoides	251.87392144094147	251.4296684116198
0.0	Prosantosaurus	240.5029059705114	239.78414361875048
0.0	Prosaurosphargis	247.59779167270213	246.79883185216704
0.0	Protanystropheus	245.72016809912668	242.29736017101382
0.0	Protecovasaurus	225.3607081843064	211.02015758662475
0.0	Protenodontosaurus	236.2760887581947	234.9857596840398
0.0	Proteosaurus	201.62387420933732	199.2460893203262
0.0	Proterochampsa	236.54167149766684	235.3281734983477
0.0	Proterochersis	228.00226293391387	207.66001489046397
0.0	Proterosuchus_Temperate_N	251.82851985090585	251.2911393430839
0.0	Proterosuchus_Temperate_S	251.73042418977514	247.48514075759562
0.0	Protoavis	224.64019620084795	219.76776486951667
0.0	Protocaptorhinus	289.163637004728	282.5705320839861
0.0	Protoichthyosaurus	201.55087908796276	200.57744438777027
0.0	Protome	209.72673913253377	208.583189651579
0.0	Protorosaurus	261.3137721569048	254.0782269761506
0.0	Protorothyris	299.3303713220692	293.7424450504729
0.0	Protosuchus	205.7007554303056	199.17647300707804
0.0	Provelosaurus	267.17546265460277	260.1645110227568
0.0	Psephochelys	232.42804113402534	230.76034178786327
0.0	Psephoderma_Temperate_N	208.26026362821446	201.31220000832027
0.0	Psephoderma_Tropical_N	217.7684683373313	213.09358898908056
0.0	Psephoderma_Tropical_S	244.52569806753849	238.98724367039142
0.0	Psephosauriscus	246.7672016523706	240.4087461420822
0.0	Psephosaurus_Temperate_N	239.41839306667853	238.58796806012543
0.0	Psephosaurus_Tropical_S	243.60496644775378	242.58184228697348
0.0	Pseudhesperosuchus	222.93395572656016	221.70274852222022
0.0	Pseudochampsa	232.3929279248896	230.63795461721278
0.0	Pseudotetrasauropus_Temperate_N	226.43174054415687	225.0052229132572
0.0	Pseudotetrasauropus_Tropical_N	215.89929983623554	204.6853060132364
0.0	Pterodactylus	201.199230428211	200.2081101948443
0.0	Pumiliopareia	256.31532024937064	256.21045357331445
0.0	Qianichthyosaurus	239.5065543650589	227.3426759680572
0.0	Qianosuchus	245.17864828640222	243.34397598818558
0.0	Qianxisaurus	240.12967515595312	239.42095934920218
0.0	Quasianosteosaurus	249.05515421062645	248.26727301635458
0.0	Raeticodactylus	206.93437060084457	205.89428279546652
0.0	Rautiania	266.17581649133837	258.4828804041815
0.0	Redondasuchus	219.2866220707512	209.71053874052862
0.0	Redondavenator	224.20965024741423	222.92879750930433
0.0	Revueltosaurus	231.74487655765998	210.12918271415953
0.0	Rhaeticosaurus	208.25287665496722	207.09313107147875
0.0	Rhipaeosaurus	268.77330588525683	262.23678349121855
0.0	Rhomaleosaurus	208.71370675755227	199.0067476092851
0.0	Rhombopholis	244.06168864341416	241.38787510409227
0.0	Rioarribasuchus	221.23410175901276	207.90114118450882
0.0	Riojasaurus	221.4100138524435	213.425200614732
0.0	Riojasuchus	220.62269120617094	219.39995661259695
0.0	Romeria	298.83596372922324	297.30447733108434
0.0	Rothianiscus	273.07109080625605	264.7818623019208
0.0	Rotodactylus	220.28419344437503	219.05237793979552
0.0	Ruehleia	228.40892587379403	215.88677211938273
0.0	Rugarhynchos	226.32110132075746	224.92983141614332
0.0	Ruhuhuaria	243.60465262963342	242.79547066630016
0.0	Rutiodon	235.4910646077934	208.6222861296695
0.0	Sacisaurus	210.74280796618197	209.6014445628647
0.0	Saltoposuchus	226.09528875917783	212.3807376744001
0.0	Sanchiaosaurus	246.06739156154765	245.25764399344405
0.0	Sanchuansaurus	253.7419996118388	253.6351305612726
0.0	Sanjuansaurus	228.02947769841836	226.6244926992283
0.0	Santaisaurus	251.9847485862449	250.84632716475423
0.0	Sarcosaurus	200.98303668815214	200.0074062541137
0.0	Sarmatosuchus	247.59848871522533	246.7965726394665
0.0	Saturnalia	233.18942121824543	206.33848345717394
0.0	Saurischichnus	223.35755335380802	210.36367093769806
0.0	Saurodektes	252.0000710850943	247.0423485835146
0.0	Sauropareion	251.8441878278192	248.3677069372253
0.0	Sauropus	200.47185786352316	199.47478963526368
0.0	Saurorictus	257.4695807601329	257.3643328838328
0.0	Saurosternon	259.7625384263079	259.4003312606799
0.0	Saurosuchus	232.6976170148939	231.0007094529122
0.0	Scelidosaurus	200.10274308130366	199.13825050402636
0.0	Scharschengia	248.00226273218772	247.21001928036225
0.0	Schleitheimia	226.35523045935852	224.86396297139524
0.0	Sclerocormus	248.3226813710523	247.54537290939922
0.0	Sclerosaurus	246.79949502256298	243.01476962046723
0.0	Sclerostropheus	221.0953437310868	219.80183643278855
0.0	Scoloparia_Temperate_N	201.92185341185058	200.90745836901
0.0	Scoloparia_Tropical_N	232.11968410287255	226.88234801577462
0.0	Scolotosuchus	249.87996920815982	249.12416097311333
0.0	Scutarx	227.98372278376655	209.80525078016325
0.0	Scutosaurus	265.3839419070065	257.1887905177688
0.0	Scythosuchus	249.52063932820133	248.73636084321677
0.0	Seazzadactylus	220.31419284469104	219.12805291872988
0.0	Selenichnus	200.62156987469325	199.01305334841825
0.0	Serpianosaurus	247.29209040990003	238.28589871487898
0.0	Shansisuchus	247.45759933488873	241.79077845013254
0.0	Shastasaurus_Temperate_N	214.70285803816822	213.39832808860376
0.0	Shastasaurus_Tropical_S	237.3247229941877	226.06982337697787
0.0	Shihtienfenia	254.1864815018326	250.50178322999065
0.0	Shonisaurus_Temperate_N	234.49025943506007	198.97953288085293
0.0	Shonisaurus_Tropical_N	225.63924286895684	218.31128609449237
0.0	Shringasaurus	247.68480238348877	241.9133959625889
0.0	Shuangbaisaurus	201.36455791355087	200.36146151515646
0.0	Shuvosaurus	228.23381332538187	201.97119347895938
0.0	Sigmala	236.4042310093447	227.37442304606026
0.0	Sikannisuchus	224.553278216058	211.22059659879673
0.0	Silesaurus	231.377963856307	229.68365661806587
0.0	Sillosuchus	228.10479701517963	226.65863771548047
0.0	Simosaurus_Temperate_N	247.4602599632665	202.1792666968369
0.0	Simosaurus_Tropical_S	243.15515171971367	242.36589966704597
0.0	Sinocyamodus	230.32961928203846	228.76935460260356
0.0	Sinosaurosphargis	244.50326894598953	243.17546122720861
0.0	Sinosaurus	201.7356769808678	199.78733362445598
0.0	Skybalonyx	214.1560677460101	212.91845055797938
0.0	Smilodonterpeton	208.62105948267748	207.5362662436198
0.0	Smilosuchus	230.15261807487644	209.12000644492596
0.0	Sophineta	247.88724176215953	247.1160136688359
0.0	Soturnia	221.50054183396415	208.69364567776762
0.0	Soumyasaurus	211.43268860434512	210.1890975180021
0.0	Sphenotitan	221.02256672679817	210.43314804200693
0.0	Sphodrosaurus	210.99833667859946	209.79633203904808
0.0	Spinosuchus	230.96233813974965	220.50240102300089
0.0	Spondylolestes	255.3769120679768	252.21538561621284
0.0	Spondylosoma	243.25044372538318	235.69881055255615
0.0	Stagonolepis_Temperate_N	234.01309392196532	228.51145088274913
0.0	Stagonolepis_Tropical_N	222.6372395448316	207.45460890311122
0.0	Stagonolepis_Tropical_S	219.1355489037562	217.9274285378939
0.0	Stagonosuchus	247.83631026474677	241.97215574311286
0.0	Staurikosaurus	234.24307498656268	232.61034292101056
0.0	Stauromatodon	237.92336059353718	236.6701107123777
0.0	Stegomus	221.6246607322083	213.01042242444785
0.0	Stenaulorhynchus	247.88300726454472	242.44250811664284
0.0	Stenomyti	211.10101167694324	209.91916016044357
0.0	Stenoscelida	216.16542908083676	214.92090074368866
0.0	Stereosternum_Antarctic	286.8916992264916	286.61768756662866
0.0	Stereosternum_Temperate_S	291.02420808717693	282.5328420516142
0.0	Styracocephalus	264.4420472648747	259.2148438223303
0.0	Syntarsus	205.72679938686156	204.7414321321744
0.0	Syntomiprosopus	227.12805857376588	225.5728340119914
0.0	Tachiraptor	201.42779537219204	200.45268048865003
0.0	Tanaisosaurus	250.09072826706975	249.33283477346913
0.0	Tanystropheus_Temperate_N	246.46321449176276	203.8593815798121
0.0	Tanystropheus_Tropical_N	247.79666843136565	237.6554670365591
0.0	Tanystropheus_Tropical_S	246.24284780069155	242.86276113419154
0.0	Tanytrachelos	227.5858857133904	211.41961379818525
0.0	Tarjadia	242.85967135700145	235.31393691799425
0.0	Tarsodactylus	201.11955396359	200.0811215435488
0.0	Tasmaniosaurus	251.76656803782603	250.7650813902087
0.0	Tawa	226.93009068458548	209.71402852330692
0.0	Taytalura	231.7313176347987	230.1002418095633
0.0	Technosaurus	210.98654066738442	209.83353433282886
0.0	Tecovasaurus	216.6159147579707	207.71777374913466
0.0	Tecovasuchus	228.4100925787353	211.36402672172946
0.0	Teleocrater	245.7395193722164	241.2105687234105
0.0	Temnodontosaurus	201.223072424967	199.3711057268059
0.0	Teraterpeton	234.2931137395915	228.75328691901782
0.0	Teratophon	247.29846773448398	242.1684918430709
0.0	Teratosaurus_Temperate_N	241.7660965358271	220.22224209428302
0.0	Teratosaurus_Temperate_S	250.70261892146033	249.960171136575
0.0	Termatosaurus	208.65681912039776	203.32438634983956
0.0	Terrestrisuchus	236.37085631472493	227.87041457427063
0.0	Tetrasauropus_Temperate_N	218.6955696194318	217.50656700668713
0.0	Tetrasauropus_Temperate_S	246.12991423735608	236.07641684771176
0.0	Teyujagua	250.2233860047038	249.45528074453497
0.0	Teyumbaita	219.7045504503001	209.74609856091203
0.0	Thadeosaurus	257.6764849138431	257.57371246105913
0.0	Thaisaurus	248.1658152995815	247.3851453978906
0.0	Thalassiodracon	208.2939164039868	199.21515855527386
0.0	Thalattoarchon	244.87336320689937	244.0916371643005
0.0	Thalattosaurus	243.16585279102688	235.80358326873431
0.0	Thecodontosaurus	241.40589244869335	200.94524396133
0.0	Theledectes	245.28238250668736	244.48540644484515
0.0	Thelephon	245.5076769343298	244.67346996990761
0.0	Thelerpeton	246.3831943881776	243.55187886260097
0.0	Tholodus_Temperate_N	247.1854011165033	243.84322361305442
0.0	Tholodus_Tropical_N	245.27994709229534	244.4792461965982
0.0	Thuringothyris	291.8782894321848	283.112403368847
0.0	Tichvinskia	251.09154796223038	247.31097445438917
0.0	Ticinosuchus	245.52461024730007	240.5703696431768
0.0	Tikisuchus	235.23523853079334	233.6872099070839
0.0	Timanophon	250.81962290730863	247.5822900268411
0.0	Toretocnemus	235.7534116082978	232.54644711347467
0.0	Trachelosaurus	247.04066882014394	246.25052838519306
0.0	Trialestes	235.80453511033122	227.0487812872362
0.0	Tricuspisaurus	205.06565550190206	204.02838082629066
0.0	Trihamus	200.6682066962757	199.66446756137083
0.0	Trilophosaurus	229.1444624267937	210.0146685981145
0.0	Tropidosuchus	242.5427957168245	236.93614609895732
0.0	Tuebingosaurus	221.34685436572738	220.10251820722542
0.0	Turfanosuchus	245.81129233874518	245.0189479041084
0.0	Typothorax	227.48134233895055	201.64093876142027
0.0	Uatchitodon	231.8621948585809	209.54189315037365
0.0	Unaysaurus	212.21220737676322	208.87819272274606
0.0	Unguinychus	223.54291176556833	222.29128974795697
0.0	Uralosaurus	244.69088396351776	241.70732061538834
0.0	Utatsusaurus	250.78489693402346	247.08071519536475
0.0	Vallesaurus	216.40236598204294	213.84661317119102
0.0	Vancleavea	233.01165832704714	202.5819876450157
0.0	Variodens	207.38124326509418	201.50418723433637
0.0	Vellbergia	237.97853397830676	236.77602040425057
0.0	Velocipes	223.4346509858332	222.1720369888902
0.0	Venaticosuchus	228.43796031305533	226.87021974229424
0.0	Venetoraptor	231.24274715693826	213.90288632006573
0.0	Vinitasaura	229.25515462823057	227.75567780708846
0.0	Vivaron	222.55330672655023	207.61639344917586
0.0	Vjushkovisaurus	247.60308716071606	241.69516447842705
0.0	Volcanosuchus	227.94404885609538	226.45585426211323
0.0	Vonhuenia	251.44245170963643	250.83213594464237
0.0	Vritramimosaurus	250.93753299519037	250.24845375438028
0.0	Vytshegdosuchus	248.11109091501467	247.31885835061624
0.0	Wahlisaurus	201.7115645053556	200.7203940058567
0.0	Waluchelys	210.35576115682557	209.2326087930586
0.0	Wangosaurus	239.56982972601995	235.83542514322633
0.0	Wannia	225.00975976163474	223.65982117927317
0.0	Wapitisaurus	249.874795944142	249.092249306913
0.0	Weigeltisaurus	260.3801104341544	254.97792354484585
0.0	Whitakersaurus	202.30189327812238	201.29254669349277
0.0	Wimanius	238.90161388183967	238.03515198296233
0.0	Wumengosaurus	246.87932032736342	242.28188229733502
0.0	Xenodiphyodon	236.75351647468665	235.57978413670338
0.0	Xilousuchus	242.74059144215886	242.00973829874513
0.0	Xingxiulong	200.58031484163453	199.57886087289168
0.0	Xinminosaurus	244.29437658986362	243.49462711324963
0.0	Xinpusaurus	242.53429612140124	226.61111936047266
0.0	Xiphopeza	200.70520404963494	199.7196844716425
0.0	Yarasuchus	247.71678190309117	244.2426096358857
0.0	Yelaphomte	211.7731208617544	210.58556319769528
0.0	Yimenosaurus	201.69358422717843	199.6151376544337
0.0	Youngetta	250.78292958898376	250.060907482341
0.0	Youngina	260.50859226374484	250.41635139225738
0.0	Youngosuchus	246.90632163786427	246.13048523321504
0.0	Yunguisaurus	240.73537738139564	235.3602232634033
0.0	Yunnanosaurus	201.61419298384462	198.83221193156302
0.0	Zanclodon	244.0219762425742	202.95066792209556
0.0	Zhongjiania	260.3285787411202	255.22698309541198
0.0	Zupaysaurus	209.74090016312633	208.62534414835136
