clade	species	ts	te
0.0	Abyssomedon	108.90208289820566	108.11682376090182
0.0	Acadiella	55.2928089545542	53.79796126845002
0.0	Acaenasuchus	52.115507477031805	32.20741217755369
0.0	Acallosuchus	46.043812170426364	44.277447585253626
0.0	Acerosodontosaurus	81.67017540894562	81.56370719004904
0.0	Acleistorhinus	103.36162110890022	101.92839860490763
0.0	Acrodenta	81.43805714658116	81.33209579719254
0.0	Actiosaurus	30.492550828178114	29.65918520678534
0.0	Adamanasuchus	51.1391563724498	48.928967153754954
0.0	Adelosaurus	82.16540226284982	82.05778516833276
0.0	Aenigmasaurus	76.20604389261213	75.80353374444385
0.0	Aenigmaspina	58.92708343512119	57.32672575364189
0.0	Aenigmastropheus	82.30027841586833	82.19001787761148
0.0	Aetosauroides	57.80469266654469	32.69208294859539
0.0	Aetosaurus	52.53450758212837	33.00869979146475
0.0	Agkistrognathus	75.40714632485566	74.97896237427258
0.0	Agnosphitys	57.89130079023491	56.2635751488286
0.0	Alexeyisaurus	38.470466045015684	36.68921056861808
0.0	Alwalkeria	60.9919711612736	59.58327901058737
0.0	Amanasaurus	59.7696378960785	34.7571029011545
0.0	Ammorhynchus	72.407598630923	69.44433713560313
0.0	Ammosaurus	26.35310966062271	25.032405009005956
0.0	Amotosaurus	72.27430705424742	67.48888455681069
0.0	Anarosaurus	71.59394129985257	67.74591476638732
0.0	Anchisauripus_Temperate_N	54.27965325962702	23.421905377904515
0.0	Anchisauripus_Tropical_N	45.83243180636109	23.479616190965004
0.0	Ancistronychus	45.84313684226194	44.21909038757415
0.0	Angistorhinus	62.227633466590916	41.15718556255273
0.0	Anisodontosaurus	72.39239304063652	63.93877546109256
0.0	Anomoepus_Temperate_N	26.581933965729746	24.47925638078605
0.0	Anomoepus_Tropical_N	43.42515555868317	24.151629606044295
0.0	Anomoiodon	72.46236952371092	67.88434590588233
0.0	Anshunsaurus	64.78366459355537	55.4771939572975
0.0	Anthodon	84.71813937971082	78.92368802702971
0.0	Anticheiropus	26.57700242619638	25.706488979913086
0.0	Apachesuchus	52.93023765131727	50.81028889009473
0.0	Apatopus_Temperate_N	57.75164699916212	56.07836659408822
0.0	Apatopus_Tropical_N	50.482056048350586	27.716898885894913
0.0	Apatopus_Tropical_S	56.52616145077815	54.8999455947265
0.0	Apatosuchus	40.78576914672057	38.90950360823248
0.0	Aphelosaurus	121.1091833316119	120.20027743994213
0.0	Araeoscelis	113.47907614738737	97.35680709798464
0.0	Archeopelta	63.425004783244376	62.750784596913114
0.0	Archosaurus	85.6822979759264	81.77781859856148
0.0	Arcticodactylus	42.6548457612444	40.96818862137355
0.0	Arganaceras	79.81084299518703	79.69925215403084
0.0	Arganasuchus	53.88896491733502	52.112693368804734
0.0	Argoides	26.309162388459832	25.472237219552806
0.0	Arizonasaurus	72.34751989208903	69.34773991758644
0.0	Asilisaurus	72.07298228814395	66.90997931315562
0.0	Askeptosaurus	70.50089376909388	60.18197334180171
0.0	Asperoris	68.98089655437052	68.2643079382314
0.0	Asylosaurus	33.15814875592977	26.20836356323184
0.0	Atopodentatus	69.85622337354792	68.76239528096966
0.0	Atreipus_Temperate_N	57.89169914439757	56.24795593216921
0.0	Atreipus_Tropical_N	55.32176995380583	31.6829754308555
0.0	Augustaburiania	74.99687139782742	72.93719756813438
0.0	Augustasaurus	68.2717936943963	67.58176087508127
0.0	Australothyris	87.6124717604786	87.16705111828897
0.0	Austriadactylus	41.90295203260261	35.12221566722622
0.0	Austriadraco	38.10059699207003	36.37983003831136
0.0	Avalonnectes	25.001585095317402	24.13549075948972
0.0	Avicranium	27.801768873457004	26.946942518128246
0.0	Azendohsaurus	61.610090087908205	60.45452738633549
0.0	Baeotherates	110.268137092259	109.99210037721848
0.0	Baisesaurus	73.04691618067406	72.63526473359826
0.0	Barasaurus	85.78309024475963	75.41868505061491
0.0	Barberenasuchus	65.86677013968178	65.25608478474886
0.0	Barracudasauroides	72.20754391135405	66.79269725605837
0.0	Barracudasaurus	72.45439901963789	66.82375546837153
0.0	Barrancapus	43.72268759672379	41.85911673252624
0.0	Bashkyroleter	94.60061518179265	89.4586686333732
0.0	Batrachopus_Temperate_N	71.60073061913565	31.14483440661859
0.0	Batrachopus_Tropical_N	39.22402351550273	24.160589097313828
0.0	Batrachotomus	64.22306467223915	61.94934465389777
0.0	Belebey	96.25447073642428	88.97403252370879
0.0	Benggwigwishingasuchus	70.03787348983298	69.31522774495683
0.0	Bentonyx	71.87545298441303	71.0495330910631
0.0	Bergamodactylus	39.256644157250854	37.483587106041675
0.0	Besanosaurus	63.686659872978225	62.99568890102977
0.0	Blezingeria	72.17961402004697	71.47980904946593
0.0	Blomosaurus	76.90810448221457	76.6660194126771
0.0	Bobosaurus	61.555814488965666	60.29827729727281
0.0	Bolosaurus	118.03041172875069	98.84799775720293
0.0	Boreopricea	76.41243051284368	73.16694807540902
0.0	Brachychirotherium_Temperate_N	61.88803249256847	60.82663628470212
0.0	Brachychirotherium_Tropical_N	54.68009737670285	28.25609257975431
0.0	Brachychirotherium_Tropical_S	62.3517053242261	57.88776899162243
0.0	Bradysaurus	89.51141351226995	84.47123709864016
0.0	Brasinorhynchus	65.17636414366878	63.3122292112343
0.0	Brazilosaurus	115.94924310128796	106.88156463024114
0.0	Bromsgroveia	72.36426708351426	66.37769748435258
0.0	Broomia	89.63565682928942	84.70653951702614
0.0	Bunostegos	77.18380305520719	76.87717243327064
0.0	Buriolestes	60.86246578873054	34.16597801044091
0.0	Bystrowisuchus	76.16394411025547	75.75712416483496
0.0	Callawayia	53.6963270880693	37.23880683994458
0.0	Calyptosuchus	57.50636726959682	33.45547777449703
0.0	Camelotia	30.433213409781974	26.980859266714734
0.0	Camposaurus	36.090567934677956	34.274323579658834
0.0	Candelaria	67.72414159425887	60.23878310390058
0.0	Captorhinikos	108.57308921742776	97.89944242087371
0.0	Captorhinoides	108.8329875172914	98.1454074789466
0.0	Captorhinus_Temperate_S	80.76649617943838	80.65867288753354
0.0	Captorhinus_Tropical_N	115.7061356790188	97.41884951576549
0.0	Captorhinus_Tropical_S	115.54111981032844	98.35971887267428
0.0	Cargninia	40.05893789789387	38.3071125526999
0.0	Carnufex	58.93089042610408	57.25217596496192
0.0	Cartorhynchus	73.57410386685196	73.14443891141939
0.0	Caseosaurus	45.466823292314935	43.778117769712566
0.0	Caviramus	26.98418533923231	26.125024630393398
0.0	Ceresiosaurus	67.17546744762481	63.354087888369556
0.0	Chalishevia	66.18566263847671	62.51416338739052
0.0	Chanaresuchus	67.67726916482289	61.517874790248776
0.0	Chaohusaurus	75.76933309937074	71.80195543965823
0.0	Chasmatosuchus	76.72249627303057	72.2346066055942
0.0	Chelyoposuchus	32.28532365199028	31.395101525512832
0.0	Chinchenia	70.7958776088093	70.02856404251504
0.0	Chindesaurus	50.192197298922466	32.37181042180602
0.0	Chinshakiangosaurus	25.103023919022284	24.252283933183286
0.0	Chirotherium_Temperate_N	59.82329704484061	29.36981968028652
0.0	Chirotherium_Temperate_S	67.71118720059138	64.10859915040893
0.0	Chirotherium_Tropical_N	77.11214432519158	35.869959658430766
0.0	Chromogisaurus	56.799629932981695	55.17715228547901
0.0	Clarazia	69.09026827518446	68.37268840027187
0.0	Claudiosaurus	85.16519673620677	77.14909718311982
0.0	Clevosaurus_Temperate_N	62.39064362309708	24.57784453600153
0.0	Clevosaurus_Temperate_S	60.91891653382494	33.74875720029232
0.0	Coahomasuchus	58.236279921530425	44.06721248560832
0.0	Coartaredens	72.67560585251627	68.34462745010865
0.0	Coburgosuchus	52.92668248308782	50.765834457815714
0.0	Coelodontognathus	73.05170593880905	71.90017910443137
0.0	Coelophysis_Tropical_N	53.36969019645539	24.0350794268472
0.0	Coelophysis_Tropical_S	47.95462047076092	46.27850579436053
0.0	Coelurosauravus_Temperate_N	83.12673088747628	83.01997871805611
0.0	Coelurosauravus_Temperate_S	81.26979268386916	78.13092473584392
0.0	Coelurosaurichnus_Temperate_N	70.92204879658192	27.57193020433925
0.0	Coelurosaurichnus_Tropical_N	69.80931116592839	32.13935127937096
0.0	Coelurosaurichnus_Tropical_S	59.479201922409004	54.224054123043224
0.0	Coletta	75.03361357655935	74.60787834076953
0.0	Collilongus	76.35122548505527	75.95996763455788
0.0	Colobomycter	112.12014177090323	110.3506113862109
0.0	Colobops	47.98256443849129	46.18032549160725
0.0	Coloradisaurus	41.60959797075931	38.37077247088504
0.0	Coloradisuchus	39.101815351214	37.34908946018041
0.0	Concavispina	55.86730680195349	54.27666442261033
0.0	Contectopalatus	67.15401278760116	66.4422090438047
0.0	Corosaurus	73.99321963025714	72.38015499223583
0.0	Cosesaurus	62.94470299136998	62.14737707062113
0.0	Crosbysaurus	53.528413359305986	32.35999010379435
0.0	Ctenosauriscus	73.66628615614415	73.2348863722733
0.0	Cyamodus	69.99221376933217	52.49713085313729
0.0	Cymatosaurus	70.89122901550503	67.2429334694305
0.0	Cymbospondylus_Temperate_N	68.53470800200134	60.77724118730917
0.0	Cymbospondylus_Tropical_N	73.59793573804532	62.27506104100095
0.0	Czatkowiella	73.71818862081943	73.28739912115303
0.0	Dactylosaurus	72.48151480430553	67.82459445801257
0.0	Daemonosaurus	29.173415368010023	28.33077870337908
0.0	Dagasuchus	59.85789279972242	58.33531607518847
0.0	Dawazisaurus	67.81979685922028	67.14474980823097
0.0	Decuriasuchus	66.85513418900906	61.16470243808262
0.0	Delatorrichnus	25.008690108602742	24.12144595828188
0.0	Delorhynchus	116.2126350570749	109.56567255413856
0.0	Deltadectes	43.913291566475976	30.56001077776137
0.0	Deltavjatia	89.90104907898206	84.5111106230233
0.0	Desmatosuchus	62.09696771394513	32.512201944089554
0.0	Diandongosaurus	69.82298339747392	69.11682183286383
0.0	Diandongosuchus	65.34634011277228	64.74077513079625
0.0	Dianmeisaurus	70.4714327506692	66.57220716996423
0.0	Dianopachysaurus	70.00311854758101	69.28440963367892
0.0	Dimetropus	116.00845413012952	108.32436204412444
0.0	Dimorphodon	26.772971383595937	25.886183282487657
0.0	Dinocephalosaurus	70.23401080125905	68.30398986940945
0.0	Diphydontosaurus_Temperate_N	59.8628525746539	26.021573112587102
0.0	Diphydontosaurus_Tropical_N	39.671411127401285	38.019165345255004
0.0	Diphydontosaurus_Tropical_S	52.48071248559513	50.238560696121866
0.0	Dolabrosaurus	44.0916392767209	42.17270852514371
0.0	Dolerosaurus	53.446599684487765	52.20339903311914
0.0	Dolichobrachium	55.63535371788015	54.145453158806056
0.0	Doliovertebra	70.91334160600736	70.15102529301235
0.0	Dongusuchus	70.43126899992147	66.9053530778151
0.0	Dorosuchus	71.97515888094465	67.07887213682032
0.0	Doswellia	62.54176110782553	32.470976751205924
0.0	Dracoraptor	26.42262109035514	25.55860431877275
0.0	Drepanosaurus_Temperate_N	42.24646704230452	40.33980790098812
0.0	Drepanosaurus_Tropical_N	50.219190101155725	28.567530779665514
0.0	Dromomeron_Temperate_S	48.71633651755292	46.805345995972395
0.0	Dromomeron_Tropical_N	51.80514655883839	30.183485785529765
0.0	Dromomeron_Tropical_S	53.862834420249726	35.07815544620115
0.0	Dyoplax	59.105843105212024	57.44307689237672
0.0	Ebrachosuchus	62.11559823375961	60.99832204050903
0.0	Effigia	35.25945714731734	25.72040093800531
0.0	Efraasia	51.9312924940353	35.84572686738524
0.0	Eifelosaurus	71.80769103660148	71.00111567735813
0.0	Elachistosuchus	30.05500161329744	29.198359739667456
0.0	Elessaurus	73.21047734579548	72.7718020945111
0.0	Elginia	79.09715516100088	76.4989577588354
0.0	Embrithosaurus	88.56534310198373	84.95542482158721
0.0	Emeroleter	89.63685589879228	85.42744182066644
0.0	Endennasaurus	40.437352916211914	38.70649220312338
0.0	Energosuchus	64.71990537393305	63.103161456368234
0.0	Eodromaeus	55.201219494149385	53.694435167241224
0.0	Eohupehsuchus	72.5213886758286	72.08908330564275
0.0	Eohyosaurus	71.26688735375205	66.81234343385076
0.0	Eomurruna	76.93489143497003	76.34601194070378
0.0	Eoplesiosaurus	26.0662053421063	25.186635581969913
0.0	Eoraptor	60.84456352866285	52.3913635873912
0.0	Eorasaurus	88.22204804847281	87.78075729616681
0.0	Eorhynchochelys	54.528476559984774	53.094104930583775
0.0	Eosauropus_Temperate_N	54.53312013851232	31.792166374157112
0.0	Eosauropus_Tropical_N	54.500058897074176	31.81641835003181
0.0	Eretmorhipis	63.35366532772418	62.65185319749653
0.0	Erpetosuchus	38.72832914228072	37.02747084161465
0.0	Erythrosuchus	72.10840472401749	67.0477739145095
0.0	Erythrovenator	54.445552846621744	53.08277629497036
0.0	Eshanosaurus	25.725107717016257	24.891036859064265
0.0	Eubrontes_Temperate_N	52.20397238662048	24.2761406036742
0.0	Eubrontes_Tropical_N	49.94575085723943	24.252820261543913
0.0	Eucoelophysis	52.69758707460617	27.54660804010245
0.0	Eudibamus	112.03172912280952	111.75298436928757
0.0	Eudimorphodon	42.32192783599558	26.214381956575743
0.0	Eumetabolodon	73.82916958749209	68.01547529959342
0.0	Eunotosaurus	89.32964584453133	84.68129755902642
0.0	Euparkeria	71.6172619692087	66.77720045432504
0.0	Eurhinosaurus	26.60480355963805	25.719951981031127
0.0	Eurycleidus	26.271438998568673	25.401883223741862
0.0	Eusaurosphargis	72.48616941176788	66.06686264299114
0.0	Euscolosuchus	57.807448685363674	56.183199177957185
0.0	Evazoum	60.04830762163057	26.753516788967964
0.0	Fasolasuchus	37.56844893493712	35.775113808572065
0.0	Faxinalipterus	54.04531526225096	43.20754043362142
0.0	Feeserpeton	113.08142117628267	112.80078618371834
0.0	Feralisaurus	70.20807719114785	69.47156274951605
0.0	Fodonyx	72.21242720103099	66.97112163657246
0.0	Fraserosphenodon_Temperate_N	59.89258476192999	58.318896533343604
0.0	Fraserosphenodon_Tropical_S	36.95347575944385	35.14260378902185
0.0	Fraxinisaura	63.506325165515996	62.83388081312222
0.0	Fugusuchus	72.04512970089397	71.26355614866937
0.0	Fuyuansaurus	64.79901147249636	64.19689441483247
0.0	Galesphyrus	85.50522751847475	82.44577363193142
0.0	Gamatavus	68.27040212624624	61.26920787261858
0.0	Gansurhinus	96.79693946768198	78.86824209981113
0.0	Garjainia_Temperate_N	75.41361080572585	72.0577510523409
0.0	Garjainia_Temperate_S	76.4536329182188	72.21642486806194
0.0	Garzapelta	42.02982242607937	40.210916448072695
0.0	Gecatogomphius	103.97330876537147	93.46585014490995
0.0	Gephyrosaurus	32.230325737860205	30.91016600708368
0.0	Glaurung	79.95719343169436	79.85041210637525
0.0	Glyphoderma	65.39917070499585	64.81491712049161
0.0	Gnathovorax	59.7860098650702	48.80001956204141
0.0	Gojirasaurus	52.276378214725426	50.0081714067088
0.0	Gomphiosauridion	53.11285757417462	51.93944326814574
0.0	Gorgetosuchus	57.12406565619261	55.416826064181045
0.0	Gracilisuchus	67.61896855720714	66.02560566076414
0.0	Grallator_Temperate_N	61.689476005353136	24.378291373056786
0.0	Grallator_Temperate_S	56.021897185891454	50.023652141448274
0.0	Grallator_Tropical_N	57.992711457463685	24.17644819995083
0.0	Graoullyodon	30.26237919856085	29.422510993980094
0.0	Gregaripus	49.76711801436748	37.35434364964945
0.0	Gresslyosaurus	47.61817216920001	34.59710699818926
0.0	Grippia	75.45289551145316	72.87288288520419
0.0	Guaibasaurus	43.18165613633199	33.14484221399517
0.0	Gualosuchus	68.01684167828185	62.16053695160179
0.0	Guanlingsaurus	54.874387633248475	50.74224037197263
0.0	Guchengosuchus	71.12523994011227	70.34186435618062
0.0	Guizhouichthyosaurus	64.09548984093495	52.63399415901077
0.0	Gulosaurus	75.83260908336888	74.31024994693291
0.0	Gunakadeit	46.493337984799574	44.80570803946709
0.0	Gwyneddichnium	53.69583560713983	25.444181623056966
0.0	Gyposaurus	26.85047104167596	24.08286219602094
0.0	Halazhaisuchus	70.18630636832827	69.45347127657413
0.0	Haligonia_Temperate_N	32.57095653012746	28.00557594243446
0.0	Haligonia_Tropical_N	54.66038087465628	53.17945491633502
0.0	Hanosaurus	72.97318129667794	72.54300729907749
0.0	Helcura	26.920095401390483	24.547882544773522
0.0	Helveticosaurus	65.62101775727137	65.01654864714926
0.0	Hemilopas	73.26595996431043	66.8466705626729
0.0	Hemiprotosuchus	51.15402171879288	40.67490148936173
0.0	Heptasuchus	61.890948522250724	60.841813457501
0.0	Herrerasaurus	62.202091080546936	51.96964739227554
0.0	Hescheleria	68.31923287192568	67.61441395519651
0.0	Hesperosuchus	53.553186195648614	27.139539334708466
0.0	Heterodontichnites	58.52718480138497	37.87431851768107
0.0	Heteropelta	71.89079734901156	71.0997337104787
0.0	Himalayasaurus	41.70256578951624	39.87874081136326
0.0	Hispaniasaurus	66.63179574804813	65.98154354499577
0.0	Honghesaurus	70.01755863090276	69.27547635815183
0.0	Horaffia	65.00544926855767	62.2726375376763
0.0	Hovasaurus	84.65322115595521	76.17646083131825
0.0	Howesia	72.03635585698817	70.46484949400993
0.0	Hudsonelpidia	40.842207715731774	39.10201651683552
0.0	Hupehsuchus	76.1779529967704	59.31382171859797
0.0	Hwiccewyrm	59.7792453947853	54.23204620866874
0.0	Hyloidichnus	80.09379542155324	77.05857024099645
0.0	Hyperodapedon_Temperate_S	62.05802544636932	32.986762411737196
0.0	Hyperodapedon_Tropical_N	62.66466292715006	54.83568423204676
0.0	Hypselorhachis	71.39444128967457	70.60120325616624
0.0	Hypsognathus_Temperate_N	27.054477306949224	26.225427736300254
0.0	Hypsognathus_Tropical_N	61.57041921981743	29.98240968042168
0.0	Hypuronector	46.764899914430025	31.96513382852823
0.0	Icarosaurus	42.739850536404106	41.19627677017935
0.0	Ichthyosaurus_Temperate_N	33.97850999697117	24.258239529817025
0.0	Ichthyosaurus_Tropical_N	51.62447134637696	33.182710670286205
0.0	Ichthyotitan	33.152791201793896	32.329678622431835
0.0	Idiosaura	59.018128959287054	57.320391148633995
0.0	Ignotosaurus	59.927105240636095	58.34698205304583
0.0	Incertovenator	57.67345815605439	56.019255183602844
0.0	Ingentia	50.29008168525623	48.34594844161456
0.0	Isfjordosaurus	72.70484763733889	72.28143664057845
0.0	Ixalerpeton	62.37553536537012	31.83301784006561
0.0	Jaklapallisaurus	48.07039584786729	46.3237463598872
0.0	Jaxtasuchus	65.15224522760089	61.601658545984954
0.0	Jesairosaurus	70.80340094467977	70.01631545692081
0.0	Jingshanosaurus	26.650490975878125	24.617420781174687
0.0	Jushatyria	72.17110926165459	71.46098876948653
0.0	Kadimakara	76.8476204664594	76.24599966391206
0.0	Kalisuchus	76.90118216618015	76.6612622989643
0.0	Kapes_Temperate_N	76.39809778611227	70.04833630754534
0.0	Kapes_Tropical_N	72.40498716445583	69.3439192340374
0.0	Kayentapus_Temperate_N	26.588390399552168	24.27178565088625
0.0	Kayentapus_Tropical_N	53.14334432070673	25.53267959450465
0.0	Keichousaurus	75.76252770540411	60.97152932206429
0.0	Kholumolumo	52.94438095128949	32.16767860446954
0.0	Kinelia	82.16472804843865	82.05777013385789
0.0	Kintneria	52.29966371213404	35.73949639006106
0.0	Kitchingnathus	72.49358385008102	72.0571906442854
0.0	Kocurypelta	37.31005611814405	35.54518301085989
0.0	Koiloskiosaurus	71.27286903346196	70.4756633622
0.0	Komlosaurus	26.62589103173538	24.386747204611464
0.0	Krzyzanowskisaurus	57.807050966485036	39.54662226358483
0.0	Kudnu	76.96142279744103	76.07375614480469
0.0	Kuehneosaurus	60.72725215080335	30.22504109219641
0.0	Kuehneosuchus	31.879293253815977	31.058821183020093
0.0	Kuruxuchampsa	53.06642610716372	51.886292046946636
0.0	Kwangsisaurus	74.97502364572422	73.62461652242011
0.0	Labidosaurikos	107.9815076370646	97.91876501755647
0.0	Labidosauriscus	116.14689467719683	105.30925014730636
0.0	Labidosaurus	108.54385839298261	97.85013082300941
0.0	Lagerpeton	67.5588237392062	60.21997906033915
0.0	Lanceirosphenodon	49.803947723998085	47.9082744541525
0.0	Langeronyx	72.47212341379212	67.363300929699
0.0	Langobardisaurus	42.45201681643773	32.3750048286931
0.0	Lanthaniscus	98.92524352920951	89.4748315825288
0.0	Lanthanolania	93.8794808618549	93.16696008944875
0.0	Lanthanosuchus	85.31079370654462	84.92017490766901
0.0	Laquintasaura	26.25207337305706	25.38633606188107
0.0	Largocephalosaurus	69.8143239479925	68.95982476572081
0.0	Lariosaurus	75.02064367810428	61.0110911635061
0.0	Lasasaurus	74.50536654455637	74.08383355030901
0.0	Lavinipes	25.428274810451775	24.216107466338002
0.0	Lepidus	53.04109309480499	50.88144566215661
0.0	Leptonectes	26.841804562089557	25.400470546088307
0.0	Leptosuchus	51.87534819112077	33.48121787326327
0.0	Lessemsaurus_Temperate_S	53.043760702154636	33.34468357058583
0.0	Lewisuchus	66.07447338396831	55.21926446113616
0.0	Libognathus	34.84861855852072	32.93661394367505
0.0	Liliensternus	52.61916040585541	31.44894331469586
0.0	Lindwurmia	26.18579337671682	25.334476944185926
0.0	Litorosuchus	64.14566914600705	63.539920301247804
0.0	Lophostropheus	32.537763426128485	31.755245179716116
0.0	Lotosaurus	72.38057786330424	67.01045278852021
0.0	Lucasuchus	60.1761270088403	53.621302991077165
0.0	Lucianosaurus	49.53031508122797	47.696822980229854
0.0	Lucianovenator	41.515541227411475	39.74271336134145
0.0	Lufengosaurus	26.498497257927244	24.090774935510105
0.0	Lukousaurus	26.211366082678143	25.015523375824607
0.0	Luopingosaurus	69.37740662942754	68.64505840168731
0.0	Luperosuchus	65.09266651377722	64.35786206608468
0.0	Macgowania	44.62576347762723	33.90831685540045
0.0	Machaeroprosopus	52.65102303138529	26.20803408372742
0.0	Macrocnemus	72.18324144312554	61.62841497535076
0.0	Macrocollum	44.86227666705896	36.92290458913065
0.0	Macroleter_Temperate_N	97.35485528151679	89.80578061225935
0.0	Macroleter_Tropical_N	90.41364193769618	89.75487672875559
0.0	Macroplacus	32.67495496570076	31.89628495390272
0.0	Macroplata	26.654782654516808	25.78992563273538
0.0	Maehary	53.686205561508096	44.56775911732308
0.0	Majiashanosaurus	72.9683823921579	72.54698102054097
0.0	Malerisaurus	41.42617125916497	34.36210310920208
0.0	Malutinisuchus	63.27577733984728	61.89468706416399
0.0	Mambawakale	68.39155229370091	67.68135543663033
0.0	Mandaphon	67.7550397167931	67.07446600100805
0.0	Mandasuchus	71.48176409728143	66.33599818832323
0.0	Marasuchus	67.75285215007503	59.945187693088734
0.0	Marcianosuchus	71.76686846740066	70.95393849907472
0.0	Massospondylus	61.63063316032578	60.364841464023364
0.0	Mbiresaurus	62.163712730517936	55.38376195062927
0.0	Megachirella	68.73819127790195	68.02820120152303
0.0	Megalancosaurus	43.2363632295979	33.72811635532042
0.0	Megalosauripus	26.412510540241314	25.538589451749715
0.0	Megalosaurus	27.81495893365542	26.998125247005007
0.0	Megapnosaurus	25.49726909954074	24.67710439070223
0.0	Mehliella	56.62543737518031	54.98562117679192
0.0	Melanorosaurus	52.96942739652204	50.89508333386697
0.0	Merriamosaurus	74.053564670386	73.62140517069496
0.0	Mesodapedon	70.31754114298046	69.5561940549196
0.0	Mesosaurus_Antarctic	116.18628157584644	105.64341341834896
0.0	Mesosaurus_Temperate_S	115.56100993613332	108.26295489356835
0.0	Mesosuchus	72.01318670704573	66.76065416897403
0.0	Metamosaurus	109.79276977759315	109.51277250412203
0.0	Metashastasaurus	48.14871451895154	34.129930765757216
0.0	Microcnemus_Temperate_N	76.7817410289194	72.3970289626127
0.0	Microleter	114.7432590642417	114.21364893761118
0.0	Micromenodon	58.91086444510937	57.31425800924213
0.0	Microsphenodon	48.35136618974656	31.928011128734127
0.0	Mikadocephalus_Temperate_N	63.8020130644384	63.176430416152726
0.0	Mikadocephalus_Tropical_N	71.05475083075468	70.26712026922556
0.0	Milleretta	85.5869774993905	77.4782623702133
0.0	Millerinoides	84.40361500458117	84.23504828136718
0.0	Milleropsis	84.64534617850458	76.67219086266802
0.0	Millerosaurus	81.13471473318823	78.11265027648463
0.0	Miodentosaurus	60.028450310302425	55.77270839152776
0.0	Mixosaurus	72.25302303821441	60.41321193349266
0.0	Moradisaurus	80.96686386394758	76.42489593986957
0.0	Mystriosuchus_Temperate_N	53.09627313171752	24.09930994608028
0.0	Mystriosuchus_Tropical_N	44.0537723626533	33.66607214358735
0.0	Nambalia	51.19076352277193	32.42361914180514
0.0	Nanchangosaurus	73.97814981223482	61.94474781893027
0.0	Nanoparia	82.76100621297061	79.93379360707078
0.0	Neoaetosauroides	53.49479242871563	32.89424828939042
0.0	Neoprocolophon	72.04306939583978	71.26977129639775
0.0	Neusticosaurus	72.28421870293808	62.38323155335225
0.0	Nhandumirim	47.166174346130035	32.59578595689651
0.0	Nicrosaurus_Temperate_N	50.317303234504024	34.01599057342185
0.0	Nicrosaurus_Tropical_N	51.02737319399627	48.90179908768658
0.0	Nochelesaurus	87.8221460508873	85.58464006776286
0.0	Notatesseraeraptor	43.40977170606779	41.62233943358015
0.0	Noteosuchus	76.66881087214219	76.33426005123177
0.0	Nothosaurus_Temperate_N	72.06233528249514	26.77821643159675
0.0	Nothosaurus_Tropical_N	70.0409391531234	61.91171183472539
0.0	Nothosaurus_Tropical_S	75.3732348262835	64.17720830761722
0.0	Nundasuchus	72.04442535475914	71.25548193545373
0.0	Nyasasaurus	71.54946229828984	67.79139999823019
0.0	Nycteroleter	100.56957904348576	92.51122999159868
0.0	Nyctiboetus	107.27110199129001	91.0972856039664
0.0	Nyctiphruretus	101.02559302859261	82.87772611584198
0.0	Obirkovia	85.32848931699624	82.69675544170582
0.0	Odontochelys	59.211168620604205	53.6787583936569
0.0	Omphalosaurus_Temperate_N	73.08536066937677	62.16869654410946
0.0	Omphalosaurus_Tropical_N	73.59111180570163	62.67336575723173
0.0	Opisthodontosaurus	115.75190619002876	108.05655457958348
0.0	Orenburgia	75.91517532941141	72.78738727602469
0.0	Orovenator	112.98348898212203	108.0990261342685
0.0	Oryctorhynchus	59.43281953550035	50.85173529722806
0.0	Oryporan	75.54384681276996	73.85698249584914
0.0	Osmolskina	73.03521339076305	72.60771207963148
0.0	Otozoum	42.02220614087744	40.20672666631591
0.0	Owenetta	84.35623737957016	74.75939403073089
0.0	Ozimek	56.89295225874457	49.62460146344451
0.0	Pachypes	78.19757919469565	78.09374394071898
0.0	Pachypleurosaurus	67.16569206597285	62.41521330638599
0.0	Pachystropheus	34.434668445709846	26.487299634394937
0.0	Palacrodon_Temperate_S	74.82547444623071	69.78742761007622
0.0	Palacrodon_Tropical_N	46.460530968723006	32.95240583181946
0.0	Palaeagama	77.25227893913014	77.03359526008475
0.0	Palaeochersis	53.93630793332319	39.65402396159505
0.0	Palaeosaurus	53.65462865018342	52.33391312918134
0.0	Palatodonta	70.95480514595788	70.20070172560952
0.0	Paleollanosaurus_Temperate_N	27.5823712987569	26.737927674223446
0.0	Paleollanosaurus_Tropical_S	39.71944213020066	38.011525004093166
0.0	Paliguana	72.5483406221061	72.11323581903284
0.0	Pamelaria	72.56908788447882	66.70877915937481
0.0	Pamelina	74.3112055577457	73.88569112099604
0.0	Pampadromaeus	61.1244184209024	32.6490452251334
0.0	Panguraptor	25.860461395057797	24.977314343480025
0.0	Panphagia	60.07899706577356	58.50458864441283
0.0	Pantydraco	58.6606147632663	56.99270646389672
0.0	Panzhousaurus	69.19049199917741	68.46763438165195
0.0	Pappochelys	63.53141087600565	62.84388243527513
0.0	Parabrontopodus_Temperate_N	25.967646898477135	24.371325913982115
0.0	Parahupehsuchus	73.03566224827911	72.62227728511974
0.0	Paralonectes	75.77452713250094	67.45963611787691
0.0	Paraplacodus	72.37688722530444	65.22521056595122
0.0	Pararcus	69.73263792837842	68.99709061033447
0.0	Parasaurus	85.19486207456475	79.44001863598444
0.0	Parasuchus_Temperate_N	75.7643190019865	53.828861746082
0.0	Parasuchus_Temperate_S	62.43850929322062	50.471152275660494
0.0	Parasuchus_Tropical_N	61.575313239095216	38.17147837802927
0.0	Parasuchus_Tropical_S	54.36176367602595	33.56045992541943
0.0	Paratypothorax_Temperate_N	50.816110032814635	32.093568822821254
0.0	Paratypothorax_Tropical_N	53.28754107773903	34.027072548913054
0.0	Paratypothorax_Tropical_S	50.18965032653748	48.181875297267545
0.0	Pareiasaurus	89.34229369645607	76.44863611729961
0.0	Pareiasuchus	88.84664008749543	78.85904378569099
0.0	Parringtonia	67.63599371218358	66.97108065924657
0.0	Partanosaurus	65.88913936176598	65.25782673418294
0.0	Parvinatator	73.44910791961301	73.0256916442215
0.0	Parvosuchus	62.991475924304304	62.20295143664967
0.0	Pectodens	69.30466115061164	68.56660084749716
0.0	Pelecymala	61.60256856054543	53.5461618220021
0.0	Pendraig	55.33271971324069	53.741710193158916
0.0	Pentaedrusaurus	72.0264966886935	71.25316329254592
0.0	Permotriturus	86.56547810916828	86.12803909279393
0.0	Pessopteryx	72.47757557812726	71.73446516919832
0.0	Peteinosaurus	43.02115471142316	38.0881492797994
0.0	Phaanthosaurus	76.94756941124358	76.0254179280532
0.0	Phalarodon_Temperate_N	76.49821995205016	65.47998149241621
0.0	Phalarodon_Tropical_N	70.73193677503096	64.13780017877929
0.0	Phantomosaurus	70.5114355190465	69.76777484761993
0.0	Phonodus	76.70545198128892	76.38140801126542
0.0	Pisanosaurus	56.30213072032248	54.74024771771809
0.0	Pistosaurus	72.39071334147737	65.59529220617412
0.0	Placochelys	62.85575589254477	32.078907337562114
0.0	Placodus_Temperate_N	72.29503128400424	63.57660628128014
0.0	Placodus_Tropical_N	70.4414569992795	68.45104114460295
0.0	Placodus_Tropical_S	75.61014402595902	64.59181844099105
0.0	Planocephalosaurus_Temperate_N	61.824729445837846	28.700289194017277
0.0	Planocephalosaurus_Tropical_S	39.691033360259745	37.8680466458823
0.0	Plateosauravus	48.66471050888819	32.426815897785374
0.0	Plateosaurus_Temperate_N	52.748911938958486	25.36750992515498
0.0	Plateosaurus_Temperate_S	50.160094329213464	32.59880585475446
0.0	Platypterna	53.6170153410013	24.210302813369715
0.0	Plectropterna	26.754332916637797	24.05656473412716
0.0	Plesiornis	25.400212634296004	24.5372975300989
0.0	Plesiosaurus	33.892898528867974	24.123740654749188
0.0	Polesinesuchus	54.66546001998248	53.24262932787458
0.0	Polonosuchus	53.281208223405	52.053482845250066
0.0	Polymorphodon	64.19524067313812	63.513944206016596
0.0	Poposaurus	57.849608947539224	26.367581233571226
0.0	Postosuchus	54.351020605758784	27.794701119775915
0.0	Powellvenator	50.31650007547963	48.4760472852812
0.0	Pravusuchus	36.34424144129538	34.548763216776784
0.0	Preondactylus	42.62827193236206	31.929075871273064
0.0	Prestosuchus	66.85225012825657	57.300837542556685
0.0	Procerosuchus	67.05665747054765	66.37684735062852
0.0	Procolina	75.05146907526593	74.62613619768462
0.0	Procolophon	76.8807133432015	72.06505186718687
0.0	Procolophonichnium_Temperate_N	71.84149649792619	68.35764795648556
0.0	Procolophonichnium_Temperate_S	73.46881304571089	73.04065018370446
0.0	Procompsognathus	39.29986086738316	37.67793250286548
0.0	Proganochelys_Temperate_N	53.196247743965074	31.41217551318096
0.0	Proganochelys_Tropical_N	45.3820399079237	43.461748784869236
0.0	Prolacerta	76.6147996989305	71.8415073289024
0.0	Prolacertoides	76.48550477239974	76.12093131060179
0.0	Prosantosaurus	66.02793629891966	65.40174164555359
0.0	Prosaurosphargis	72.70516996399398	72.27814247507308
0.0	Protanystropheus	70.9893856578559	69.87149563505334
0.0	Protecovasaurus	53.95175443702391	37.440812673232756
0.0	Protenodontosaurus	59.906372928742655	58.27524769874058
0.0	Proteosaurus	25.01297755663843	24.0989372312339
0.0	Proterochampsa	54.60175271835933	53.18275836543572
0.0	Proterochersis	51.53673937620683	32.19966037204731
0.0	Proterosuchus_Temperate_N	76.7834561431802	76.46607288757939
0.0	Proterosuchus_Temperate_S	76.80281318635498	72.33792136972764
0.0	Protoavis	54.22838365154176	32.22114322148884
0.0	Protocaptorhinus	112.11523504788877	109.92765904210843
0.0	Protoichthyosaurus	26.7933648747331	25.928684602291675
0.0	Protome	44.55785860672379	42.7677412247931
0.0	Protorosaurus	84.42274587879	79.01498150308456
0.0	Protorothyris	124.34816919558152	118.05399457402554
0.0	Protosuchus	29.936810148109366	24.505543566761492
0.0	Provelosaurus	92.51496796050338	87.68131953808687
0.0	Psephochelys	56.14391686241237	54.55667519339035
0.0	Psephoderma_Temperate_N	32.69426071024447	26.391296779518687
0.0	Psephoderma_Tropical_N	43.037098171632266	38.36227812869805
0.0	Psephoderma_Tropical_S	69.45096028894174	67.62228022988202
0.0	Psephosauriscus	70.0108657298574	61.57807640424396
0.0	Psephosaurus_Temperate_N	62.83586965283689	61.94152479779707
0.0	Psephosaurus_Tropical_S	72.15014837720891	66.36173095717756
0.0	Pseudhesperosuchus	47.192786293223556	45.571686490514544
0.0	Pseudochampsa	53.45827748024408	52.21067509519651
0.0	Pseudotetrasauropus_Temperate_N	40.83726425354818	39.18524219533337
0.0	Pseudotetrasauropus_Tropical_N	50.916365699933586	26.852078537519684
0.0	Pterodactylus	26.53030633185787	25.6783025853049
0.0	Pumiliopareia	80.55334359802487	80.44553307873107
0.0	Qianichthyosaurus	63.26807761504877	53.31446687700231
0.0	Qianosuchus	69.83990253918039	68.51359133269798
0.0	Qianxisaurus	64.85886785912537	64.26107579942821
0.0	Quasianosteosaurus	72.47058989312198	72.03877360003214
0.0	Raeticodactylus	38.620551623793304	36.943653302414226
0.0	Rautiania	89.44915581430041	86.887367272287
0.0	Redondasuchus	52.8946001915644	32.04501148389883
0.0	Redondavenator	39.41129343148891	37.722759559059234
0.0	Revueltosaurus	60.37467844155561	32.97151282255997
0.0	Rhaeticosaurus	30.061109546540045	29.208166403643503
0.0	Rhipaeosaurus	91.33700009844834	84.2435551862577
0.0	Rhomaleosaurus	30.10213536077465	25.408457900705656
0.0	Rhombopholis	72.28178793613642	67.77619207794602
0.0	Rioarribasuchus	52.73024683225416	35.096109129309745
0.0	Riojasaurus	50.21805501556821	32.297003583689516
0.0	Riojasuchus	40.388719607907035	38.65772173760597
0.0	Romeria	122.78509986038053	121.92875720030915
0.0	Rothianiscus	95.99157017989882	89.65411162448888
0.0	Rotodactylus	49.287339776029036	47.57753974793113
0.0	Ruehleia	41.88578416703999	32.314627291287586
0.0	Rugarhynchos	49.77683720621859	47.9626594027595
0.0	Ruhuhuaria	69.78018130279038	69.04229053102414
0.0	Rutiodon	61.865689697355	32.79362145539328
0.0	Sacisaurus	47.40393883624769	45.7076364267455
0.0	Saltoposuchus	44.07871914064083	32.85698830712373
0.0	Sanchiaosaurus	67.48454828657098	66.84155848958463
0.0	Sanchuansaurus	78.90238715997086	78.79373843559002
0.0	Sanjuansaurus	55.892151723722264	54.26815011898882
0.0	Santaisaurus	76.73508304251939	75.99482133466636
0.0	Sarcosaurus	26.171724031354646	25.29421854690855
0.0	Sarmatosuchus	71.17530714836661	70.39356500077864
0.0	Saturnalia	60.533828967211825	44.71740830090377
0.0	Saurischichnus	51.3910080363734	33.771229783534736
0.0	Saurodektes	76.94680217872528	75.84912555330376
0.0	Sauropareion	75.85363359355439	71.67540713869816
0.0	Sauropus	24.974032976303267	24.110580800535057
0.0	Saurorictus	79.7490644593105	79.64097463523329
0.0	Saurosternon	77.5932113237485	77.48441715781748
0.0	Saurosuchus	61.86436524538858	60.718806720288825
0.0	Scelidosaurus	26.62305077837996	25.763423693533124
0.0	Scharschengia	72.78700534445709	72.35623867882491
0.0	Schleitheimia	48.626167811224555	46.95135972831913
0.0	Sclerocormus	73.43674495335229	73.00945799587059
0.0	Sclerosaurus	72.08005240776407	69.09234836750207
0.0	Sclerostropheus	41.60379979672788	39.81163622542185
0.0	Scoloparia_Temperate_N	34.17507202838801	32.595580059152084
0.0	Scoloparia_Tropical_N	56.96067403728858	53.24861831948952
0.0	Scolotosuchus	73.24287064498668	72.82366371654425
0.0	Scutarx	52.25507367788318	32.74529411228062
0.0	Scutosaurus	90.11458388709666	82.40394396668928
0.0	Scythosuchus	75.23170160562402	74.79975357570046
0.0	Seazzadactylus	47.935519026895605	46.329651815621716
0.0	Selenichnus	25.012505886565755	24.10812203692598
0.0	Serpianosaurus	72.1226199436245	61.79988942496353
0.0	Shansisuchus	72.38332904351394	66.89788184858365
0.0	Shastasaurus_Temperate_N	39.588138122663025	38.04004532890896
0.0	Shastasaurus_Tropical_S	61.391317315709216	52.32038021940287
0.0	Shihtienfenia	79.01071470941848	76.47078405612876
0.0	Shonisaurus_Temperate_N	57.80220583511362	29.863487429644014
0.0	Shonisaurus_Tropical_N	52.29321211250632	39.035564251379924
0.0	Shringasaurus	71.26584512242285	66.78636623688655
0.0	Shuangbaisaurus	25.71942157487889	24.837043195884014
0.0	Shuvosaurus	52.35489941297473	26.368668182832028
0.0	Sigmala	61.483416095349035	53.397077194583844
0.0	Sikannisuchus	54.00075519943339	36.60052408650992
0.0	Silesaurus	53.05622271373446	51.89855563635967
0.0	Sillosuchus	60.66965105621105	59.21513691670939
0.0	Simosaurus_Temperate_N	67.8727128035161	28.171989709450994
0.0	Simosaurus_Tropical_S	69.0288259305412	68.2934071748913
0.0	Sinocyamodus	55.003261111990255	53.530555478241126
0.0	Sinosaurosphargis	70.14468146370544	68.86944041207595
0.0	Sinosaurus	26.57020425984529	24.367923979177842
0.0	Skybalonyx	45.01245288195244	43.286711671675945
0.0	Smilodonterpeton	32.26920801254118	31.458175430360487
0.0	Smilosuchus	57.10428321320598	33.17187584660305
0.0	Sophineta	75.86603789462241	75.4563760657307
0.0	Soturnia	47.88340689484147	34.733541094110365
0.0	Soumyasaurus	35.131028839683594	33.267757541151276
0.0	Sphenotitan	53.76905267975922	34.37033629334706
0.0	Sphodrosaurus	48.32868811390215	46.38564082201688
0.0	Spinosuchus	63.58001483725568	39.634302682168084
0.0	Spondylolestes	83.35442364506957	77.12172926667581
0.0	Spondylosoma	65.05227368086658	62.79084370724438
0.0	Stagonolepis_Temperate_N	55.94910274336983	54.00907374453091
0.0	Stagonolepis_Tropical_N	51.71259329452336	32.13968499905999
0.0	Stagonolepis_Tropical_S	43.50629426635707	41.56870036409164
0.0	Stagonosuchus	71.42788456354263	67.01107593887826
0.0	Staurikosaurus	56.975554787094254	55.26899863264027
0.0	Stauromatodon	64.49016536781907	63.90007106022393
0.0	Stegomus	47.325726580358406	34.59290852841048
0.0	Stenaulorhynchus	69.68968374233471	67.14393807511496
0.0	Stenomyti	53.044873147645724	50.95089760460393
0.0	Stenoscelida	43.757346582014506	41.809205683967676
0.0	Stereosternum_Antarctic	115.69541203144396	114.86230423297783
0.0	Stereosternum_Temperate_S	115.69264960981222	107.67376544804358
0.0	Styracocephalus	87.28042122738665	84.2587266240494
0.0	Syntarsus	28.19428486791405	27.366013550683455
0.0	Syntomiprosopus	44.38787120779159	42.53607586048197
0.0	Tachiraptor	26.569918486508598	25.67646615336047
0.0	Tanaisosaurus	73.53374469675978	73.11161693749688
0.0	Tanystropheus_Temperate_N	70.53276894357732	29.9551456221755
0.0	Tanystropheus_Tropical_N	71.00496495928259	63.704533958479836
0.0	Tanystropheus_Tropical_S	69.89935188156572	66.7422633954325
0.0	Tanytrachelos	52.85445407874297	32.82629627257464
0.0	Tarjadia	63.71998435571334	62.05258863477949
0.0	Tarsodactylus	25.35045330457776	24.47977162193292
0.0	Tasmaniosaurus	76.69705710818236	76.07732743489179
0.0	Tawa	52.41626967345539	33.38526224108526
0.0	Taytalura	53.057973750292334	51.85744310873119
0.0	Technosaurus	39.277761776327395	37.601768250060694
0.0	Tecovasaurus	52.49018719618627	33.64968010625824
0.0	Tecovasuchus	53.39128201478381	35.481778428897776
0.0	Teleocrater	72.47125041541922	66.01562714870387
0.0	Temnodontosaurus	26.947719936410078	25.5252603231637
0.0	Teraterpeton	54.045347040460406	52.316373431858864
0.0	Teratophon	72.13954135627118	66.44766231700115
0.0	Teratosaurus_Temperate_N	69.64897475407503	37.38747440430426
0.0	Teratosaurus_Temperate_S	75.41481010045031	74.99467387382542
0.0	Termatosaurus	31.720855892196063	26.125472963709445
0.0	Terrestrisuchus	61.258439143016695	52.7140296245516
0.0	Tetrasauropus_Temperate_N	51.73652630915808	49.50046123092316
0.0	Tetrasauropus_Temperate_S	71.94138320203592	62.957054117590786
0.0	Teyujagua	74.78359815199634	74.35756053381535
0.0	Teyumbaita	52.3388363807772	32.33304854008629
0.0	Thadeosaurus	83.10007423486181	82.99386823847647
0.0	Thaisaurus	72.87163535185113	72.44296237672775
0.0	Thalassiodracon	33.16801771582493	24.113907048753227
0.0	Thalattoarchon	69.29127478139301	68.56838121300545
0.0	Thalattosaurus	71.64093055820723	59.51414720550855
0.0	Thecodontosaurus	71.31043823958183	25.57920339211085
0.0	Theledectes	67.74757218241417	67.07760121061564
0.0	Thelephon	71.29597036691408	70.47661378519985
0.0	Thelerpeton	71.59628147021799	67.79808948272031
0.0	Tholodus_Temperate_N	70.30018615771255	67.05295134139898
0.0	Tholodus_Tropical_N	72.2234249997902	71.65161052505137
0.0	Thuringothyris	115.28074945849843	105.9767120150714
0.0	Tichvinskia	75.69904527790696	72.38233709410297
0.0	Ticinosuchus	72.36184100093413	70.95900467377794
0.0	Tikisuchus	58.813364188381364	57.17899414203831
0.0	Timanophon	75.5274399814924	72.3258777144357
0.0	Toretocnemus	59.92856192783047	53.69454898196778
0.0	Trachelosaurus	71.4059436165997	70.61632072911915
0.0	Trialestes	60.82849123120886	53.37521663425893
0.0	Tricuspisaurus	27.300952572954202	26.44243761208247
0.0	Trihamus	26.138690894810576	25.322322160747373
0.0	Trilophosaurus	56.326332807877925	32.78153874402447
0.0	Tropidosuchus	67.29370953446781	60.887792375930566
0.0	Tuebingosaurus	47.251364266187586	45.411407924032474
0.0	Turfanosuchus	70.64344759681568	69.8729656849055
0.0	Typothorax	52.6346589843102	27.238553014448808
0.0	Uatchitodon	57.47658633865341	33.51096968107115
0.0	Unaysaurus	53.98309028107237	40.01405785861029
0.0	Unguinychus	37.68277330529169	36.028974351209726
0.0	Uralosaurus	71.77623636106964	68.67852592822138
0.0	Utatsusaurus	75.78438953132519	72.86395335499125
0.0	Vallesaurus	42.70373772050095	35.706425728165314
0.0	Vancleavea	60.89027027335334	26.021560446097435
0.0	Variodens	32.09994811999485	25.884067430898572
0.0	Vellbergia	63.59515209624724	62.974864833008354
0.0	Velocipes	51.609260168943614	49.26745775115701
0.0	Venaticosuchus	58.301228865937546	56.626852300700335
0.0	Venetoraptor	59.328629087528526	32.21095521042134
0.0	Vinitasaura	60.35811212106216	58.82956672664022
0.0	Vivaron	42.323862923194284	32.497106479928604
0.0	Vjushkovisaurus	70.87747221572056	66.14571065391715
0.0	Volcanosuchus	60.21675485997166	58.65624321285153
0.0	Vonhuenia	76.58316821862462	76.2325416430614
0.0	Vritramimosaurus	76.03765958541042	75.63220906964236
0.0	Vytshegdosuchus	73.37005295898054	72.93896808964716
0.0	Wahlisaurus	25.876478028655175	25.019028771602407
0.0	Waluchelys	41.48205300253833	39.79854314162378
0.0	Wangosaurus	64.83463898822767	60.35496049223008
0.0	Wannia	47.20712801993277	38.00258402932744
0.0	Wapitisaurus	74.57559053718836	74.14399933987278
0.0	Weigeltisaurus	83.49529826128736	78.64334300442073
0.0	Whitakersaurus	32.6796059768426	31.889256962179942
0.0	Wimanius	64.8533213112749	64.2435178733924
0.0	Wumengosaurus	71.09617382399001	67.15419337443893
0.0	Xenodiphyodon	54.50277839144312	53.110483828166096
0.0	Xilousuchus	71.37564256287571	70.58281676958629
0.0	Xingxiulong	25.874229095152163	24.991659162053544
0.0	Xinminosaurus	69.19950343801324	68.49949534206897
0.0	Xinpusaurus	64.11471448338465	51.77393968592773
0.0	Xiphopeza	26.617967960350448	25.760679676178825
0.0	Yarasuchus	69.27619051010784	67.29663423950957
0.0	Yelaphomte	42.27568375519998	40.50797833175272
0.0	Yimenosaurus	26.50455265100482	24.184701912104234
0.0	Youngetta	74.9845516258276	74.56250779135513
0.0	Youngina	85.75061187127615	76.22500946195767
0.0	Youngosuchus	69.72935422303586	69.00601333648619
0.0	Yunguisaurus	67.54477645703074	60.83238968243494
0.0	Yunnanosaurus	26.491346426003698	24.00759711974605
0.0	Zanclodon	67.65138697408592	26.374657215152926
0.0	Zhongjiania	85.72099817296375	79.80533020911658
0.0	Zupaysaurus	35.20582113249674	33.30681140334063
