clade	species	ts	te
0.0	Abyssomedon	108.7937684869948	107.89930343088996
0.0	Acadiella	55.355167663450345	53.93937394404483
0.0	Acaenasuchus	52.92733002302163	33.18056184255282
0.0	Acallosuchus	46.716769078547834	44.96046751918531
0.0	Acerosodontosaurus	84.17552159975259	84.06365540388138
0.0	Acleistorhinus	102.17347252657972	101.0220057998643
0.0	Acrodenta	84.68934595698595	84.38527129449069
0.0	Actiosaurus	30.173039221445435	29.328065290199007
0.0	Adamanasuchus	52.98672199691799	50.743018506654536
0.0	Adelosaurus	80.38169051375979	80.2767647228009
0.0	Aenigmasaurus	75.0435543599902	74.62083219830934
0.0	Aenigmaspina	59.47704677807988	57.8723035460138
0.0	Aenigmastropheus	84.05726919310447	83.95066486147859
0.0	Aetosauroides	61.61149432080353	35.196497306339374
0.0	Aetosaurus	52.00796573501188	32.99065881137541
0.0	Agkistrognathus	75.20667404711065	74.78713325048241
0.0	Agnosphitys	59.42818524231913	57.84876594986412
0.0	Alexeyisaurus	42.397432999616214	40.807224158461395
0.0	Alwalkeria	62.07618493231277	61.08890333575014
0.0	Amanasaurus	54.68825459838296	32.52059791549765
0.0	Ammorhynchus	72.42055045687496	69.22611419394033
0.0	Ammosaurus	26.48147026462988	24.287182488400916
0.0	Amotosaurus	72.25932367472576	66.78320652532388
0.0	Anarosaurus	72.15730238967392	67.7286120951377
0.0	Anchisauripus_Temperate_N	51.22420540549187	23.103341297146905
0.0	Anchisauripus_Tropical_N	51.969025411486086	24.35707934523075
0.0	Ancistronychus	51.040779985588514	48.92593301933167
0.0	Angistorhinus	62.69508991173531	32.676531703828715
0.0	Anisodontosaurus	71.83306984055434	64.89602564370759
0.0	Anomoepus_Temperate_N	26.559585300998705	24.300232363856612
0.0	Anomoepus_Tropical_N	49.03075975656182	23.906951540745304
0.0	Anomoiodon	72.16058145358528	66.37809860628101
0.0	Anshunsaurus	64.04100218914311	53.50064370676402
0.0	Anthodon	84.2511309610337	78.83389995929012
0.0	Anticheiropus	25.707416852390672	24.842139537724073
0.0	Apachesuchus	35.44555841152138	33.78547158184643
0.0	Apatopus_Temperate_N	58.06289128836536	56.46500403201743
0.0	Apatopus_Tropical_N	52.865727387627636	26.146974250428162
0.0	Apatopus_Tropical_S	55.937447344087474	54.42428694526721
0.0	Apatosuchus	39.4049269972601	37.91365316896599
0.0	Aphelosaurus	122.65530423186384	121.47703133107296
0.0	Araeoscelis	116.06534869327025	96.73666999972443
0.0	Archeopelta	66.98390131870146	66.29713665467884
0.0	Archosaurus	85.47155132998033	82.16866855611792
0.0	Arcticodactylus	47.12792801807235	45.46594885202562
0.0	Arganaceras	81.52004276345265	81.41351017516988
0.0	Arganasuchus	62.953635812736536	50.927252488183335
0.0	Argoides	26.693152776812514	24.39750628738377
0.0	Arizonasaurus	72.16809794994825	70.21989354069528
0.0	Asilisaurus	72.16780736056931	66.8431898460031
0.0	Askeptosaurus	71.70655474802402	62.05790670615362
0.0	Asperoris	69.81081915906243	69.06125820817468
0.0	Asylosaurus	33.08784327331338	25.84758561629217
0.0	Atopodentatus	69.89906145278856	69.00536911095325
0.0	Atreipus_Temperate_N	62.166639401914296	61.1116796608019
0.0	Atreipus_Tropical_N	58.69415045368731	35.6408709353522
0.0	Augustaburiania	75.24424184255514	72.23482277008968
0.0	Augustasaurus	67.89025818270699	67.17768931874318
0.0	Australothyris	85.07593268707278	84.71977821207221
0.0	Austriadactylus	38.491777748487735	32.823625360664145
0.0	Austriadraco	34.45575374544812	32.894519149063115
0.0	Avalonnectes	26.66305415189764	25.792418172296113
0.0	Avicranium	30.47430591840082	29.610088322033082
0.0	Azendohsaurus	56.91547115010345	55.310447811726775
0.0	Baeotherates	109.06027239833148	108.25819651478079
0.0	Baisesaurus	73.74808393209952	73.32603274049939
0.0	Barasaurus	84.94292502139626	73.55327107267757
0.0	Barberenasuchus	65.75849082793641	65.10126226433914
0.0	Barracudasauroides	72.03634154626104	67.3270480652269
0.0	Barracudasaurus	72.62059414724395	63.384321204105326
0.0	Barrancapus	48.935447802705035	47.07611798833246
0.0	Bashkyroleter	98.86033090674596	89.3581712538192
0.0	Batrachopus_Temperate_N	72.38768452597009	26.600019502671522
0.0	Batrachopus_Tropical_N	34.40412122496546	24.206153623695183
0.0	Batrachotomus	65.50615025484291	60.17187410193622
0.0	Belebey	94.54949139986556	89.97316074795889
0.0	Benggwigwishingasuchus	72.04271658541684	71.24100502974224
0.0	Bentonyx	71.03914604254278	70.2499224479891
0.0	Bergamodactylus	42.11953030253469	40.67853077250922
0.0	Besanosaurus	69.75449420883653	69.01270550171563
0.0	Blezingeria	72.27983408592118	71.82240106085129
0.0	Blomosaurus	76.46423412248866	76.10048836379292
0.0	Bobosaurus	62.02421317467994	60.960488105288064
0.0	Bolosaurus	123.83386343764148	102.11162557470614
0.0	Boreopricea	75.93941586628438	71.49542312220377
0.0	Brachychirotherium_Temperate_N	59.97165801019323	58.47237407687811
0.0	Brachychirotherium_Tropical_N	57.58050368160295	27.93706281125853
0.0	Brachychirotherium_Tropical_S	56.59259351614297	52.579138535220956
0.0	Bradysaurus	89.5142294903593	84.47968122010442
0.0	Brasinorhynchus	64.87266967277493	60.41496916265685
0.0	Brazilosaurus	116.26066884977114	107.59198472865528
0.0	Bromsgroveia	70.70097709270024	66.38353918583739
0.0	Broomia	88.76598312687965	84.31310880155635
0.0	Bunostegos	77.45591703648968	77.33831582965477
0.0	Buriolestes	59.603102877446524	34.62536662254808
0.0	Bystrowisuchus	75.42701292456934	75.01236593512554
0.0	Callawayia	49.52731859733335	35.37037252259358
0.0	Calyptosuchus	55.19939119036728	32.97889604763805
0.0	Camelotia	29.860836119342707	28.61991416177652
0.0	Camposaurus	48.268512572438894	46.474435414296806
0.0	Candelaria	66.42593483859368	60.472548657601095
0.0	Captorhinikos	107.72555957161042	98.41379922608304
0.0	Captorhinoides	103.61274703637257	98.86873702436657
0.0	Captorhinus_Temperate_S	82.90074323412529	82.79626255969515
0.0	Captorhinus_Tropical_N	116.30689303376012	96.73783167928359
0.0	Captorhinus_Tropical_S	115.64413671866552	102.46843111849124
0.0	Cargninia	42.87392075727943	41.248997972499524
0.0	Carnufex	57.23609319882531	55.54956467387763
0.0	Cartorhynchus	73.29181763932503	72.88265753951359
0.0	Caseosaurus	42.14223546648301	40.588511882427944
0.0	Caviramus	31.41252789869268	30.518113963837497
0.0	Ceresiosaurus	67.40163451393407	62.9235194754436
0.0	Chalishevia	64.93060872579512	62.17048311341434
0.0	Chanaresuchus	65.6840120574793	60.49721460635117
0.0	Chaohusaurus	74.16786265960276	65.40879124190498
0.0	Chasmatosuchus	76.87018107479483	72.07694312460112
0.0	Chelyoposuchus	29.287679857369753	28.44027289560494
0.0	Chinchenia	62.903258893118185	62.020005202168846
0.0	Chindesaurus	53.919482160267805	36.997535334515334
0.0	Chinshakiangosaurus	25.323018966149693	24.447991671759993
0.0	Chirotherium_Temperate_N	56.85314098031469	31.233850473304173
0.0	Chirotherium_Temperate_S	66.83682541516517	64.89798770448915
0.0	Chirotherium_Tropical_N	76.78739045292555	37.81554791959906
0.0	Chromogisaurus	59.86068095527385	58.30752706703491
0.0	Clarazia	68.37893642769102	67.65072519382956
0.0	Claudiosaurus	85.69650010956948	76.56567415414565
0.0	Clevosaurus_Temperate_N	61.06857480649565	24.24411420438333
0.0	Clevosaurus_Temperate_S	53.163515008816596	33.320595095776035
0.0	Coahomasuchus	58.25207682836984	46.86477714888746
0.0	Coartaredens	68.93873342415395	66.55680687071059
0.0	Coburgosuchus	34.49335219528809	32.86526792834531
0.0	Coelodontognathus	74.46684518927155	72.48488092095684
0.0	Coelophysis_Tropical_N	53.097452372984385	24.264372926686246
0.0	Coelophysis_Tropical_S	40.94647674613427	39.38391581545017
0.0	Coelurosauravus_Temperate_N	83.35604039960776	83.2501222545397
0.0	Coelurosauravus_Temperate_S	81.40694431415025	78.13637077823299
0.0	Coelurosaurichnus_Temperate_N	72.68238038163192	26.755197490970236
0.0	Coelurosaurichnus_Tropical_N	72.42950744396231	38.57890621483614
0.0	Coelurosaurichnus_Tropical_S	53.096763100345825	51.18532694445101
0.0	Coletta	74.01642256188276	73.60141119407999
0.0	Collilongus	74.71644410782282	74.30699619021607
0.0	Colobomycter	116.66264521870839	107.21782321048143
0.0	Colobops	46.28111534443192	44.465538684153046
0.0	Coloradisaurus	49.52963226504098	32.12095430304035
0.0	Coloradisuchus	40.369709944194085	38.832038316074105
0.0	Concavispina	54.825576027424475	53.42204267597825
0.0	Contectopalatus	72.17073606295436	71.44349334407775
0.0	Corosaurus	73.58775007346193	72.11964464041714
0.0	Cosesaurus	62.79687142066203	61.92889960497835
0.0	Crosbysaurus	52.5007250919646	35.543485517822596
0.0	Ctenosauriscus	73.6820144803172	73.2721984523269
0.0	Cyamodus	72.35249020663198	55.95444977810998
0.0	Cymatosaurus	72.11425711863095	69.26192507702476
0.0	Cymbospondylus_Temperate_N	70.57409872697562	60.33904205582412
0.0	Cymbospondylus_Tropical_N	73.4381116136979	61.5015121881925
0.0	Czatkowiella	75.35734840255006	74.94806108046797
0.0	Dactylosaurus	72.42519549299813	67.28575162089844
0.0	Daemonosaurus	27.745509792929926	26.89462094465165
0.0	Dagasuchus	54.59082993874056	53.20390926629519
0.0	Dawazisaurus	69.88337190170786	69.14450778277963
0.0	Decuriasuchus	67.49029459834463	61.33653976092273
0.0	Delatorrichnus	25.598874722002936	24.72552837729314
0.0	Delorhynchus	114.55372582179363	106.34917833070415
0.0	Deltadectes	49.927485479780465	28.23688784660202
0.0	Deltavjatia	89.59395058432315	84.64736664668757
0.0	Desmatosuchus	57.66181364235119	38.805425077276205
0.0	Diandongosaurus	69.43279007354397	68.68799218719398
0.0	Diandongosuchus	66.07261935129769	65.42491196006526
0.0	Dianmeisaurus	69.97814819084087	69.16090484376286
0.0	Dianopachysaurus	69.5690878885111	68.8514423529039
0.0	Dimetropus	116.31075878962532	107.55198145032516
0.0	Dimorphodon	26.022629595052855	25.162400117793158
0.0	Dinocephalosaurus	69.76404023676623	68.65205854875622
0.0	Diphydontosaurus_Temperate_N	62.29750877578698	27.08861019821321
0.0	Diphydontosaurus_Tropical_N	40.648478480789954	39.111487732603024
0.0	Diphydontosaurus_Tropical_S	47.80256172176241	46.012219502677816
0.0	Dolabrosaurus	38.05571539151904	36.58262981721182
0.0	Dolerosaurus	54.78495726395064	53.3911140263927
0.0	Dolichobrachium	60.77653525467045	59.27775097673916
0.0	Doliovertebra	69.14091493009019	68.40282234580665
0.0	Dongusuchus	71.04047395254737	66.30315529688791
0.0	Dorosuchus	70.34374194692937	67.29428897277772
0.0	Doswellia	62.7626092387271	32.7889440331267
0.0	Dracoraptor	25.22493514283386	24.34322847775287
0.0	Drepanosaurus_Temperate_N	41.59659607821244	40.11593592727913
0.0	Drepanosaurus_Tropical_N	48.30912638621998	31.758828331647376
0.0	Dromomeron_Temperate_S	40.48092730255065	39.00598508207753
0.0	Dromomeron_Tropical_N	48.21231885347375	26.710820087640087
0.0	Dromomeron_Tropical_S	53.592424834977486	33.551195837649445
0.0	Dyoplax	60.782254120425144	59.38599515828415
0.0	Ebrachosuchus	60.4719777392819	58.98665464141337
0.0	Effigia	32.09719280892517	28.23352486221922
0.0	Efraasia	45.69240291450245	37.23263866654767
0.0	Eifelosaurus	70.20734631424509	69.45341521658828
0.0	Elachistosuchus	33.06480418919791	32.184529274467344
0.0	Elessaurus	75.92147279860949	75.51699510182675
0.0	Elginia	84.09617685151859	77.9652024488988
0.0	Embrithosaurus	89.28411195441083	84.7307887312621
0.0	Emeroleter	90.2866993127902	84.54571565422249
0.0	Endennasaurus	39.787149304340495	38.321555024377254
0.0	Energosuchus	64.72864166619206	61.070657015599664
0.0	Eodromaeus	54.67322360798924	53.315463243078746
0.0	Eohupehsuchus	73.23191757579372	72.81726338954456
0.0	Eohyosaurus	71.7422180971967	66.1519550974391
0.0	Eomurruna	76.89830056849492	76.26368321919243
0.0	Eoplesiosaurus	26.316712595551714	25.431882529197694
0.0	Eoraptor	59.82566283959604	52.16878896040781
0.0	Eorasaurus	88.35479463013965	87.84371580551645
0.0	Eorhynchochelys	57.05703992698636	55.5043041916879
0.0	Eosauropus_Temperate_N	52.32782287925777	42.789309213309714
0.0	Eosauropus_Tropical_N	53.818782737668776	31.68818249221464
0.0	Eretmorhipis	63.525203715121656	62.81259409680523
0.0	Erpetosuchus	51.47596212555856	49.25573342924857
0.0	Erythrosuchus	70.96389255560764	67.02379007704897
0.0	Erythrovenator	55.40732204103333	53.98229908065011
0.0	Eshanosaurus	25.392560509305124	24.546328198857857
0.0	Eubrontes_Temperate_N	52.41958620381005	24.31452642381331
0.0	Eubrontes_Tropical_N	52.27723295750972	24.103713116815
0.0	Eucoelophysis	54.25475359257303	25.601800754429174
0.0	Eudibamus	109.75910172724558	109.44116363091453
0.0	Eudimorphodon	51.53168587666234	25.550385044101297
0.0	Eumetabolodon	74.51059491800575	68.48203292780693
0.0	Eunotosaurus	90.29399513360113	84.50788784921217
0.0	Euparkeria	72.19911517112241	66.964211313403
0.0	Eurhinosaurus	25.286172642049515	24.451653272149183
0.0	Eurycleidus	26.14274738423868	25.238923043032866
0.0	Eusaurosphargis	71.00935507376563	65.55375454953355
0.0	Euscolosuchus	56.19689229059116	54.73620982758397
0.0	Evazoum	56.07876431393166	31.78365653104398
0.0	Fasolasuchus	39.537281583929264	37.99314098463113
0.0	Faxinalipterus	36.92214664626987	32.3008110524159
0.0	Feeserpeton	108.72117678013392	107.86590126728856
0.0	Feralisaurus	72.18486489182273	71.46755775883669
0.0	Fodonyx	72.37488352941456	66.85308424988774
0.0	Fraserosphenodon_Temperate_N	57.56012052690709	55.863418636712744
0.0	Fraserosphenodon_Tropical_S	50.076689293893025	48.186951979982524
0.0	Fraxinisaura	64.85417469957567	64.21884242370179
0.0	Fugusuchus	73.42206668678175	73.00734060553067
0.0	Fuyuansaurus	62.89334153062462	61.95283903416287
0.0	Galesphyrus	82.62902818515397	80.08366054259697
0.0	Gamatavus	67.22178227517905	61.393546460836255
0.0	Gansurhinus	96.55219286423709	80.21521381649066
0.0	Garjainia_Temperate_N	73.96345683152059	72.36390401617638
0.0	Garjainia_Temperate_S	76.38667859693626	71.82771979985164
0.0	Garzapelta	49.64643001786996	47.68334255686408
0.0	Gecatogomphius	100.25477077137717	93.30786679612083
0.0	Gephyrosaurus	29.54503671125595	27.546142781549026
0.0	Glaurung	80.47158874069626	80.36788847002397
0.0	Glyphoderma	65.4704715374892	64.83193513912069
0.0	Gnathovorax	57.41080518960984	34.48980950650956
0.0	Gojirasaurus	36.76173772211485	35.230320390630595
0.0	Gomphiosauridion	61.30290101635249	60.053353993585326
0.0	Gorgetosuchus	53.525954782831676	52.371511512755866
0.0	Gracilisuchus	65.20124911639009	62.16112762489852
0.0	Grallator_Temperate_N	59.96393417663469	23.553396234735757
0.0	Grallator_Temperate_S	55.80209860357369	35.440157885676356
0.0	Grallator_Tropical_N	58.12697156864729	24.23841046236469
0.0	Graoullyodon	33.02990217075101	32.12405730118161
0.0	Gregaripus	53.244669908546285	37.222328553435226
0.0	Gresslyosaurus	53.56495395035637	32.90837141751904
0.0	Grippia	76.15603852112145	73.14180457955594
0.0	Guaibasaurus	52.59798677476747	32.45404399848262
0.0	Gualosuchus	64.39722389343487	62.0090501181743
0.0	Guanlingsaurus	59.247774316090485	50.868217605024654
0.0	Guchengosuchus	69.45575940995326	68.73518031194995
0.0	Guizhouichthyosaurus	65.89628868193745	52.642123371392245
0.0	Gulosaurus	74.43357991299952	73.65061247357755
0.0	Gunakadeit	40.75395952017157	39.27264350917604
0.0	Gwyneddichnium	53.82309851394228	27.760374627772013
0.0	Gyposaurus	26.916181860973875	24.544475715372172
0.0	Halazhaisuchus	69.0163387030737	68.28843382903217
0.0	Haligonia_Temperate_N	35.72172908635365	28.37002276681486
0.0	Haligonia_Tropical_N	59.98630848810147	58.51100496681706
0.0	Hanosaurus	75.4390229066013	75.03521155759135
0.0	Helcura	26.86453917026339	24.62173239464463
0.0	Helveticosaurus	66.80139933414578	66.11056001242419
0.0	Hemilopas	72.73885560270067	66.39391434458352
0.0	Hemiprotosuchus	41.402521511196404	37.72562082381565
0.0	Heptasuchus	56.82424288712576	55.24793066744375
0.0	Herrerasaurus	60.58927205607616	51.56369090387657
0.0	Hescheleria	68.08994254204987	67.37463937062286
0.0	Hesperosuchus	50.04603622500985	27.43663155239093
0.0	Heterodontichnites	61.20717088356968	46.47289084285286
0.0	Heteropelta	71.9212066855767	71.11039902707417
0.0	Himalayasaurus	41.103223773814705	39.57706922624136
0.0	Hispaniasaurus	65.9431979869432	65.29899441390683
0.0	Honghesaurus	69.68960057957094	68.96478737572282
0.0	Horaffia	65.35790268563007	60.98216595009324
0.0	Hovasaurus	84.48618963441079	74.96163782207333
0.0	Howesia	68.95424290203891	66.92473037299763
0.0	Hudsonelpidia	36.73911002980211	35.14909433918522
0.0	Hupehsuchus	75.07044281153819	60.64845828990408
0.0	Hwiccewyrm	62.00545660402062	52.485431244578955
0.0	Hyloidichnus	80.08404475957296	77.0247958077857
0.0	Hyperodapedon_Temperate_S	61.7770981119587	33.087683721943904
0.0	Hyperodapedon_Tropical_N	54.36942884371785	52.31460970943067
0.0	Hypselorhachis	71.30704523679944	70.51434945395803
0.0	Hypsognathus_Temperate_N	27.10564290160549	26.24590246743722
0.0	Hypsognathus_Tropical_N	57.60333116027826	31.665971340271664
0.0	Hypuronector	39.743194248078204	32.71662249366467
0.0	Icarosaurus	43.78985307252783	41.74933328116006
0.0	Ichthyosaurus_Temperate_N	33.636214703580755	24.184642995263598
0.0	Ichthyosaurus_Tropical_N	48.233842028239884	32.10741803734544
0.0	Ichthyotitan	26.92121553535813	26.055915918264393
0.0	Idiosaura	54.28135113034107	52.94876850829372
0.0	Ignotosaurus	58.49639785762628	56.87956135381677
0.0	Incertovenator	61.063657679380746	59.675392225336545
0.0	Ingentia	44.44230936843264	42.42469513363808
0.0	Isfjordosaurus	73.87739124528906	73.45838358683903
0.0	Ixalerpeton	61.156451783836864	40.8219538278848
0.0	Jaklapallisaurus	42.770779878398756	41.17578632134051
0.0	Jaxtasuchus	64.12073118218137	62.07789312521533
0.0	Jesairosaurus	68.6011078837282	67.87185552206736
0.0	Jingshanosaurus	25.408170900488674	24.15530915384902
0.0	Jushatyria	69.79394430057842	69.0569736513023
0.0	Kadimakara	76.82942830714106	76.39287862267126
0.0	Kalisuchus	76.40171043114036	76.02750964925349
0.0	Kapes_Temperate_N	76.49773552079552	67.36679677580524
0.0	Kapes_Tropical_N	69.92400172897057	67.53411522932373
0.0	Kayentapus_Temperate_N	26.513828558246196	24.293328257348822
0.0	Kayentapus_Tropical_N	53.209130200516626	24.489509387099783
0.0	Keichousaurus	73.18115227022214	61.010370860465805
0.0	Kholumolumo	53.65079776895369	33.64968773265571
0.0	Kinelia	83.11717815270647	83.01201524362448
0.0	Kintneria	48.352900103182634	32.37699852570466
0.0	Kitchingnathus	75.33450222967052	74.9160201936551
0.0	Kocurypelta	37.90770534249865	36.422037803006575
0.0	Koiloskiosaurus	70.9105903671575	70.1333805073325
0.0	Komlosaurus	26.685289834661784	24.170957549612158
0.0	Krzyzanowskisaurus	63.19897164585603	36.58027158931469
0.0	Kudnu	76.93263435173209	75.90122365766481
0.0	Kuehneosaurus	60.60142284826915	25.601958514342133
0.0	Kuehneosuchus	31.960656661251413	31.105917536032017
0.0	Kuruxuchampsa	60.736708367493854	59.31743834569074
0.0	Kwangsisaurus	75.5320462195204	72.2127142703307
0.0	Labidosaurikos	108.02038663045282	98.10684826537593
0.0	Labidosauriscus	116.52183871427405	106.92374090203478
0.0	Labidosaurus	107.8234823642453	98.8540288206972
0.0	Lagerpeton	66.79464195435894	60.23518486079086
0.0	Lanceirosphenodon	38.42768761367943	36.99303549338113
0.0	Langeronyx	70.69974919891585	66.09545916158335
0.0	Langobardisaurus	42.91332698167752	32.979132702083824
0.0	Lanthaniscus	93.38525740895811	92.08561138200413
0.0	Lanthanolania	91.91305651040459	90.90194684363193
0.0	Lanthanosuchus	87.99259474339034	87.51699364159606
0.0	Laquintasaura	24.979414296431713	24.1123295885032
0.0	Largocephalosaurus	70.24856266288289	68.69299502761821
0.0	Lariosaurus	74.92014884597864	61.02363294479803
0.0	Lasasaurus	74.48599123579564	74.07581090654395
0.0	Lavinipes	25.981289874129768	24.146277501162114
0.0	Lepidus	35.6462348729384	33.96970690149022
0.0	Leptonectes	26.784474793419616	24.167498623304063
0.0	Leptosuchus	52.598369036240356	33.052740990446885
0.0	Lessemsaurus_Temperate_S	49.493139707819026	33.78955781414907
0.0	Lewisuchus	66.82897737579594	55.52685641795477
0.0	Libognathus	46.459732793411504	44.62800144547562
0.0	Liliensternus	52.728318179618775	30.48489724449395
0.0	Lindwurmia	25.122489499305797	24.252514560596698
0.0	Litorosuchus	67.13968052678807	66.41387721334692
0.0	Lophostropheus	31.767192299305176	30.872027622179885
0.0	Lotosaurus	72.40002787873875	67.23432566800084
0.0	Lucasuchus	60.75019822534347	52.5357746821743
0.0	Lucianosaurus	39.23412057066915	37.752008913512036
0.0	Lucianovenator	47.86079545450775	46.18279460461115
0.0	Lufengosaurus	26.81631085102749	24.359458313538074
0.0	Lukousaurus	25.93160822095564	24.34701406153551
0.0	Luopingosaurus	69.44229353929718	68.70915097477756
0.0	Luperosuchus	67.44820856300623	63.958577546393215
0.0	Macgowania	41.21184852806555	33.102401073253716
0.0	Machaeroprosopus	52.75221343947483	26.41097623106511
0.0	Macrocnemus	72.17288429171774	61.20117094347094
0.0	Macrocollum	48.70650787736881	36.56666721489269
0.0	Macroleter_Temperate_N	96.55326756844488	88.8111206300433
0.0	Macroleter_Tropical_N	97.60478831705244	96.67154995082956
0.0	Macroplacus	32.755595734984006	31.902649842531854
0.0	Macroplata	25.760911528361227	24.90601785361585
0.0	Maehary	49.13047115407401	32.12156783471894
0.0	Majiashanosaurus	72.91897821069168	72.51826248771981
0.0	Malerisaurus	37.8791475108055	32.634675661031736
0.0	Malutinisuchus	63.6619842164343	60.87055075865644
0.0	Mambawakale	72.1243610432226	71.36539036446167
0.0	Mandaphon	71.14513307011424	70.35041717454357
0.0	Mandasuchus	72.55348522246597	67.0268842257488
0.0	Marasuchus	67.76199128541879	63.36254773006452
0.0	Marcianosuchus	70.70966325152156	69.96279259372201
0.0	Massospondylus	58.6271837297592	57.03765250935568
0.0	Mbiresaurus	58.471958792955796	54.093702990564516
0.0	Megachirella	69.47789318864976	68.7407003489461
0.0	Megalancosaurus	42.63549230438524	37.66229755942257
0.0	Megalosauripus	26.80497229118922	25.933760770201392
0.0	Megalosaurus	27.733418490163942	26.880061342962637
0.0	Megapnosaurus	25.287520581764895	24.412033106975095
0.0	Mehliella	61.5409985904064	60.31552142992327
0.0	Melanorosaurus	40.65553427240973	39.120183792050526
0.0	Merriamosaurus	73.7509227726216	73.33691977960432
0.0	Mesodapedon	69.96403629907104	69.21879957822108
0.0	Mesosaurus_Antarctic	115.77449169436414	106.2231940835985
0.0	Mesosaurus_Temperate_S	115.67413171009251	108.10048649641726
0.0	Mesosuchus	72.16599083991733	67.71410632373987
0.0	Metamosaurus	113.56902931141732	113.28036565566983
0.0	Metashastasaurus	53.87757463721475	35.82405267895576
0.0	Microcnemus_Temperate_N	76.93889092287782	72.12460496937352
0.0	Microleter	111.46932290853808	111.17912324437009
0.0	Micromenodon	57.01185914659676	55.47272220283356
0.0	Microsphenodon	44.23429940861829	38.81271792382032
0.0	Mikadocephalus_Temperate_N	62.50523323817853	61.3137210854797
0.0	Mikadocephalus_Tropical_N	68.28669559519356	67.56970852690249
0.0	Milleretta	84.94798266141022	76.27023508711493
0.0	Millerinoides	79.61958930055229	79.51276225348667
0.0	Milleropsis	85.66919276956627	76.46741997618291
0.0	Millerosaurus	85.78522851056057	78.134292159041
0.0	Miodentosaurus	59.95324218473375	52.6800837094252
0.0	Mixosaurus	72.02462229733439	65.3547577366034
0.0	Moradisaurus	78.75577209993071	76.38972987684282
0.0	Mystriosuchus_Temperate_N	50.43254494708715	24.29020098950777
0.0	Mystriosuchus_Tropical_N	44.431270911320205	32.052461894282565
0.0	Nambalia	51.782586528382744	40.99687388928434
0.0	Nanchangosaurus	74.33145099496622	60.65146269801194
0.0	Nanoparia	82.08145171467459	81.02270795879495
0.0	Neoaetosauroides	53.48996988259991	32.5732169583796
0.0	Neoprocolophon	68.53646699139416	67.79527976415318
0.0	Neusticosaurus	71.65466999199501	61.26763629566088
0.0	Nhandumirim	53.99927793321261	37.09817168768864
0.0	Nicrosaurus_Temperate_N	53.19817089120153	33.87506021371561
0.0	Nicrosaurus_Tropical_N	47.552034413174745	45.82287741168028
0.0	Nochelesaurus	90.29916954383893	85.14104416031297
0.0	Notatesseraeraptor	41.72443373780203	40.241338198044694
0.0	Noteosuchus	76.61020611966633	76.26613900986827
0.0	Nothosaurus_Temperate_N	72.48750759237845	27.484973156477558
0.0	Nothosaurus_Tropical_N	72.0384670190623	60.79155541989329
0.0	Nothosaurus_Tropical_S	72.31316213823264	64.53684798046318
0.0	Nundasuchus	72.2848139891348	71.82334971807623
0.0	Nyasasaurus	69.60482528513442	67.25721260600473
0.0	Nycteroleter	91.29206653662631	88.78691170037686
0.0	Nyctiboetus	109.46487176824253	92.66043956339699
0.0	Nyctiphruretus	98.6906220017783	88.7026067331376
0.0	Obirkovia	91.24324378421186	83.58242410576939
0.0	Odontochelys	55.120170122339566	52.35492113027934
0.0	Omphalosaurus_Temperate_N	73.15332405481645	61.28068306417185
0.0	Omphalosaurus_Tropical_N	73.76529345093425	62.0950829902588
0.0	Opisthodontosaurus	115.96514791275634	107.69355777976811
0.0	Orenburgia	75.71369272390086	72.33396280385661
0.0	Orovenator	116.17385337680032	111.60950473404759
0.0	Oryctorhynchus	62.346097367603136	60.34133605554577
0.0	Oryporan	74.31605899362071	72.4945932582899
0.0	Osmolskina	75.06530709319668	74.66121118172408
0.0	Otozoum	38.441766527861546	36.985696119290004
0.0	Owenetta	85.4744469116347	73.12287168308097
0.0	Ozimek	58.61734978526972	52.08099441158861
0.0	Pachypes	78.7450774875034	78.640624444819
0.0	Pachypleurosaurus	66.33297541416157	61.78887182063107
0.0	Pachystropheus	33.49592916434878	25.69247935930777
0.0	Palacrodon_Temperate_S	73.55637049017223	66.6323815625038
0.0	Palacrodon_Tropical_N	50.70164132143703	33.76764454418435
0.0	Palaeagama	78.3609912490466	78.25725899239175
0.0	Palaeochersis	48.336263586840055	43.65412769562929
0.0	Palaeosaurus	54.621289278772174	53.238322505994866
0.0	Palatodonta	71.54214370434636	70.72154534382972
0.0	Paleollanosaurus_Temperate_N	29.682124229141092	28.78792949363398
0.0	Paleollanosaurus_Tropical_S	35.35306950384581	33.67578159328821
0.0	Paliguana	73.82955617909903	73.41568737399882
0.0	Pamelaria	72.43490247626679	67.60496330889626
0.0	Pamelina	74.32706029631476	73.90382541911885
0.0	Pampadromaeus	62.009947949073855	32.47869527099248
0.0	Panguraptor	25.79216816466664	24.907832263786315
0.0	Panphagia	54.65737298549674	53.31055048976585
0.0	Pantydraco	61.85150288530821	60.71855165369046
0.0	Panzhousaurus	69.18511142839613	68.45599728307826
0.0	Pappochelys	63.411808756797775	62.65669593417667
0.0	Parabrontopodus_Temperate_N	26.62783504181397	24.23569786755966
0.0	Parahupehsuchus	73.94005947856151	73.52312380098725
0.0	Paralonectes	75.91206238838605	67.07466035145623
0.0	Paraplacodus	72.38137087638185	60.80594613395989
0.0	Pararcus	70.7814108337136	70.00098226422713
0.0	Parasaurus	85.05279984046679	78.72319989136744
0.0	Parasuchus_Temperate_N	75.9898648340173	45.91330710601805
0.0	Parasuchus_Temperate_S	58.46905634593138	54.9851446681798
0.0	Parasuchus_Tropical_N	59.606837837480505	40.95471483505429
0.0	Parasuchus_Tropical_S	51.32599954062867	41.934138001383026
0.0	Paratypothorax_Temperate_N	53.49697150514295	35.753733219391165
0.0	Paratypothorax_Tropical_N	51.75589472871978	32.645051577878924
0.0	Paratypothorax_Tropical_S	35.33731490526011	33.75551291662286
0.0	Pareiasaurus	91.28811551910813	76.5196842629974
0.0	Pareiasuchus	87.06620531264673	79.18642820266206
0.0	Parringtonia	71.02450424793719	70.24647873167022
0.0	Partanosaurus	64.98700717078506	64.34255642387359
0.0	Parvinatator	72.94830401257612	72.54517726874354
0.0	Parvosuchus	63.94581177962872	63.24958216835529
0.0	Pectodens	72.33429294037683	71.88420904268408
0.0	Pelecymala	59.25317799333201	51.779369282912214
0.0	Pendraig	61.16475560703536	59.85036650984621
0.0	Pentaedrusaurus	67.37766654018829	66.69325939685602
0.0	Permotriturus	88.42451477583727	87.93134906384314
0.0	Pessopteryx	73.13030860335162	69.21502156619043
0.0	Peteinosaurus	40.67731377186899	37.299034268740606
0.0	Phaanthosaurus	76.90450967211541	76.23000654714889
0.0	Phalarodon_Temperate_N	75.82386889460751	66.29661177763914
0.0	Phalarodon_Tropical_N	70.68819202088832	61.64007637799341
0.0	Phantomosaurus	71.09783512586563	70.32125084816897
0.0	Phonodus	76.40983553269332	76.0351606619176
0.0	Pisanosaurus	57.90397111668394	56.26059293294761
0.0	Pistosaurus	71.22101549661085	62.05995483565839
0.0	Placochelys	59.80205113490244	46.048311050636194
0.0	Placodus_Temperate_N	72.16906943187904	61.871715729725466
0.0	Placodus_Tropical_N	70.05809011713926	69.11004288631776
0.0	Placodus_Tropical_S	73.34836846529818	64.38908034903461
0.0	Planocephalosaurus_Temperate_N	61.919257787679804	27.213492305118148
0.0	Planocephalosaurus_Tropical_S	47.8216380442178	46.09580776505561
0.0	Plateosauravus	53.971146096804006	35.79004335785171
0.0	Plateosaurus_Temperate_N	50.50206158880209	24.334480214443243
0.0	Plateosaurus_Temperate_S	53.28166771277943	32.67462234013618
0.0	Platypterna	42.16774844622507	23.84516263892164
0.0	Plectropterna	26.152174738737152	24.14524296612101
0.0	Plesiornis	26.435756948143908	25.534257541290927
0.0	Plesiosaurus	34.02021942595419	25.08861952023342
0.0	Polesinesuchus	62.14324833159503	61.09100988259863
0.0	Polonosuchus	56.212610519646674	54.64595256697499
0.0	Polymorphodon	64.16229754322563	63.49604393365042
0.0	Poposaurus	62.09300330079668	28.609163476395405
0.0	Postosuchus	53.79048718017684	26.48484994932564
0.0	Powellvenator	39.08544817423315	37.59618707312237
0.0	Pravusuchus	41.196023748431344	39.573701297094715
0.0	Preondactylus	44.119184273910506	33.6950857760164
0.0	Prestosuchus	66.11120426657183	59.21302726628689
0.0	Procerosuchus	64.10523862262295	63.43430028270101
0.0	Procolina	72.45188858609993	72.0304078510466
0.0	Procolophon	76.94470140182732	72.20949340283114
0.0	Procolophonichnium_Temperate_N	72.42943997432039	67.96510963017913
0.0	Procolophonichnium_Temperate_S	76.78166669951038	76.4901045360557
0.0	Procompsognathus	39.070627748172164	37.53193610215317
0.0	Proganochelys_Temperate_N	50.028267094639645	30.121356860546424
0.0	Proganochelys_Tropical_N	39.311498903688616	37.78510482049558
0.0	Prolacerta	76.80210709031289	72.92489314739981
0.0	Prolacertoides	76.44909801664488	76.08207651502343
0.0	Prosantosaurus	65.48159405127292	64.83143554368007
0.0	Prosaurosphargis	73.1951179988296	72.78713922172423
0.0	Protanystropheus	71.9982480587383	69.07927318888731
0.0	Protecovasaurus	48.728663327934015	40.879958124161604
0.0	Protenodontosaurus	60.95925837857877	59.624345790942016
0.0	Proteosaurus	26.78160361743555	25.64178484816051
0.0	Proterochampsa	54.403184495998545	53.06040493638302
0.0	Proterochersis	45.81381249314097	36.720780824301166
0.0	Proterosuchus_Temperate_N	76.79561348062045	76.17957098559235
0.0	Proterosuchus_Temperate_S	76.86400515803568	72.00887306808676
0.0	Protoavis	46.567398840487286	35.9957460551626
0.0	Protocaptorhinus	116.44006924485946	106.50992293903631
0.0	Protoichthyosaurus	25.148887265801374	24.30360815553662
0.0	Protome	44.53054087334923	42.58513985554411
0.0	Protorosaurus	85.71791410920324	79.87433573810293
0.0	Protorothyris	124.03332459775797	118.15242817404746
0.0	Protosuchus	30.931976775326188	24.244142208943348
0.0	Provelosaurus	91.92346449044564	88.58470445316397
0.0	Psephochelys	57.17646100681256	55.630815084011346
0.0	Psephoderma_Temperate_N	33.64639949947867	26.76320135136633
0.0	Psephoderma_Tropical_N	41.97678460115779	36.895734076513314
0.0	Psephoderma_Tropical_S	68.30066674371592	65.12582139300007
0.0	Psephosauriscus	72.1849519472161	66.40303843557636
0.0	Psephosaurus_Temperate_N	63.635080956487194	62.960368744537185
0.0	Psephosaurus_Tropical_S	71.50128717121484	67.02477978686117
0.0	Pseudhesperosuchus	35.90628523091841	34.308258738598056
0.0	Pseudochampsa	56.568231781687864	55.05530786278629
0.0	Pseudotetrasauropus_Temperate_N	37.008562128546885	35.46074360259435
0.0	Pseudotetrasauropus_Tropical_N	53.52687450224958	30.55354943440466
0.0	Pterodactylus	25.222451643648267	24.35975572530827
0.0	Pumiliopareia	84.14392058488379	84.03134866691062
0.0	Qianichthyosaurus	64.8997688844006	52.71240559054443
0.0	Qianosuchus	69.97985786342943	68.54413619070948
0.0	Qianxisaurus	63.261925020079424	62.46783184510847
0.0	Quasianosteosaurus	73.12202011550536	72.70400348301965
0.0	Raeticodactylus	35.91407330086865	34.26886224443791
0.0	Rautiania	85.29893413676042	81.49113968811096
0.0	Redondasuchus	53.93907987516247	36.58896839572353
0.0	Redondavenator	34.767433018906395	33.16913824888429
0.0	Revueltosaurus	61.837922409913666	32.619550519718096
0.0	Rhaeticosaurus	31.37031744304502	30.49786721082916
0.0	Rhipaeosaurus	92.34257342680047	86.234034599256
0.0	Rhomaleosaurus	32.82941932642154	23.479393530264645
0.0	Rhombopholis	70.92864992846667	59.901231054196145
0.0	Rioarribasuchus	46.73463831524641	33.00968154290617
0.0	Riojasaurus	38.75081759501951	32.89763432149219
0.0	Riojasuchus	46.26030962545867	44.45634273289453
0.0	Romeria	124.31937461469528	123.21538061238975
0.0	Rothianiscus	98.35561517920738	89.18685973939097
0.0	Rotodactylus	45.43056054924414	43.46288778369563
0.0	Ruehleia	45.359026540743365	38.16839023425003
0.0	Rugarhynchos	35.3461264896908	33.732615677399785
0.0	Ruhuhuaria	70.94817067121652	70.14639794256163
0.0	Rutiodon	60.534344343757915	33.44001329624964
0.0	Sacisaurus	46.60612196993878	44.540437888171155
0.0	Saltoposuchus	42.46774333140193	39.135031864164084
0.0	Sanchiaosaurus	72.32617310717103	71.8684142574715
0.0	Sanchuansaurus	76.98442518583522	76.80242695814053
0.0	Sanjuansaurus	57.64878871468457	55.96851454307448
0.0	Santaisaurus	76.7235714791111	76.16264830314566
0.0	Sarcosaurus	25.076797659197236	24.19390764638237
0.0	Sarmatosuchus	69.70354818651911	68.95878790022937
0.0	Saturnalia	61.53710783904465	40.64129698260708
0.0	Saurischichnus	53.86193567224575	39.51554126160694
0.0	Saurodektes	76.94494804739654	71.90572473451094
0.0	Sauropareion	76.9527302116785	72.28650329334552
0.0	Sauropus	26.666370669284603	25.84226070134027
0.0	Saurorictus	83.3357089734504	83.22939486719893
0.0	Saurosternon	82.34573984141423	82.24153309744632
0.0	Saurosuchus	61.958576150630826	60.871304138507504
0.0	Scelidosaurus	26.11750048496272	25.20686826327063
0.0	Scharschengia	73.47003262932944	73.05572780720988
0.0	Schleitheimia	38.57451470026321	37.0982622199279
0.0	Sclerocormus	73.96182554994567	73.54442548406458
0.0	Sclerosaurus	71.39628125325486	67.30588796090021
0.0	Sclerostropheus	45.94131600471593	44.1825558641013
0.0	Scoloparia_Temperate_N	31.45630401219676	30.593022155626954
0.0	Scoloparia_Tropical_N	59.15241873554245	56.68381414240769
0.0	Scolotosuchus	72.74637337936745	72.32631255840239
0.0	Scutarx	54.16806867297623	32.66229966607401
0.0	Scutosaurus	90.4979909336818	82.52171906882977
0.0	Scythosuchus	75.04477795421961	74.63425190986216
0.0	Seazzadactylus	47.639346853118354	45.80903287443513
0.0	Selenichnus	26.14227562180373	24.607384898773486
0.0	Serpianosaurus	72.31174453902138	61.42795012392063
0.0	Shansisuchus	72.32143828995731	66.79635777954468
0.0	Shastasaurus_Temperate_N	39.52238193812621	37.96306096525776
0.0	Shastasaurus_Tropical_S	61.30973766882089	56.50397059602248
0.0	Shihtienfenia	79.55919401605816	76.36622070183412
0.0	Shonisaurus_Temperate_N	56.52281649782253	25.83521832988597
0.0	Shonisaurus_Tropical_N	50.90875139086953	39.921939800508405
0.0	Shringasaurus	72.34776876178523	66.77884991065514
0.0	Shuangbaisaurus	26.06364147129174	25.201946720457325
0.0	Shuvosaurus	53.06784718003332	26.065692542064323
0.0	Sigmala	60.96323558930544	51.97344707355325
0.0	Sikannisuchus	52.865311869325716	39.16994923448712
0.0	Silesaurus	58.476558873107834	56.94001986917917
0.0	Sillosuchus	61.58100590456088	60.33034610450146
0.0	Simosaurus_Temperate_N	67.66122657469498	28.931022272822588
0.0	Simosaurus_Tropical_S	67.52124747046034	66.81407425511246
0.0	Sinocyamodus	55.41883619765542	53.95202827429124
0.0	Sinosaurosphargis	69.64275726565943	68.50906884611668
0.0	Sinosaurus	26.616026894431663	25.065815729734446
0.0	Skybalonyx	49.091929903928715	47.317242396638505
0.0	Smilodonterpeton	30.968834510317357	30.116887949832165
0.0	Smilosuchus	60.82228821547315	33.76429287201647
0.0	Sophineta	73.98873273825475	73.5701759428712
0.0	Soturnia	48.64352792294829	31.973664466782335
0.0	Soumyasaurus	38.93993788564816	37.37922583870933
0.0	Sphenotitan	45.41477803668657	33.03026508066892
0.0	Sphodrosaurus	45.00403602405894	43.012375505449604
0.0	Spinosuchus	58.25597430369472	31.572935309554556
0.0	Spondylolestes	81.87874397182931	77.95210219512032
0.0	Spondylosoma	67.39513620140723	65.40727093484777
0.0	Stagonolepis_Temperate_N	58.85357121744397	53.770374100756385
0.0	Stagonolepis_Tropical_N	53.346660340927016	37.29474127650787
0.0	Stagonolepis_Tropical_S	45.50525845850987	43.47876336852282
0.0	Stagonosuchus	71.00649295216925	66.49905639482114
0.0	Staurikosaurus	60.122456003671	58.6152334360847
0.0	Stauromatodon	63.69210849686133	63.00866813726815
0.0	Stegomus	53.997908352039516	34.88727414272518
0.0	Stenaulorhynchus	72.03540976508357	66.54883979605657
0.0	Stenomyti	34.72182383490339	33.08238693418862
0.0	Stenoscelida	36.13722516365215	34.48173794041514
0.0	Stereosternum_Antarctic	109.90222896135124	109.60343464018264
0.0	Stereosternum_Temperate_S	115.93973785660762	107.6776868526113
0.0	Styracocephalus	87.78846325639454	84.3588199362652
0.0	Syntarsus	32.68852255824436	31.846109710597492
0.0	Syntomiprosopus	52.99986264183136	51.17761104652492
0.0	Tachiraptor	25.742801275647405	24.88100044693296
0.0	Tanaisosaurus	74.81601385134725	74.40234574080435
0.0	Tanystropheus_Temperate_N	72.0636778559313	26.02554188052876
0.0	Tanystropheus_Tropical_N	71.76473333559198	61.8942060941251
0.0	Tanystropheus_Tropical_S	71.86285879335364	68.7067375569747
0.0	Tanytrachelos	53.83666979064308	33.25200173511765
0.0	Tarjadia	66.62196285281757	62.64795740152904
0.0	Tarsodactylus	25.60243538203209	24.740071646450478
0.0	Tasmaniosaurus	76.82212783032584	76.14145794862462
0.0	Tawa	53.181248996561045	35.33757950216512
0.0	Taytalura	55.05239606162098	53.56850778364891
0.0	Technosaurus	37.26511702288995	35.75156495405951
0.0	Tecovasaurus	54.22610131969395	34.056190262370244
0.0	Tecovasuchus	49.87189343841398	33.215370813009685
0.0	Teleocrater	72.1477699483917	68.6272348984169
0.0	Temnodontosaurus	25.363309212670817	24.16596758975964
0.0	Teraterpeton	58.673243728401864	50.62754567555644
0.0	Teratophon	72.1013694986791	67.48363735713276
0.0	Teratosaurus_Temperate_N	64.51611276827629	31.50656241739074
0.0	Teratosaurus_Temperate_S	75.29736724223369	74.88562313869663
0.0	Termatosaurus	32.820069750437995	26.730789306406567
0.0	Terrestrisuchus	62.10509509526506	55.03070159730025
0.0	Tetrasauropus_Temperate_N	37.01772186422191	35.419851415955335
0.0	Tetrasauropus_Temperate_S	71.61352572518572	65.0893669506236
0.0	Teyujagua	75.62219843300281	75.21387739441973
0.0	Teyumbaita	48.950872344810435	32.54023995747052
0.0	Thadeosaurus	81.79349694799467	81.68844410905024
0.0	Thaisaurus	73.192310372702	72.7728009650391
0.0	Thalassiodracon	32.75770154047664	24.13517658963326
0.0	Thalattoarchon	70.0246178864423	69.27796363035168
0.0	Thalattosaurus	72.45937744573088	65.71112804699167
0.0	Thecodontosaurus	67.99955280642081	26.014136602995652
0.0	Theledectes	71.6118952321136	70.78953521093293
0.0	Thelephon	68.55838533792964	67.83344741473353
0.0	Thelerpeton	70.70430396827686	66.49859773561562
0.0	Tholodus_Temperate_N	72.19492629586411	66.27517918969617
0.0	Tholodus_Tropical_N	70.63938584833292	69.88044544970577
0.0	Thuringothyris	114.66979327912438	107.06515057408097
0.0	Tichvinskia	76.12727979687607	71.8506340781134
0.0	Ticinosuchus	72.71210128633876	66.66462412135716
0.0	Tikisuchus	54.934854552716146	53.471183709668416
0.0	Timanophon	76.0635400469107	71.33646956750407
0.0	Toretocnemus	59.96241910616617	53.09147002811116
0.0	Trachelosaurus	71.2208785473352	70.4222040470444
0.0	Trialestes	58.440479788950356	54.19005476224614
0.0	Tricuspisaurus	31.08042375052821	30.216438575084457
0.0	Trihamus	25.56660631410021	24.70837233007506
0.0	Trilophosaurus	60.855868269578906	33.70256858937799
0.0	Tropidosuchus	67.32880064210029	61.94660950547562
0.0	Tuebingosaurus	34.904425964354296	33.27128731409071
0.0	Turfanosuchus	71.28941724281799	70.49941649713871
0.0	Typothorax	52.631657001132076	26.09320863522067
0.0	Uatchitodon	61.69432439329394	44.51700866854113
0.0	Unaysaurus	44.6928331034814	36.53523428625193
0.0	Unguinychus	37.65977150292683	36.12650747556464
0.0	Uralosaurus	69.41594537919178	66.79395446445135
0.0	Utatsusaurus	76.20165639166878	71.84404703960134
0.0	Vallesaurus	41.05465174920855	37.260302381422875
0.0	Vancleavea	61.820852135485055	29.393853741408595
0.0	Variodens	33.783569141716264	26.118600436830015
0.0	Vellbergia	64.56936635977377	63.91706427264116
0.0	Velocipes	51.53704605894535	49.20107756551982
0.0	Venaticosuchus	55.226426685837126	53.69370739195983
0.0	Venetoraptor	57.33002219421449	36.0768129165333
0.0	Vinitasaura	54.87429712290556	53.443649931115445
0.0	Vivaron	54.180145232206534	32.769512730197555
0.0	Vjushkovisaurus	69.5677766258745	67.3157830429137
0.0	Volcanosuchus	53.5243613297	52.370472327292234
0.0	Vonhuenia	76.93339606907776	76.71739734838769
0.0	Vritramimosaurus	72.57928138264091	72.16086068123019
0.0	Vytshegdosuchus	75.27485628090508	74.86277216783601
0.0	Wahlisaurus	26.337887883354064	25.4946037938012
0.0	Waluchelys	40.5503065943514	38.972788135841974
0.0	Wangosaurus	65.3191860404451	62.06590213892856
0.0	Wannia	49.46995891453588	43.76430460585034
0.0	Wapitisaurus	74.43628857614087	74.01694466030952
0.0	Weigeltisaurus	85.71338136816743	80.46634112498566
0.0	Whitakersaurus	29.098037950511554	28.23598610660975
0.0	Wimanius	69.40788524266237	68.68288958568213
0.0	Wumengosaurus	72.01724766499416	67.78543123557947
0.0	Xenodiphyodon	56.051481273711445	54.4889288868752
0.0	Xilousuchus	69.14169701592688	68.40825456442168
0.0	Xingxiulong	26.399237345692274	25.52304838765869
0.0	Xinminosaurus	69.19927698470389	68.45488960384209
0.0	Xinpusaurus	65.2418470591953	50.41001009643296
0.0	Xiphopeza	25.346949510366425	24.48844516539494
0.0	Yarasuchus	70.12274336848661	68.39003220895567
0.0	Yelaphomte	47.263672746504135	45.30576614229996
0.0	Yimenosaurus	26.264524540800274	24.184396012244882
0.0	Youngetta	72.70417758858999	72.28010001825744
0.0	Youngina	85.76365709040473	76.33044662158477
0.0	Youngosuchus	68.90920605687367	68.19935916360853
0.0	Yunguisaurus	66.47524460956068	61.697388353521596
0.0	Yunnanosaurus	25.708485054372332	24.383526083404824
0.0	Zanclodon	65.28747067890733	28.915676533309185
0.0	Zhongjiania	86.0500184669869	80.07122272781568
0.0	Zupaysaurus	51.62573814987779	49.42281362374315
