clade	species	ts	te
0.0	Abyssomedon	115.39571551352056	114.51733061177909
0.0	Acadiella	60.38335784120838	58.878608100161486
0.0	Acaenasuchus	53.16862048540717	32.47988265970204
0.0	Acallosuchus	49.07763338530855	47.36353980349918
0.0	Acerosodontosaurus	77.32834239014757	77.14281756846613
0.0	Acleistorhinus	108.1174469958582	106.9682513641118
0.0	Acrodenta	79.39466326985819	79.28412296971366
0.0	Actiosaurus	28.84806131980978	28.07670840770894
0.0	Adamanasuchus	41.6994594872659	39.9472356892773
0.0	Adelosaurus	82.91266692237373	82.80285714782505
0.0	Aenigmasaurus	73.75320698372441	73.33720574694819
0.0	Aenigmaspina	53.27836561957892	52.164987510730924
0.0	Aenigmastropheus	81.48366037135554	81.37603695763389
0.0	Aetosauroides	56.29565559749103	32.88072599871958
0.0	Aetosaurus	50.05691325544691	33.8650939459612
0.0	Agkistrognathus	75.03296731088552	74.60826527439966
0.0	Agnosphitys	58.38051363091873	56.68161042467414
0.0	Alexeyisaurus	45.61889544549901	43.942859139230634
0.0	Alwalkeria	54.98359877218867	53.557751265750596
0.0	Amanasaurus	58.587376034116126	37.169134931021084
0.0	Ammorhynchus	72.23842508276745	69.73810757984289
0.0	Ammosaurus	26.518092906643954	24.986805998982405
0.0	Amotosaurus	72.00165067708978	68.40738789287403
0.0	Anarosaurus	70.58945690278674	67.73849224730552
0.0	Anchisauripus_Temperate_N	49.750327730815236	24.18589851069789
0.0	Anchisauripus_Tropical_N	52.60905054743774	23.902638906965855
0.0	Ancistronychus	50.956720098189685	49.059118544929255
0.0	Angistorhinus	61.82436624103384	33.49930489011996
0.0	Anisodontosaurus	71.64011459669915	60.09874891510896
0.0	Anomoepus_Temperate_N	26.019662811643066	24.385234305480612
0.0	Anomoepus_Tropical_N	53.23389184231254	23.965343834280834
0.0	Anomoiodon	71.83482029241607	66.74257360304435
0.0	Anshunsaurus	65.44014869264159	54.093210355065665
0.0	Anthodon	85.28900650602186	78.6824231396331
0.0	Anticheiropus	26.667007996368554	25.90524538205447
0.0	Apachesuchus	42.20603018489821	40.38779466240705
0.0	Apatopus_Temperate_N	56.36007280016082	54.6955062083598
0.0	Apatopus_Tropical_N	52.373148067354514	29.84761759944358
0.0	Apatopus_Tropical_S	61.96985153798933	60.79589638972049
0.0	Apatosuchus	40.79371172868153	39.11076344593025
0.0	Aphelosaurus	123.1018102382483	122.15704997610644
0.0	Araeoscelis	116.198950729889	96.27850300948734
0.0	Archeopelta	63.212931621248906	62.328729523236674
0.0	Archosaurus	85.42601712411276	81.73939439787765
0.0	Arcticodactylus	44.09618479535951	42.15334055601877
0.0	Arganaceras	84.4860026384357	84.30737532289513
0.0	Arganasuchus	58.99919285265957	57.462173642814854
0.0	Argoides	26.23109962031472	24.245611968514215
0.0	Arizonasaurus	72.23659801129445	69.97776246416865
0.0	Asilisaurus	71.93508793514386	67.12938957435486
0.0	Askeptosaurus	72.40566295732991	61.03783280481421
0.0	Asperoris	72.2239244834118	71.65300957083085
0.0	Asylosaurus	35.007786921839035	26.543457954036914
0.0	Atopodentatus	69.78420673240724	68.57025568971356
0.0	Atreipus_Temperate_N	56.10799920474611	54.467624457052764
0.0	Atreipus_Tropical_N	59.3910999899904	34.44744486382899
0.0	Augustaburiania	74.10635248550983	72.15720527649368
0.0	Augustasaurus	67.5840900809195	66.8919466350443
0.0	Australothyris	87.07226784825707	86.82381815390193
0.0	Austriadactylus	39.70050636217822	32.47253180127713
0.0	Austriadraco	38.55292865631985	37.03348636339073
0.0	Avalonnectes	26.332571396906694	25.549692625849907
0.0	Avicranium	32.85708007756549	32.107846323982734
0.0	Azendohsaurus	60.015294359005075	58.464617357977716
0.0	Baeotherates	113.41083045789793	113.12326978285294
0.0	Baisesaurus	73.0633200517509	72.64053351359917
0.0	Barasaurus	85.3391983828652	76.20381903532899
0.0	Barberenasuchus	63.4229870338178	62.58939839829055
0.0	Barracudasauroides	70.64007454766057	67.71062607832003
0.0	Barracudasaurus	72.06188801567885	66.18351293830116
0.0	Barrancapus	48.72255014685378	47.09415046602916
0.0	Bashkyroleter	96.74341471151153	89.15586531968634
0.0	Batrachopus_Temperate_N	72.4244954700647	25.6472170250955
0.0	Batrachopus_Tropical_N	42.612775262345146	24.076096860302748
0.0	Batrachotomus	64.70387634045412	62.35868842711892
0.0	Belebey	97.67339937497948	89.35304196750187
0.0	Benggwigwishingasuchus	71.83809451246493	71.01853950481282
0.0	Bentonyx	71.62218825174389	70.80636254240713
0.0	Bergamodactylus	41.667187843588096	40.067663574641415
0.0	Besanosaurus	64.7309044429345	64.03326063097002
0.0	Blezingeria	67.11352886275397	66.37140751423415
0.0	Blomosaurus	76.77146722961876	76.46873506531084
0.0	Bobosaurus	62.00108151907837	60.858281717797304
0.0	Bolosaurus	120.7925023967067	97.81852462917763
0.0	Boreopricea	74.73240769918219	72.97683994706316
0.0	Brachychirotherium_Temperate_N	59.7642523401983	58.17723546082256
0.0	Brachychirotherium_Tropical_N	57.22591072595022	28.11868795968799
0.0	Brachychirotherium_Tropical_S	55.847758453323806	51.45961696913289
0.0	Bradysaurus	90.49756007533996	82.16452674805926
0.0	Brasinorhynchus	66.7034552239017	59.34210859557126
0.0	Brazilosaurus	115.95865090428244	106.55367062162482
0.0	Bromsgroveia	72.10575616062233	67.70109778300981
0.0	Broomia	86.1273189683068	84.62019690813298
0.0	Bunostegos	78.7951909230927	78.68552788514411
0.0	Buriolestes	58.841456374951065	33.418453521929735
0.0	Bystrowisuchus	75.47591709805916	75.05470474462561
0.0	Callawayia	54.14952300647491	36.899290054032306
0.0	Calyptosuchus	58.174470167927886	32.9856835174517
0.0	Camelotia	32.606396826428394	31.622422493943677
0.0	Camposaurus	42.382999195456755	40.71109724421552
0.0	Candelaria	66.96731441058022	61.0623872988656
0.0	Captorhinikos	108.58740055285138	97.35182892762529
0.0	Captorhinoides	103.09023785445723	97.24958138881905
0.0	Captorhinus_Temperate_S	80.37255621150393	80.26411557667973
0.0	Captorhinus_Tropical_N	112.75429389970668	97.29723622081342
0.0	Captorhinus_Tropical_S	115.5502880261175	97.80343164025882
0.0	Cargninia	43.68315844011675	41.87087591507676
0.0	Carnufex	54.00740853519252	52.64827334168965
0.0	Cartorhynchus	73.48047399135612	73.0509944615994
0.0	Caseosaurus	39.68248547068954	38.18227613319662
0.0	Caviramus	35.46799722062512	33.79917818752912
0.0	Ceresiosaurus	67.33344967796978	62.938863891980624
0.0	Chalishevia	66.939392466938	61.2008779036759
0.0	Chanaresuchus	67.9373332292079	61.07693515129424
0.0	Chaohusaurus	75.10112989048748	68.49804506375949
0.0	Chasmatosuchus	76.89875480716887	72.11235130307185
0.0	Chelyoposuchus	28.499820693874675	27.735154091147024
0.0	Chinchenia	64.21339413457544	63.512278429162365
0.0	Chindesaurus	46.80076630944394	35.83743309981434
0.0	Chinshakiangosaurus	25.388621848839428	24.608076809874376
0.0	Chirotherium_Temperate_N	63.061064747322845	31.492217021624608
0.0	Chirotherium_Temperate_S	63.87681688087775	62.052141051217966
0.0	Chirotherium_Tropical_N	77.00738860078458	41.259434818373755
0.0	Chromogisaurus	57.33520239404902	55.721167279643296
0.0	Clarazia	69.07846574283514	68.36921680332416
0.0	Claudiosaurus	85.50417102464925	76.32904030021137
0.0	Clevosaurus_Temperate_N	62.02316319305342	24.350914348352138
0.0	Clevosaurus_Temperate_S	60.62340626799652	33.1597573246628
0.0	Coahomasuchus	62.92423202577262	47.075595259657405
0.0	Coartaredens	71.64703960804077	68.14234509662722
0.0	Coburgosuchus	52.04972685219758	49.98327825242435
0.0	Coelodontognathus	75.92190735318565	71.89960569692727
0.0	Coelophysis_Tropical_N	52.95400315674661	25.755948154899777
0.0	Coelophysis_Tropical_S	45.789464337479856	44.08917400343893
0.0	Coelurosauravus_Temperate_N	80.20152163554968	80.093361332653
0.0	Coelurosauravus_Temperate_S	85.37381444345016	76.3446499641041
0.0	Coelurosaurichnus_Temperate_N	72.317542035212	30.947431298170812
0.0	Coelurosaurichnus_Tropical_N	72.6223010633469	33.88539980462274
0.0	Coelurosaurichnus_Tropical_S	53.75310124117449	51.05909863067917
0.0	Coletta	74.41282558375558	73.98736074175001
0.0	Collilongus	73.2284299785616	72.79937728069528
0.0	Colobomycter	116.35257470657798	106.40640122996707
0.0	Colobops	35.189735989150385	33.474553359309056
0.0	Coloradisaurus	53.07318107341372	37.995114514650446
0.0	Coloradisuchus	51.48647449266916	49.45274094556252
0.0	Concavispina	58.474498179913816	56.81653937068825
0.0	Contectopalatus	67.74092963247843	67.03296497473357
0.0	Corosaurus	73.51321824200419	72.53515286678909
0.0	Cosesaurus	62.77109126252796	61.74672577495561
0.0	Crosbysaurus	52.679621147113316	33.226275127463765
0.0	Ctenosauriscus	72.7239066749887	72.30688215823486
0.0	Cyamodus	72.5179092560493	52.913446243505206
0.0	Cymatosaurus	72.35279756151535	66.55224775463661
0.0	Cymbospondylus_Temperate_N	72.51055981194256	61.49016505851773
0.0	Cymbospondylus_Tropical_N	74.15356474773562	60.232577200620014
0.0	Czatkowiella	73.69784809376449	73.26987159002054
0.0	Dactylosaurus	71.96946365170486	67.82827525209885
0.0	Daemonosaurus	28.221815540033525	27.45097393410927
0.0	Dagasuchus	60.579620016707025	59.15066446706099
0.0	Dawazisaurus	68.3274656084816	67.61770473128122
0.0	Decuriasuchus	71.36833262750258	60.41060464304753
0.0	Delatorrichnus	25.860477721497276	25.122229269219044
0.0	Delorhynchus	116.2245826683991	105.33146916426323
0.0	Deltadectes	49.89002483973844	30.301557345049208
0.0	Deltavjatia	90.54091708610612	84.8374779779663
0.0	Desmatosuchus	59.14641271624182	32.473866306565334
0.0	Diandongosaurus	69.59270243744575	68.87419038446706
0.0	Diandongosuchus	66.71882666270643	66.00059348235452
0.0	Dianmeisaurus	70.64947066929288	68.47355252310419
0.0	Dianopachysaurus	69.6528193278887	68.96279318263842
0.0	Dimetropus	116.14245286265668	106.64205831270398
0.0	Dimorphodon	26.530521492030648	25.77405152524279
0.0	Dinocephalosaurus	69.81913303384042	68.69962820076991
0.0	Diphydontosaurus_Temperate_N	61.975483756619205	29.483771473753983
0.0	Diphydontosaurus_Tropical_N	41.081121079854064	39.42393625142195
0.0	Diphydontosaurus_Tropical_S	40.320291345741175	38.71330468620291
0.0	Dolabrosaurus	35.46551802808672	33.72933907730181
0.0	Dolerosaurus	56.603654785100744	54.98588046045301
0.0	Dolichobrachium	53.497781919721696	52.32093004172465
0.0	Doliovertebra	70.66620279220368	69.92206915153837
0.0	Dongusuchus	71.87799107169135	66.8434718151003
0.0	Dorosuchus	71.47768343660172	66.4591908525781
0.0	Doswellia	62.53537268819225	32.54612705346025
0.0	Dracoraptor	26.584150590584432	25.83490178872014
0.0	Drepanosaurus_Temperate_N	41.228020234070584	39.51044267507628
0.0	Drepanosaurus_Tropical_N	47.520915121668565	29.035982411318024
0.0	Dromomeron_Temperate_S	44.171843356336986	42.28701128780128
0.0	Dromomeron_Tropical_N	53.31900528459817	27.973172589713123
0.0	Dromomeron_Tropical_S	44.205490815685934	32.37939277974296
0.0	Dyoplax	55.268199834313364	53.83087926491079
0.0	Ebrachosuchus	60.913196513939894	59.52013586825679
0.0	Effigia	33.79290344106086	25.980529981832984
0.0	Efraasia	42.37652395854808	33.23363748191551
0.0	Eifelosaurus	72.11540675817474	71.32714577533493
0.0	Elachistosuchus	30.542792911518102	29.763675239515408
0.0	Elessaurus	73.58660657301658	73.16540092119537
0.0	Elginia	84.1096352276421	77.29515421972167
0.0	Embrithosaurus	89.90734537821376	84.1641918038207
0.0	Emeroleter	90.58912117037227	85.30864416603265
0.0	Endennasaurus	41.734833401495884	40.04463208032665
0.0	Energosuchus	67.16752645723754	60.34922722598068
0.0	Eodromaeus	54.84220116611314	53.34332770659308
0.0	Eohupehsuchus	73.89730555224189	73.48475974845304
0.0	Eohyosaurus	71.71776739045896	69.43708469784328
0.0	Eomurruna	76.5943111046536	76.11216912195906
0.0	Eoplesiosaurus	25.16982333201331	24.433887208085775
0.0	Eoraptor	57.997754205653045	55.74869562180914
0.0	Eorasaurus	85.79415612859671	85.5435270864783
0.0	Eorhynchochelys	62.27865694491007	61.1003108050027
0.0	Eosauropus_Temperate_N	42.63811456986349	38.72195724915325
0.0	Eosauropus_Tropical_N	53.051378088785825	36.73067660748437
0.0	Eretmorhipis	71.93745456824435	71.11938788952247
0.0	Erpetosuchus	41.60271108016837	39.981220247480245
0.0	Erythrosuchus	72.13533358997505	66.96332472640799
0.0	Erythrovenator	57.48413754250486	55.92403637422668
0.0	Eshanosaurus	25.743261070335425	24.951602610466978
0.0	Eubrontes_Temperate_N	53.58683279226474	24.291505285091993
0.0	Eubrontes_Tropical_N	52.54765101491715	24.079512736927157
0.0	Eucoelophysis	52.195614294329744	26.009953562733774
0.0	Eudibamus	111.2009361325494	110.91355984978365
0.0	Eudimorphodon	50.88814897987614	25.87389034410974
0.0	Eumetabolodon	73.4717343056058	67.8407967174488
0.0	Eunotosaurus	89.88869055621628	84.85704810725147
0.0	Euparkeria	70.55025539672167	66.84536178914888
0.0	Eurhinosaurus	26.503665449998607	25.70200375860277
0.0	Eurycleidus	25.316251235133258	24.57096326199457
0.0	Eusaurosphargis	70.74455810566188	64.06890939136397
0.0	Euscolosuchus	61.01044624499235	59.612119174672834
0.0	Evazoum	55.98310329710276	31.016089710718436
0.0	Fasolasuchus	45.50299407777971	43.79929009921343
0.0	Faxinalipterus	41.72742752611072	33.26968395105933
0.0	Feeserpeton	111.41499144473586	111.12716621984373
0.0	Feralisaurus	71.45108886710076	70.63789682414071
0.0	Fodonyx	72.19274351064853	66.78890914019472
0.0	Fraserosphenodon_Temperate_N	57.69786676465953	56.05709779525953
0.0	Fraserosphenodon_Tropical_S	36.71751226493271	35.131302616008945
0.0	Fraxinisaura	64.76279219369833	64.11088433015689
0.0	Fugusuchus	71.67080147423779	70.85057297629672
0.0	Fuyuansaurus	66.65558855837811	65.94675828215905
0.0	Galesphyrus	83.01326635583744	79.12491626214758
0.0	Gamatavus	67.06714375855192	61.78192768521892
0.0	Gansurhinus	99.99055023366938	83.06808331836946
0.0	Garjainia_Temperate_N	76.2812502272248	72.15107070777493
0.0	Garjainia_Temperate_S	75.49282765741347	72.06386757732353
0.0	Garzapelta	45.08849332715487	43.32033824233583
0.0	Gecatogomphius	99.60691950282259	94.87732725469604
0.0	Gephyrosaurus	33.07217652086248	28.909640587745898
0.0	Glaurung	82.20031121259697	82.0920338888254
0.0	Glyphoderma	62.33344692749528	60.99925101280882
0.0	Gnathovorax	57.33461156960352	43.4675879829991
0.0	Gojirasaurus	37.6928128136694	36.20228942660108
0.0	Gomphiosauridion	56.89672210733078	55.36623418308189
0.0	Gorgetosuchus	55.75113853983489	54.13820780760188
0.0	Gracilisuchus	66.69524312766445	63.702722918739546
0.0	Grallator_Temperate_N	59.059465980347625	24.669408546093628
0.0	Grallator_Temperate_S	57.889791756025154	32.47665304875603
0.0	Grallator_Tropical_N	57.090064617912915	24.30557597795101
0.0	Graoullyodon	34.0414028736688	32.68606630389434
0.0	Gregaripus	53.35698353352436	37.44514965806619
0.0	Gresslyosaurus	47.22986876370291	33.07573869188519
0.0	Grippia	75.40790305377163	72.49570780511937
0.0	Guaibasaurus	53.63801188900049	34.344926951841536
0.0	Gualosuchus	67.54810721932894	64.09579237871239
0.0	Guanlingsaurus	58.43650036182391	55.90722860623183
0.0	Guchengosuchus	67.4571202564787	66.78012703927553
0.0	Guizhouichthyosaurus	64.99370672724537	51.08396843996073
0.0	Gulosaurus	76.29046298114663	73.60062767662276
0.0	Gunakadeit	43.947974068232135	42.15253412216921
0.0	Gwyneddichnium	49.44342102925188	26.02014672202979
0.0	Gyposaurus	25.758870219648507	24.351406492479573
0.0	Halazhaisuchus	71.85853192816451	71.04456809749284
0.0	Haligonia_Temperate_N	35.67194481753834	28.678047284838314
0.0	Haligonia_Tropical_N	55.49640886086415	53.9812538384688
0.0	Hanosaurus	74.25873069694275	73.83584630873693
0.0	Helcura	26.9323040291211	24.368890536411705
0.0	Helveticosaurus	68.40841683183224	67.71952623358155
0.0	Hemilopas	72.67441343709483	69.33504175368749
0.0	Hemiprotosuchus	52.63602287251967	36.13110322191293
0.0	Heptasuchus	58.21579517101285	56.546819154481994
0.0	Herrerasaurus	61.171126550645646	52.645821322207105
0.0	Hescheleria	68.69112873229153	67.98582150145684
0.0	Hesperosuchus	52.62523116597951	29.2150707861753
0.0	Heterodontichnites	60.693037813226624	40.591566030779795
0.0	Heteropelta	70.87537420150787	70.11870743007402
0.0	Himalayasaurus	40.598671717091825	38.90481068305321
0.0	Hispaniasaurus	66.12404896636446	65.44698547447175
0.0	Honghesaurus	69.32312403931921	68.62787140132087
0.0	Horaffia	65.12331568928332	62.63313688669741
0.0	Hovasaurus	84.56959843498736	74.24745093593414
0.0	Howesia	72.34539033529605	68.72024486675446
0.0	Hudsonelpidia	52.88389169993698	50.76892725382013
0.0	Hupehsuchus	74.41550813538176	60.97572544949852
0.0	Hwiccewyrm	61.872535576682736	52.06971550674809
0.0	Hyloidichnus	82.08028033642977	76.36940913560257
0.0	Hyperodapedon_Temperate_S	61.83016097274871	33.65946528615919
0.0	Hyperodapedon_Tropical_N	62.53490017868213	52.925834308573684
0.0	Hypselorhachis	71.69096263918235	70.87169564652142
0.0	Hypsognathus_Temperate_N	34.19888240551219	32.76932419787183
0.0	Hypsognathus_Tropical_N	59.26927444135415	28.556839611435432
0.0	Hypuronector	49.02465724402833	33.32963123785565
0.0	Icarosaurus	48.30415608210012	46.68283594903086
0.0	Ichthyosaurus_Temperate_N	33.6062493852881	24.31816399246383
0.0	Ichthyosaurus_Tropical_N	52.872423717268674	31.99383198927043
0.0	Ichthyotitan	27.2753167821289	26.52626297471603
0.0	Idiosaura	62.18169069656646	61.06838376289602
0.0	Ignotosaurus	56.353801793650575	54.77910920454442
0.0	Incertovenator	55.69534276679739	54.15725575014199
0.0	Ingentia	40.40056982574998	38.903293809145744
0.0	Isfjordosaurus	73.92259299523177	73.49787064900647
0.0	Ixalerpeton	60.0638756272613	31.84935325154111
0.0	Jaklapallisaurus	43.93247616430189	42.02001502871495
0.0	Jaxtasuchus	64.67178851604785	61.25329328179879
0.0	Jesairosaurus	72.22851877535246	71.6123760940384
0.0	Jingshanosaurus	26.735353093459718	24.37493482284157
0.0	Jushatyria	72.34681899296899	71.93444431949712
0.0	Kadimakara	76.87576664362051	76.09252356991803
0.0	Kalisuchus	76.50717237362454	76.13777043102407
0.0	Kapes_Temperate_N	76.3580326715861	70.53130976521737
0.0	Kapes_Tropical_N	72.3848405174699	66.81633903348869
0.0	Kayentapus_Temperate_N	26.540781833525678	24.49034874340854
0.0	Kayentapus_Tropical_N	53.33273569732042	25.20579876258682
0.0	Keichousaurus	72.62425681219163	60.905257182259085
0.0	Kholumolumo	52.48887262202356	36.874751515542236
0.0	Kinelia	82.86364684458354	82.75494005624394
0.0	Kintneria	46.50519457641283	33.6838992665282
0.0	Kitchingnathus	74.87159377377097	74.44342348158573
0.0	Kocurypelta	51.47581950741318	49.439781951265346
0.0	Koiloskiosaurus	72.1944791316767	71.49027546716508
0.0	Komlosaurus	26.661118326286132	24.284989197766805
0.0	Krzyzanowskisaurus	61.39290594627202	32.526581148252404
0.0	Kudnu	76.94154794668997	75.94242244008971
0.0	Kuehneosaurus	62.524408165470966	26.296779630877246
0.0	Kuehneosuchus	29.143328625629486	28.378171448787302
0.0	Kuruxuchampsa	55.11735661014863	53.604458545731596
0.0	Kwangsisaurus	75.92195819514401	72.79664937380976
0.0	Labidosaurikos	108.3864819775636	97.52101360187207
0.0	Labidosauriscus	116.2395174507196	106.50683847579751
0.0	Labidosaurus	107.96653588909581	97.39358650103787
0.0	Lagerpeton	67.75935338291482	61.780026114760766
0.0	Lanceirosphenodon	38.5827600548771	37.03570360243883
0.0	Langeronyx	71.93443348428603	66.11114840755764
0.0	Langobardisaurus	43.135849464510166	32.90428270952004
0.0	Lanthaniscus	96.87663356733485	89.99649449361753
0.0	Lanthanolania	91.59939681531957	90.519392136035
0.0	Lanthanosuchus	86.86604921713025	86.6211328230577
0.0	Laquintasaura	26.171365934514693	25.422113094676636
0.0	Largocephalosaurus	70.19930228541295	68.89524630968651
0.0	Lariosaurus	73.24800687117626	61.129021067176865
0.0	Lasasaurus	74.43770098323596	74.00905228097105
0.0	Lavinipes	25.663892195052398	24.079610503963625
0.0	Lepidus	49.03696101934002	47.31726335337283
0.0	Leptonectes	27.01960002709485	24.95219793457725
0.0	Leptosuchus	52.44045392175767	33.63505136072264
0.0	Lessemsaurus_Temperate_S	52.950321619953584	33.591042416018276
0.0	Lewisuchus	67.7632772758256	54.958208934591866
0.0	Libognathus	38.305905801536504	36.793418520656644
0.0	Liliensternus	50.239671902141914	30.309343268529425
0.0	Lindwurmia	26.139326994617438	25.37525414652137
0.0	Litorosuchus	62.73265619263385	61.6324101206718
0.0	Lophostropheus	26.41156744967535	25.661846600977526
0.0	Lotosaurus	72.44078767543839	67.83537869847619
0.0	Lucasuchus	61.791829954514355	52.60865260842059
0.0	Lucianosaurus	43.535225441910335	41.69181375606104
0.0	Lucianovenator	35.020897852640275	33.34809092200221
0.0	Lufengosaurus	26.515495467728392	24.364862379457467
0.0	Lukousaurus	26.10358419703413	24.41037073012309
0.0	Luopingosaurus	69.97344074523892	69.26164079983467
0.0	Luperosuchus	66.14629423021276	63.81774284883566
0.0	Macgowania	44.01620251657912	37.09870660286381
0.0	Machaeroprosopus	52.528643716765075	26.432681425400823
0.0	Macrocnemus	72.35772161909418	60.83622543858045
0.0	Macrocollum	54.25542695244673	32.485460506555924
0.0	Macroleter_Temperate_N	97.82524140812559	89.20360022623179
0.0	Macroleter_Tropical_N	90.58372518937999	89.72205121409505
0.0	Macroplacus	30.971788047491312	30.198070221358822
0.0	Macroplata	25.372935785740097	24.60568673260741
0.0	Maehary	45.67434224446004	38.2308701339728
0.0	Majiashanosaurus	74.57293834613652	74.14596903865097
0.0	Malerisaurus	47.345548144734146	41.876271298943735
0.0	Malutinisuchus	67.9917542597791	60.83039491395497
0.0	Mambawakale	67.45565826894418	66.76450419393555
0.0	Mandaphon	70.7463484047231	70.0005937315265
0.0	Mandasuchus	71.78537862817811	67.68505439511821
0.0	Marasuchus	66.85673806337932	62.0435005902702
0.0	Marcianosuchus	72.19307791712055	71.46653450354432
0.0	Massospondylus	56.11766484744101	54.61411837633408
0.0	Mbiresaurus	58.30736117491046	52.52724859739208
0.0	Megachirella	68.98079008945342	68.27699290991657
0.0	Megalancosaurus	42.34319830747684	33.49503704753808
0.0	Megalosauripus	26.266226943572725	25.49839468589127
0.0	Megalosaurus	28.519854328275066	27.76149726468071
0.0	Megapnosaurus	25.02847577794348	24.253508336576314
0.0	Mehliella	61.78200857666773	60.59659250701972
0.0	Melanorosaurus	50.63400726194274	48.58677178217551
0.0	Merriamosaurus	72.90570902015843	72.49617064458475
0.0	Mesodapedon	71.35132447721315	70.55716255228614
0.0	Mesosaurus_Antarctic	112.03029657972229	106.42208287711678
0.0	Mesosaurus_Temperate_S	115.45000364050884	107.945193002433
0.0	Mesosuchus	71.87413948734182	67.05239825550436
0.0	Metamosaurus	112.84236139998718	112.55484255464056
0.0	Metashastasaurus	52.0418189233621	34.87139588802684
0.0	Microcnemus_Temperate_N	76.9247382077166	71.90964600618099
0.0	Microleter	110.92235873157419	110.63235849121742
0.0	Micromenodon	53.67324813383857	52.524853097269265
0.0	Microsphenodon	46.88722753520067	32.085741171626616
0.0	Mikadocephalus_Temperate_N	65.56529135350509	64.86279084133645
0.0	Mikadocephalus_Tropical_N	66.79018316214541	66.07286127853726
0.0	Milleretta	84.65917525927277	76.47469443898869
0.0	Millerinoides	79.44062044664838	79.33509042006126
0.0	Milleropsis	82.58297317813046	76.97823474731338
0.0	Millerosaurus	85.46545954362958	77.33521517104671
0.0	Miodentosaurus	59.12720597053454	52.753823428163294
0.0	Mixosaurus	72.40058128006467	60.52094073638695
0.0	Moradisaurus	79.60691916547819	76.34956513525752
0.0	Mystriosuchus_Temperate_N	53.319490952369755	23.806221456761353
0.0	Mystriosuchus_Tropical_N	45.06095455292519	32.20990098108713
0.0	Nambalia	52.97197263240276	31.661416557432553
0.0	Nanchangosaurus	72.97269714700978	65.15821368052885
0.0	Nanoparia	85.16605289634805	82.40734404604339
0.0	Neoaetosauroides	49.8515790260873	39.28174377351009
0.0	Neoprocolophon	69.73143488006157	69.02965328117192
0.0	Neusticosaurus	69.40280341383783	60.52952441514064
0.0	Nhandumirim	44.87083791309323	35.50498464643298
0.0	Nicrosaurus_Temperate_N	52.7069472416684	33.9189617464452
0.0	Nicrosaurus_Tropical_N	47.58680138788161	46.04886377630356
0.0	Nochelesaurus	89.94182086806711	84.64769748273694
0.0	Notatesseraeraptor	43.38599170563204	41.49170663349782
0.0	Noteosuchus	76.55744553133889	76.19658762896033
0.0	Nothosaurus_Temperate_N	72.10313693780563	31.513649650564034
0.0	Nothosaurus_Tropical_N	71.78103417711863	61.60099505290162
0.0	Nothosaurus_Tropical_S	73.23906775017495	62.54008064482535
0.0	Nundasuchus	67.94627344170699	67.2366777612891
0.0	Nyasasaurus	71.62778058998686	67.9869284243247
0.0	Nycteroleter	93.34401555240233	90.21764662759418
0.0	Nyctiboetus	107.22450329830339	96.69648055841829
0.0	Nyctiphruretus	97.67182127575099	88.80465971454582
0.0	Obirkovia	86.8163046907452	82.22187222559174
0.0	Odontochelys	59.326985697245945	53.852606583114486
0.0	Omphalosaurus_Temperate_N	73.140665903539	63.817773977032374
0.0	Omphalosaurus_Tropical_N	74.14849934936532	61.638069730025414
0.0	Opisthodontosaurus	115.845223289066	107.53189900647918
0.0	Orenburgia	75.55445443657482	72.10039785480087
0.0	Orovenator	111.17487317032459	105.8151733598068
0.0	Oryctorhynchus	59.38513420410847	52.4793338714765
0.0	Oryporan	75.75216098868567	73.17102224829617
0.0	Osmolskina	76.31172261447092	75.92291648208024
0.0	Otozoum	35.83212285962257	34.17048630235179
0.0	Owenetta	85.3422578328509	75.8283390096714
0.0	Ozimek	57.17385258718502	51.14131356360106
0.0	Pachypes	78.51652547989274	78.40911960090337
0.0	Pachypleurosaurus	67.13807039049499	61.8229595489181
0.0	Pachystropheus	32.34163616609474	26.38194609936646
0.0	Palacrodon_Temperate_S	75.4895580813783	67.9689160015966
0.0	Palacrodon_Tropical_N	53.55889879882266	33.35877484996521
0.0	Palaeagama	76.59429786956332	76.24739466783679
0.0	Palaeochersis	48.98420248541736	42.20515860499041
0.0	Palaeosaurus	55.19561714784471	53.69134160605357
0.0	Palatodonta	71.92103653153353	71.09792909925055
0.0	Paleollanosaurus_Temperate_N	31.55904799091983	30.80885193097949
0.0	Paleollanosaurus_Tropical_S	43.90096874215414	41.951913611507614
0.0	Paliguana	72.88665095066682	72.47107706298792
0.0	Pamelaria	70.48076313809742	66.924354540696
0.0	Pamelina	74.41464383996814	73.99029419467823
0.0	Pampadromaeus	57.22204488977894	36.01092805923207
0.0	Panguraptor	26.420777739390576	25.645751419594966
0.0	Panphagia	54.07203669494072	52.6801121533767
0.0	Pantydraco	59.91461104735591	58.33094276082458
0.0	Panzhousaurus	69.3613185462147	68.60539720377203
0.0	Pappochelys	64.33217152948536	63.631546269941055
0.0	Parabrontopodus_Temperate_N	26.60994852707236	24.456276532032224
0.0	Parahupehsuchus	73.52010524683952	73.10575596350506
0.0	Paralonectes	76.40587110427002	66.29116312564
0.0	Paraplacodus	71.66116388306841	62.39205618528817
0.0	Pararcus	69.99673550904626	69.26579778466619
0.0	Parasaurus	85.00670539645917	78.6433555185122
0.0	Parasuchus_Temperate_N	76.39388968189873	49.134608284048134
0.0	Parasuchus_Temperate_S	61.928838800316456	55.61160495183616
0.0	Parasuchus_Tropical_N	62.56774943698857	50.31383369226921
0.0	Parasuchus_Tropical_S	51.75514548017604	41.800787170185984
0.0	Paratypothorax_Temperate_N	52.2002716015871	39.87525670832366
0.0	Paratypothorax_Tropical_N	50.928880355927866	34.39379812665292
0.0	Paratypothorax_Tropical_S	48.756403579835684	47.049142868406015
0.0	Pareiasaurus	89.08489449413865	76.46934871038228
0.0	Pareiasuchus	87.38269665343479	78.8702594070606
0.0	Parringtonia	71.83170590076534	70.99666387678799
0.0	Partanosaurus	65.63851951988383	64.97049305447288
0.0	Parvinatator	69.46984706418081	68.7580898828369
0.0	Parvosuchus	65.05579828380803	64.3780659545306
0.0	Pectodens	70.8222115755154	70.05482461010288
0.0	Pelecymala	62.386891912946204	52.98934393179986
0.0	Pendraig	59.16591820147858	57.60963350490697
0.0	Pentaedrusaurus	74.03449991397906	73.60732122793956
0.0	Permotriturus	91.26869798516212	90.24270745617959
0.0	Pessopteryx	73.30871761558858	65.96923258282233
0.0	Peteinosaurus	42.857880877505735	38.34138981238904
0.0	Phaanthosaurus	76.90500017746476	76.37448399595276
0.0	Phalarodon_Temperate_N	75.70707932925686	65.46590504295384
0.0	Phalarodon_Tropical_N	72.20408824845752	63.986326011660424
0.0	Phantomosaurus	70.54848430610299	69.79520084784227
0.0	Phonodus	76.46199024634777	76.09228065368364
0.0	Pisanosaurus	56.131223456537384	54.602271677704216
0.0	Pistosaurus	71.96834899740529	60.47526078548644
0.0	Placochelys	62.820276958228895	35.864228514137004
0.0	Placodus_Temperate_N	71.8556847400117	60.78159275645527
0.0	Placodus_Tropical_N	71.15866204000325	68.65624536993437
0.0	Placodus_Tropical_S	69.39611708894849	64.62607269585409
0.0	Planocephalosaurus_Temperate_N	61.86717372864128	27.976869238839683
0.0	Planocephalosaurus_Tropical_S	37.30410244713551	35.80604178178929
0.0	Plateosauravus	51.28276809506088	40.546276954624915
0.0	Plateosaurus_Temperate_N	51.06185456354462	25.405441666616184
0.0	Plateosaurus_Temperate_S	53.68506785051186	36.75038715264884
0.0	Platypterna	52.66702177075944	24.157708210289737
0.0	Plectropterna	26.490892869885563	24.360904629197147
0.0	Plesiornis	26.08964231520686	25.318443139390478
0.0	Plesiosaurus	31.97459362143692	25.753005735029532
0.0	Polesinesuchus	56.60483186100597	54.89623789894526
0.0	Polonosuchus	58.63487909096851	56.97653028813416
0.0	Polymorphodon	64.90498801751123	64.23259803366228
0.0	Poposaurus	61.88599166147403	31.6479691652469
0.0	Postosuchus	56.12008127467772	27.969347134429814
0.0	Powellvenator	52.66175644115471	50.43808946835447
0.0	Pravusuchus	49.163134718821915	47.35324992079816
0.0	Preondactylus	41.86550201585222	36.615559789118606
0.0	Prestosuchus	66.2693864432552	52.01857503484488
0.0	Procerosuchus	65.44244543721078	64.7899482742232
0.0	Procolina	73.34073502029034	72.90771050244895
0.0	Procolophon	76.91480804828382	72.03598510314248
0.0	Procolophonichnium_Temperate_N	70.1668210613249	68.96020574678867
0.0	Procolophonichnium_Temperate_S	74.44006022087399	74.01417632806928
0.0	Procompsognathus	39.42409081601789	37.845741857609404
0.0	Proganochelys_Temperate_N	53.80953835264463	25.857234001217023
0.0	Proganochelys_Tropical_N	40.45549713607178	38.71236883124204
0.0	Prolacerta	76.87024661544174	72.40878120980378
0.0	Prolacertoides	76.89429586857389	76.6502224478037
0.0	Prosantosaurus	66.41710588627014	65.72888882150184
0.0	Prosaurosphargis	72.59863004439954	72.18198158523731
0.0	Protanystropheus	70.96030160018988	67.26851514776877
0.0	Protecovasaurus	54.06478343583622	33.0071300735731
0.0	Protenodontosaurus	60.887780558828865	59.38589686417905
0.0	Proteosaurus	26.66822221737971	25.190641863232575
0.0	Proterochampsa	60.74242152746584	59.292283326647386
0.0	Proterochersis	48.07833419848142	32.60125401625435
0.0	Proterosuchus_Temperate_N	76.83379293511588	76.13737093397066
0.0	Proterosuchus_Temperate_S	76.9029974849417	72.0290557944111
0.0	Protoavis	50.23409315395851	32.594882318817945
0.0	Protocaptorhinus	114.67876098765218	104.93453897496393
0.0	Protoichthyosaurus	26.748610570079506	25.98637220820553
0.0	Protome	34.33446912563583	32.793358320587245
0.0	Protorosaurus	85.20799295484888	79.39270263098759
0.0	Protorothyris	123.9536852894755	118.57369262295289
0.0	Protosuchus	33.1633009852622	24.645794509441224
0.0	Provelosaurus	91.92752258261677	89.33079866349316
0.0	Psephochelys	55.04902880556018	53.62194654983217
0.0	Psephoderma_Temperate_N	32.03107636544256	25.762797445006814
0.0	Psephoderma_Tropical_N	44.088718415925726	36.36272594517738
0.0	Psephoderma_Tropical_S	69.30971293081963	67.01517312349178
0.0	Psephosauriscus	70.13290820649264	64.68054492374245
0.0	Psephosaurus_Temperate_N	64.55136346430318	63.82838873592207
0.0	Psephosaurus_Tropical_S	72.23737062497946	66.85494747326881
0.0	Pseudhesperosuchus	49.80699828145189	48.00137523345885
0.0	Pseudochampsa	55.17514449761427	53.71106847274599
0.0	Pseudotetrasauropus_Temperate_N	42.7162214985158	41.01857816291199
0.0	Pseudotetrasauropus_Tropical_N	52.57089434618485	30.040677303990094
0.0	Pterodactylus	24.992685872580935	24.19454740609726
0.0	Pumiliopareia	83.34490425862217	83.23681616483083
0.0	Qianichthyosaurus	64.83161877573123	53.209252315915315
0.0	Qianosuchus	69.4751000450903	68.53602445669262
0.0	Qianxisaurus	63.324726768364435	62.42097297772253
0.0	Quasianosteosaurus	73.94779609794533	73.5219949354666
0.0	Raeticodactylus	29.29222241753277	28.504261329649122
0.0	Rautiania	88.68706761426363	85.36354802193338
0.0	Redondasuchus	51.758073619463914	38.00092513637202
0.0	Redondavenator	50.78261745713102	48.81987212785611
0.0	Revueltosaurus	59.10542873582839	32.66238679604748
0.0	Rhaeticosaurus	29.222451725515462	28.47572727968515
0.0	Rhipaeosaurus	92.4419681363324	86.67402615475275
0.0	Rhomaleosaurus	35.12699343909262	23.776258487495568
0.0	Rhombopholis	72.35044610227344	68.56326299516297
0.0	Rioarribasuchus	52.714186899782746	33.55530766344727
0.0	Riojasaurus	48.06779767213661	38.319847649347565
0.0	Riojasuchus	35.684444249395035	34.02724042185861
0.0	Romeria	119.12205873979813	118.18162452715407
0.0	Rothianiscus	97.90899194592255	89.60512708138222
0.0	Rotodactylus	39.722461270284	38.07830935304701
0.0	Ruehleia	53.30839265814821	46.668406609069365
0.0	Rugarhynchos	38.91772236576915	37.38063985372607
0.0	Ruhuhuaria	67.4609257999133	66.76917895947906
0.0	Rutiodon	55.986496822510865	32.99331212898492
0.0	Sacisaurus	42.325298712767335	40.63330174669645
0.0	Saltoposuchus	44.273462981396456	32.111329583998256
0.0	Sanchiaosaurus	69.84742255549968	69.11237306930677
0.0	Sanchuansaurus	78.19259779112679	78.08374207428156
0.0	Sanjuansaurus	62.23948183895879	61.134068746149474
0.0	Santaisaurus	76.95515021573556	75.941766607811
0.0	Sarcosaurus	25.567803039777974	24.79487877110465
0.0	Sarmatosuchus	68.33579837444483	67.62478542552111
0.0	Saturnalia	59.8574712754712	37.92018168660303
0.0	Saurischichnus	52.37448886760964	32.30385049980356
0.0	Saurodektes	76.89985812648777	75.91666940233189
0.0	Sauropareion	76.07268468287465	71.90063269212487
0.0	Sauropus	26.222344068962013	25.467910758236275
0.0	Saurorictus	81.12318351873294	81.01497145447651
0.0	Saurosternon	83.52812260138003	83.42099259142441
0.0	Saurosuchus	60.195317672828544	58.517032936978254
0.0	Scelidosaurus	26.652488772735644	25.895723740737395
0.0	Scharschengia	73.43551437261871	73.01984201322904
0.0	Schleitheimia	39.85338775938374	38.2623540109585
0.0	Sclerocormus	73.1448694403258	72.72532936671823
0.0	Sclerosaurus	72.57086353369264	68.42467580583792
0.0	Sclerostropheus	50.22178173524504	48.36094478307238
0.0	Scoloparia_Temperate_N	29.09892226932103	28.341821466684994
0.0	Scoloparia_Tropical_N	57.09542051835535	53.40121697276248
0.0	Scolotosuchus	73.631237401053	73.21279035171908
0.0	Scutarx	43.94221335772554	34.37421003718422
0.0	Scutosaurus	90.54027678778031	81.70851384354634
0.0	Scythosuchus	75.24020801436147	74.81209100003079
0.0	Seazzadactylus	50.566863417748245	48.66954794950406
0.0	Selenichnus	26.349803512625616	24.019195264411227
0.0	Serpianosaurus	72.08887362849933	62.0377908333359
0.0	Shansisuchus	72.37579772520868	66.86512648896804
0.0	Shastasaurus_Temperate_N	40.78153888112671	39.11020940830875
0.0	Shastasaurus_Tropical_S	62.31935692000334	56.88083942666162
0.0	Shihtienfenia	78.89068241378473	76.38966900004752
0.0	Shonisaurus_Temperate_N	59.660830422300364	26.785620474701187
0.0	Shonisaurus_Tropical_N	53.74862513231936	41.20081863699292
0.0	Shringasaurus	69.95663917706868	66.826184525759
0.0	Shuangbaisaurus	25.87155491750828	25.121726636721164
0.0	Shuvosaurus	51.80255077573953	27.768337685224783
0.0	Sigmala	62.100330827635865	53.197837466068876
0.0	Sikannisuchus	53.70475047033602	33.71563032863851
0.0	Silesaurus	55.30973518862558	53.82139359656721
0.0	Sillosuchus	60.57836669932581	58.97747947158951
0.0	Simosaurus_Temperate_N	67.8391170879717	28.615153247929765
0.0	Simosaurus_Tropical_S	68.51816738934563	67.81165134074138
0.0	Sinocyamodus	56.34352676318335	54.74120424219062
0.0	Sinosaurosphargis	70.06139392632367	68.30248312457282
0.0	Sinosaurus	26.78810362662153	24.37739324786005
0.0	Skybalonyx	41.14748887255343	39.47228453540648
0.0	Smilodonterpeton	33.519066671703335	32.58783568777863
0.0	Smilosuchus	61.442421651454936	32.64303194876054
0.0	Sophineta	73.09888767785289	72.679912454902
0.0	Soturnia	48.53292042084154	36.42292707359468
0.0	Soumyasaurus	49.67595485895323	47.923979029903656
0.0	Sphenotitan	51.61889396832653	46.047975352934614
0.0	Sphodrosaurus	36.94243971621633	35.328223966572004
0.0	Spinosuchus	57.09838974058036	39.3937250383576
0.0	Spondylolestes	79.5332544688615	76.60765794240292
0.0	Spondylosoma	67.28951372532603	61.420672637380704
0.0	Stagonolepis_Temperate_N	53.48410652460101	51.55411003553205
0.0	Stagonolepis_Tropical_N	42.31808911686841	35.454236437028094
0.0	Stagonolepis_Tropical_S	43.44636338810597	41.569232190572095
0.0	Stagonosuchus	72.53965196834342	68.02137901048076
0.0	Staurikosaurus	58.777594804325936	57.163364814349684
0.0	Stauromatodon	62.67915298594426	61.53563661980824
0.0	Stegomus	45.20431598328744	34.835467859738294
0.0	Stenaulorhynchus	70.14896529382992	66.61247103977998
0.0	Stenomyti	52.308348556087644	50.235033478670644
0.0	Stenoscelida	45.269706377826125	43.55264466889977
0.0	Stereosternum_Antarctic	109.93433835951447	109.62652414848903
0.0	Stereosternum_Temperate_S	115.85306451314916	107.44174816632413
0.0	Styracocephalus	88.26890683715271	84.99815865446956
0.0	Syntarsus	28.208704566731925	27.431245990892638
0.0	Syntomiprosopus	42.42735369097352	40.72438319156742
0.0	Tachiraptor	25.344632672933336	24.579793363210666
0.0	Tanaisosaurus	74.10660371088917	73.68337385210339
0.0	Tanystropheus_Temperate_N	72.53875488843394	28.29649914423923
0.0	Tanystropheus_Tropical_N	71.06345937206946	59.98146904158556
0.0	Tanystropheus_Tropical_S	69.77634565343148	66.48622696187644
0.0	Tanytrachelos	52.37163143646201	39.20863737463296
0.0	Tarjadia	67.63531559685015	60.02242921088748
0.0	Tarsodactylus	26.175013178530477	25.413787218123577
0.0	Tasmaniosaurus	76.90710048341131	76.2194949299146
0.0	Tawa	52.928845245119554	35.00613983397278
0.0	Taytalura	53.88529983934184	52.58492590589523
0.0	Technosaurus	41.17721901566254	39.58114340031536
0.0	Tecovasaurus	49.821867919563026	32.65744119152315
0.0	Tecovasuchus	51.05484551349081	32.182183422291814
0.0	Teleocrater	71.5368851833277	66.58004376534926
0.0	Temnodontosaurus	26.18308477312152	25.367890980660512
0.0	Teraterpeton	62.39463152651177	59.98589197323942
0.0	Teratophon	71.37513037836653	66.89460385051649
0.0	Teratosaurus_Temperate_N	71.08618398844739	41.948245419669185
0.0	Teratosaurus_Temperate_S	75.48627479059485	75.06627638063108
0.0	Termatosaurus	35.4107633861176	26.54206078721615
0.0	Terrestrisuchus	61.47648298846621	53.604515723192584
0.0	Tetrasauropus_Temperate_N	49.292181660082825	47.66100838775969
0.0	Tetrasauropus_Temperate_S	70.38490612426006	61.207738204033824
0.0	Teyujagua	72.50744667453822	72.10268004211774
0.0	Teyumbaita	53.59245715318877	32.47741784551847
0.0	Thadeosaurus	83.41101341235057	83.30101738640255
0.0	Thaisaurus	73.76471633897886	73.34089228986268
0.0	Thalassiodracon	32.95398418372957	24.23164394513043
0.0	Thalattoarchon	69.47696087257023	68.77142887503088
0.0	Thalattosaurus	68.73239985336235	66.0520233979137
0.0	Thecodontosaurus	64.6814729389522	26.43939911434469
0.0	Theledectes	67.8320086466	67.12059621693157
0.0	Thelephon	69.03080921080887	68.3263721931822
0.0	Thelerpeton	72.30043715329622	70.10941702293766
0.0	Tholodus_Temperate_N	71.55413205850135	67.96936284230976
0.0	Tholodus_Tropical_N	65.88244464243645	65.13131802118741
0.0	Thuringothyris	116.17154908693362	105.80307938131867
0.0	Tichvinskia	75.29794881925311	73.00311910867003
0.0	Ticinosuchus	72.38592777736385	65.97741037677557
0.0	Tikisuchus	55.09755544836573	53.61973638118269
0.0	Timanophon	75.48131620559421	71.9173289655621
0.0	Toretocnemus	57.67801235495915	51.53625556892502
0.0	Trachelosaurus	72.33903757407786	71.89846545235572
0.0	Trialestes	58.78887120589992	56.334937566182816
0.0	Tricuspisaurus	32.65661521620931	31.938618852602275
0.0	Trihamus	26.588776305388848	25.83679360640682
0.0	Trilophosaurus	61.83736700344982	33.79801090090171
0.0	Tropidosuchus	66.95200688864001	61.667056320826724
0.0	Tuebingosaurus	34.421775938979806	32.90445861823651
0.0	Turfanosuchus	72.37188105180152	71.93716272763372
0.0	Typothorax	51.95979896386099	27.946053657493813
0.0	Uatchitodon	61.44587015085391	33.48509246779081
0.0	Unaysaurus	37.4393382555163	32.34370301196322
0.0	Unguinychus	44.3135923400701	42.29213118487349
0.0	Uralosaurus	71.42818787318758	66.51876525145157
0.0	Utatsusaurus	75.89942046385092	73.45128820770583
0.0	Vallesaurus	42.57470144981958	37.79958692804762
0.0	Vancleavea	54.7417868104916	27.609618160199073
0.0	Variodens	35.30534719555411	28.003271358457834
0.0	Vellbergia	62.79577334472312	61.665615367573196
0.0	Velocipes	43.75796911008635	41.85604131193234
0.0	Venaticosuchus	60.491718026738376	58.915628421235105
0.0	Venetoraptor	63.50859726171463	33.356140510931105
0.0	Vinitasaura	53.87415873515542	52.557691144415365
0.0	Vivaron	51.45142984941516	37.1608943583193
0.0	Vjushkovisaurus	70.22241015354766	66.42943686531287
0.0	Volcanosuchus	58.29608501928108	56.67574565207925
0.0	Vonhuenia	76.58936490841954	76.24093001724317
0.0	Vritramimosaurus	76.20598892599273	75.80679263030805
0.0	Vytshegdosuchus	73.76066758937036	73.32951963294917
0.0	Wahlisaurus	25.013382826333057	24.228280585704276
0.0	Waluchelys	51.97729010122203	49.82308387283849
0.0	Wangosaurus	65.226558306926	61.01274982878956
0.0	Wannia	49.31866785095762	37.93847144939212
0.0	Wapitisaurus	74.2151123115718	73.7951199120324
0.0	Weigeltisaurus	85.33744014234136	79.44539981976529
0.0	Whitakersaurus	30.244105429425588	29.465715781973664
0.0	Wimanius	64.9609556837077	64.30725833592876
0.0	Wumengosaurus	72.13806223971466	67.15392898437806
0.0	Xenodiphyodon	61.68544370727982	60.509255779565336
0.0	Xilousuchus	72.35161494214789	71.92416512979128
0.0	Xingxiulong	25.346077522528077	24.598259549507457
0.0	Xinminosaurus	69.4958184221246	68.78066623187922
0.0	Xinpusaurus	65.03073498526155	52.20448385614093
0.0	Xiphopeza	25.879294908344836	25.104217234349143
0.0	Yarasuchus	72.43945654911064	65.81371385304023
0.0	Yelaphomte	49.967013340038335	48.11855892460071
0.0	Yimenosaurus	26.472448939084796	24.408587330213237
0.0	Youngetta	72.62656241665846	72.21876774506217
0.0	Youngina	84.72106351426626	76.44565636748196
0.0	Youngosuchus	70.53442266556321	69.79584149527257
0.0	Yunguisaurus	65.70900669500766	60.73377699217895
0.0	Yunnanosaurus	26.346742241458898	25.492304590436696
0.0	Zanclodon	68.11652221989047	31.05848647144401
0.0	Zhongjiania	83.03411460862725	78.66378749666654
0.0	Zupaysaurus	45.568209294412476	43.78700332356141
