clade	species	ts	te
0.0	Abyssomedon	286.3420492144805	285.7474230272861
0.0	Acadiella	232.13655449156101	230.58629934989398
0.0	Acaenasuchus	227.09826794233345	208.6415867919245
0.0	Acallosuchus	221.86935946137535	220.04724365252952
0.0	Acerosodontosaurus	255.06867983857705	254.95408893595013
0.0	Acleistorhinus	279.2727977089843	277.97655441002723
0.0	Acrodenta	256.9410712832258	256.8126490848228
0.0	Actiosaurus	205.05911911494357	204.14479047186998
0.0	Adamanasuchus	217.6316485673822	215.83506828811616
0.0	Adelosaurus	256.1685063189077	256.06131660103
0.0	Aenigmasaurus	249.8083417750249	249.41556802111913
0.0	Aenigmaspina	231.93556861355867	230.4496019156749
0.0	Aenigmastropheus	256.2585611224088	256.1506601180811
0.0	Aetosauroides	234.6788587159086	209.66475209215827
0.0	Aetosaurus	226.72360847797205	208.32821304392604
0.0	Agkistrognathus	250.1525210453542	249.7269792954516
0.0	Agnosphitys	232.95399204068028	231.35056116603195
0.0	Alexeyisaurus	217.7981996065478	216.07200281124767
0.0	Alwalkeria	233.7053730719912	232.2884127418531
0.0	Amanasaurus	233.0161689108496	210.08539753780235
0.0	Ammorhynchus	247.21248722910806	244.81478062264685
0.0	Ammosaurus	201.47721794179253	199.40689379874067
0.0	Amotosaurus	247.19341220273077	243.68881591366255
0.0	Anarosaurus	246.77369744607697	242.7179584440213
0.0	Anchisauripus_Temperate_N	224.04630329817803	198.63587222856708
0.0	Anchisauripus_Tropical_N	226.5284711007487	198.65255531882116
0.0	Ancistronychus	223.2003957336738	221.19618473105552
0.0	Angistorhinus	237.00378567959925	211.15564946546502
0.0	Anisodontosaurus	246.9720016763535	238.0276224371186
0.0	Anomoepus_Temperate_N	201.3672403814861	199.36226453353962
0.0	Anomoepus_Tropical_N	222.60114025442502	199.0353826852902
0.0	Anomoiodon	247.22740983301594	243.49649825234783
0.0	Anshunsaurus	239.72184352737267	228.40621918505215
0.0	Anthodon	259.31513292456833	254.02297429250876
0.0	Anticheiropus	200.76577025559357	199.905143608214
0.0	Apachesuchus	220.33317669427015	218.49236846193796
0.0	Apatopus_Temperate_N	232.78178583952916	231.2469012506167
0.0	Apatopus_Tropical_N	227.78877990933486	201.83756516776302
0.0	Apatopus_Tropical_S	232.78919390580776	231.2630455467824
0.0	Apatosuchus	215.88715537508114	214.2736577366599
0.0	Aphelosaurus	296.07276076587186	295.0810087896958
0.0	Araeoscelis	290.44666883530965	272.19116233872853
0.0	Archeopelta	240.02136048467997	239.26559205017958
0.0	Archosaurus	260.1693662018869	256.63410201047304
0.0	Arcticodactylus	219.37999156502357	217.5923941096854
0.0	Arganaceras	257.21144254515946	257.06900197161036
0.0	Arganasuchus	233.73280119751593	227.2127399473969
0.0	Argoides	201.576086971632	199.44306789449084
0.0	Arizonasaurus	247.09862360382135	244.9337346749903
0.0	Asilisaurus	247.170124591336	241.9435351962392
0.0	Askeptosaurus	244.08304585902536	236.2613493427965
0.0	Asperoris	245.7712657045484	245.0823585193664
0.0	Asylosaurus	208.3738674392608	201.49547760048904
0.0	Atopodentatus	244.95928159696192	243.788568404055
0.0	Atreipus_Temperate_N	233.58620105201888	232.08878757432814
0.0	Atreipus_Tropical_N	231.65206103475137	214.8510305481239
0.0	Augustaburiania	250.27600303388581	247.37132875780063
0.0	Augustasaurus	243.26532389587567	242.56015665999476
0.0	Australothyris	261.91165431319513	261.49163653630933
0.0	Austriadactylus	214.87239719890079	209.30780390461763
0.0	Austriadraco	211.81300732468512	210.1375074326611
0.0	Avalonnectes	200.7606591509283	199.89552389185093
0.0	Avicranium	204.44585889105034	203.58665895271994
0.0	Azendohsaurus	232.14784001110056	230.59619657817976
0.0	Baeotherates	286.7937791733025	286.41740885240404
0.0	Baisesaurus	248.47388829454277	248.0452938133466
0.0	Barasaurus	260.42719055578397	249.4446991476609
0.0	Barberenasuchus	239.8525900335613	239.14725615731163
0.0	Barracudasauroides	246.66956972897822	242.01298915581853
0.0	Barracudasaurus	246.89902336008566	241.93415681066344
0.0	Barrancapus	223.20142871026098	221.35420924100922
0.0	Bashkyroleter	272.4825951864587	264.4166054536504
0.0	Batrachopus_Temperate_N	246.4902700337127	201.6059482614359
0.0	Batrachopus_Tropical_N	215.0295786355001	199.12639218282337
0.0	Batrachotomus	239.84598185662355	236.35707627201717
0.0	Belebey	270.2309364551868	264.21924272343875
0.0	Benggwigwishingasuchus	245.62523054091832	244.91179609449517
0.0	Bentonyx	245.78839619000735	245.05935040401175
0.0	Bergamodactylus	215.50323022616524	213.89779007255376
0.0	Besanosaurus	241.42956917674297	240.69955811364525
0.0	Blezingeria	244.05545302860605	243.37329121017441
0.0	Blomosaurus	251.74638568011855	251.44667820437527
0.0	Bobosaurus	236.07857861593885	234.74008777067556
0.0	Bolosaurus	295.5212079492362	275.95355900597224
0.0	Boreopricea	250.27547929726921	248.2256371931666
0.0	Brachychirotherium_Temperate_N	233.9949401495651	232.63235458960486
0.0	Brachychirotherium_Tropical_N	231.77168548136933	203.38921538196217
0.0	Brachychirotherium_Tropical_S	233.56997821348506	228.08301820560868
0.0	Bradysaurus	264.6076684563985	258.9117943655169
0.0	Brasinorhynchus	240.99633267791145	237.15945926478992
0.0	Brazilosaurus	291.0245958433375	282.12737899435234
0.0	Bromsgroveia	246.9603184451681	242.07968235223092
0.0	Broomia	263.43599495774004	259.57853020448346
0.0	Bunostegos	252.76901403349638	252.63591284264513
0.0	Buriolestes	235.0466999832518	209.88341942335651
0.0	Bystrowisuchus	249.92270720677718	249.4952463060977
0.0	Callawayia	222.53249809304538	211.3573738284935
0.0	Calyptosuchus	234.0277330717099	208.17453256567276
0.0	Camelotia	207.84745730492926	203.13379976031072
0.0	Camposaurus	218.4972663912234	216.7533358363483
0.0	Candelaria	242.01755105664952	236.2102805874627
0.0	Captorhinikos	283.31503463694986	273.134668574155
0.0	Captorhinoides	281.56083822590557	273.931646086186
0.0	Captorhinus_Temperate_S	256.31813437990655	256.208028344506
0.0	Captorhinus_Tropical_N	287.01678747113425	272.6478334410135
0.0	Captorhinus_Tropical_S	290.55133492385426	274.2581789964513
0.0	Cargninia	218.07832899175574	216.35888278616866
0.0	Carnufex	231.80679587730992	230.40360823432295
0.0	Cartorhynchus	248.2713030190418	247.83652600395985
0.0	Caseosaurus	215.73668139178602	214.05396929317956
0.0	Caviramus	207.26827415817718	206.11317816854202
0.0	Ceresiosaurus	242.23103076723507	237.2051211234474
0.0	Chalishevia	242.0591257267062	236.46580486530056
0.0	Chanaresuchus	241.90761865415243	236.70196552029685
0.0	Chaohusaurus	250.19396269085127	241.70464143917428
0.0	Chasmatosuchus	251.78883375940194	247.2184852747436
0.0	Chelyoposuchus	205.03154900497685	204.13068197520232
0.0	Chinchenia	240.7227641362141	239.89575556506688
0.0	Chindesaurus	226.60526860219846	211.00312483189074
0.0	Chinshakiangosaurus	200.67533446079108	199.81031430276542
0.0	Chirotherium_Temperate_N	235.51138778738044	202.98464441338123
0.0	Chirotherium_Temperate_S	241.1784224912364	237.4738223588956
0.0	Chirotherium_Tropical_N	252.01501827915786	210.9479557528022
0.0	Chromogisaurus	233.9590518453715	232.51959080194314
0.0	Clarazia	243.5926969924698	242.88144786307177
0.0	Claudiosaurus	260.2174944721729	251.6992422443199
0.0	Clevosaurus_Temperate_N	237.00780003949023	199.1512440902973
0.0	Clevosaurus_Temperate_S	233.5211517446445	208.44220093794087
0.0	Coahomasuchus	233.58056268901203	216.82279038938418
0.0	Coartaredens	246.67565306145326	242.3969856682607
0.0	Coburgosuchus	221.9355282545116	220.0384864248713
0.0	Coelodontognathus	250.1175452354914	247.27753296148356
0.0	Coelophysis_Tropical_N	228.05636878290125	199.9871779178171
0.0	Coelophysis_Tropical_S	217.28211227043755	215.54383682544253
0.0	Coelurosauravus_Temperate_N	256.97854838696065	256.87050989855885
0.0	Coelurosauravus_Temperate_S	258.2010459876011	252.7873874685593
0.0	Coelurosaurichnus_Temperate_N	246.39779253353962	202.84247161602548
0.0	Coelurosaurichnus_Tropical_N	246.23591678876534	211.4249203932358
0.0	Coelurosaurichnus_Tropical_S	233.54486780237588	229.0674010210975
0.0	Coletta	249.25974841840133	248.82734865094992
0.0	Collilongus	249.34520786564678	248.92611615406588
0.0	Colobomycter	290.45335212002857	282.95538702070803
0.0	Colobops	217.61544127837885	215.89215225715154
0.0	Coloradisaurus	223.6893132602891	211.62286600177436
0.0	Coloradisuchus	217.99334908207467	216.3108078593932
0.0	Concavispina	231.56090091130395	229.98306705864027
0.0	Contectopalatus	243.19099391840135	242.47665932191543
0.0	Corosaurus	248.71658753884105	247.23221783697582
0.0	Cosesaurus	238.55277132935908	237.76431736967155
0.0	Crosbysaurus	227.95828473345742	208.65665966639978
0.0	Ctenosauriscus	248.4887845884364	248.0633326589345
0.0	Cyamodus	246.55731631289223	227.98723006162632
0.0	Cymatosaurus	246.95318271233822	242.3467478560826
0.0	Cymbospondylus_Temperate_N	245.28040476593674	236.26348574157183
0.0	Cymbospondylus_Tropical_N	249.2125558793872	237.59399971908942
0.0	Czatkowiella	249.24945682479336	248.8228922408361
0.0	Dactylosaurus	246.98828283063574	242.43100971396115
0.0	Daemonosaurus	205.66958338756655	204.73727167042455
0.0	Dagasuchus	234.0274163531181	232.58869793778936
0.0	Dawazisaurus	244.17990197753926	243.45867520783744
0.0	Decuriasuchus	243.99011413785865	236.42976015698704
0.0	Delatorrichnus	200.73194770063185	199.8699429912148
0.0	Delorhynchus	289.6610359400615	281.99922496440473
0.0	Deltadectes	221.23384038957897	203.95080233366514
0.0	Deltavjatia	264.79601697353615	259.61397671837545
0.0	Desmatosuchus	233.49034061985546	208.83660629651186
0.0	Diandongosaurus	244.58885444471372	243.85916358001907
0.0	Diandongosuchus	239.61239109914743	238.83294962035313
0.0	Dianmeisaurus	245.28218597745268	242.8622397644004
0.0	Dianopachysaurus	244.62162732842864	243.89043444633663
0.0	Dimetropus	290.8145954277275	282.27438917263163
0.0	Dimorphodon	200.90615555576235	200.04852395137834
0.0	Dinocephalosaurus	244.9287796667893	243.63346803243607
0.0	Diphydontosaurus_Temperate_N	236.8375736264119	201.67684357597264
0.0	Diphydontosaurus_Tropical_N	215.5488946190332	213.93601945473233
0.0	Diphydontosaurus_Tropical_S	220.38891937432376	218.59587900556107
0.0	Dolabrosaurus	216.0861501819795	214.42363889234863
0.0	Dolerosaurus	230.08927872001988	228.607498135262
0.0	Dolichobrachium	233.81094653501103	232.33899283591555
0.0	Doliovertebra	245.4436611958714	244.69911745566276
0.0	Dongusuchus	245.9565316559051	242.1158304991345
0.0	Dorosuchus	246.00129983249667	243.00278510345353
0.0	Doswellia	237.47214430131558	210.41263472525642
0.0	Dracoraptor	200.88229729434806	200.01959788918944
0.0	Drepanosaurus_Temperate_N	216.2131703126758	214.57582691638902
0.0	Drepanosaurus_Tropical_N	224.40618338925438	203.26631224419003
0.0	Dromomeron_Temperate_S	219.396086587982	217.56114358834984
0.0	Dromomeron_Tropical_N	225.65149165854507	203.25561101828453
0.0	Dromomeron_Tropical_S	225.82140967628857	209.9253166482451
0.0	Dyoplax	232.0820772917947	230.56223995548967
0.0	Ebrachosuchus	233.27296769636902	231.85770095484048
0.0	Effigia	208.31058438066387	201.9273954559441
0.0	Efraasia	219.50067839628682	211.48214962993896
0.0	Eifelosaurus	246.09688580036354	245.32742345743713
0.0	Elachistosuchus	205.44324241775223	204.52521127115162
0.0	Elessaurus	249.17825829281173	248.76324663318474
0.0	Elginia	257.30338682819064	251.8043563073744
0.0	Embrithosaurus	264.70035075682694	259.57005997461806
0.0	Emeroleter	264.839988036331	259.88626737462675
0.0	Endennasaurus	215.42269791422513	213.8058157766478
0.0	Energosuchus	241.4081967249102	236.66362117354046
0.0	Eodromaeus	230.96103446745576	229.49075455139132
0.0	Eohupehsuchus	248.2050642162765	247.7699182450123
0.0	Eohyosaurus	246.3504229413381	242.42035708030036
0.0	Eomurruna	251.84077472713895	251.21866704119964
0.0	Eoplesiosaurus	200.72737597896742	199.8697097292595
0.0	Eoraptor	235.55996660587704	229.5294263917644
0.0	Eorasaurus	262.4455885354222	262.00072162961436
0.0	Eorhynchochelys	231.7316203920457	230.25150260460032
0.0	Eosauropus_Temperate_N	225.5739168160298	213.0337062301467
0.0	Eosauropus_Tropical_N	226.00683260328037	210.05062357004368
0.0	Eretmorhipis	240.762123103064	240.0670143571212
0.0	Erpetosuchus	218.60302353306358	216.80086681808547
0.0	Erythrosuchus	247.03937744244166	242.12187474858266
0.0	Erythrovenator	233.52966142045702	232.00179365086333
0.0	Eshanosaurus	200.73261550110357	199.85973555915956
0.0	Eubrontes_Temperate_N	227.16978197639244	199.16187270863807
0.0	Eubrontes_Tropical_N	226.30504715744146	199.19387442995628
0.0	Eucoelophysis	222.92953208415196	202.6589740658891
0.0	Eudibamus	286.87697128965243	286.57179540301644
0.0	Eudimorphodon	220.17429272363353	201.19147438908124
0.0	Eumetabolodon	249.12598737826198	242.57971000439258
0.0	Eunotosaurus	264.68043964859135	259.6824539026269
0.0	Euparkeria	246.82155659276413	241.96832991946158
0.0	Eurhinosaurus	200.84819653659068	199.98030840704115
0.0	Eurycleidus	201.10440830542694	200.2469053588523
0.0	Eusaurosphargis	246.64430970731814	238.78571096126717
0.0	Euscolosuchus	234.0221116761804	232.55608646144023
0.0	Evazoum	232.60372439799627	203.31832742722986
0.0	Fasolasuchus	219.19455183710565	217.38837035108406
0.0	Faxinalipterus	221.64639016161766	211.4116744423119
0.0	Feeserpeton	286.27085198952705	285.81852018542
0.0	Feralisaurus	245.29798199246986	244.58705070076167
0.0	Fodonyx	247.22739491822824	241.95217284543642
0.0	Fraserosphenodon_Temperate_N	232.71482229307134	231.07757605983033
0.0	Fraserosphenodon_Tropical_S	217.68320866575067	215.9257550482538
0.0	Fraxinisaura	238.79525951358895	238.0639157676678
0.0	Fugusuchus	246.62313282524778	246.00432013837795
0.0	Fuyuansaurus	239.54607282777945	238.84349675050848
0.0	Galesphyrus	258.20859497230276	255.1865694822348
0.0	Gamatavus	241.4426882965119	237.5808956813087
0.0	Gansurhinus	272.2288681019388	255.47261045475398
0.0	Garjainia_Temperate_N	250.28149323168307	247.15437587272254
0.0	Garjainia_Temperate_S	251.0715068371273	247.0939324108495
0.0	Garzapelta	218.7906491076081	216.98670969528715
0.0	Gecatogomphius	276.0941620387112	268.2703765676635
0.0	Gephyrosaurus	207.2233339864327	202.5751666090146
0.0	Glaurung	256.02963946165664	255.9231314996538
0.0	Glyphoderma	238.85567990905355	238.03657581020903
0.0	Gnathovorax	232.97472479071277	216.49655988031768
0.0	Gojirasaurus	218.3135285370667	216.52568694674775
0.0	Gomphiosauridion	231.7594382609815	230.2766570119877
0.0	Gorgetosuchus	232.9873243492232	231.54204859375952
0.0	Gracilisuchus	241.3182448495261	236.8627995306184
0.0	Grallator_Temperate_N	233.61165319403213	198.82005118394858
0.0	Grallator_Temperate_S	233.04458585296663	214.74496699595358
0.0	Grallator_Tropical_N	234.28265741818495	199.23180619420523
0.0	Graoullyodon	206.74481502233087	205.70658208354612
0.0	Gregaripus	227.70771537897605	212.66133609044877
0.0	Gresslyosaurus	223.41852969755922	207.88015287473493
0.0	Grippia	250.60443218914185	247.39670681113947
0.0	Guaibasaurus	226.62339815333016	208.45355990660838
0.0	Gualosuchus	241.28682850586407	237.3888792351019
0.0	Guanlingsaurus	233.35681042188511	227.5128985776821
0.0	Guchengosuchus	245.2208346852469	244.4603889108712
0.0	Guizhouichthyosaurus	241.03331783262647	227.2475773415199
0.0	Gulosaurus	250.8696943976933	249.3323361514476
0.0	Gunakadeit	217.61660402624747	215.91330369978795
0.0	Gwyneddichnium	225.95859575537716	201.8187503190159
0.0	Gyposaurus	201.5783328481196	199.6569567934392
0.0	Halazhaisuchus	245.14236113019862	244.3882873975419
0.0	Haligonia_Temperate_N	207.52311372064744	202.69430135179815
0.0	Haligonia_Tropical_N	232.32267815729003	230.74056973075258
0.0	Hanosaurus	249.64339858103602	249.21789400380837
0.0	Helcura	201.57106809466828	199.60829016663783
0.0	Helveticosaurus	242.12170963329294	241.43983610118147
0.0	Hemilopas	248.09253645592244	242.87961171989008
0.0	Hemiprotosuchus	224.63679061474878	212.94029478614704
0.0	Heptasuchus	232.33279715984335	230.8860140193015
0.0	Herrerasaurus	236.48010518364566	227.14585736488942
0.0	Hescheleria	243.04173848017916	242.34726194679104
0.0	Hesperosuchus	226.70348065475832	202.61104372906476
0.0	Heterodontichnites	233.5673265836976	214.53702665281082
0.0	Heteropelta	245.15516353018563	244.40810831183194
0.0	Himalayasaurus	215.73314168879563	214.09641708369762
0.0	Hispaniasaurus	239.91651625691352	239.19282072071235
0.0	Honghesaurus	244.56560354879477	243.8345821069806
0.0	Horaffia	240.02997729488902	236.31764124726274
0.0	Hovasaurus	259.60732035335616	249.9303090614965
0.0	Howesia	245.7256983010992	243.03011562844594
0.0	Hudsonelpidia	218.3263235398364	216.54932683002986
0.0	Hupehsuchus	250.56037191699485	237.80634302191976
0.0	Hwiccewyrm	236.50194172514819	227.39097003931712
0.0	Hyloidichnus	256.5062071926256	251.83318053527069
0.0	Hyperodapedon_Temperate_S	236.6305477536028	208.2106240505474
0.0	Hyperodapedon_Tropical_N	234.60133235021854	229.14308618678328
0.0	Hypselorhachis	244.98312668037823	244.23461502399704
0.0	Hypsognathus_Temperate_N	204.833892229411	203.89665728794307
0.0	Hypsognathus_Tropical_N	233.05045224743583	203.460147057818
0.0	Hypuronector	221.76081870182193	210.79523399069544
0.0	Icarosaurus	219.86953095356384	218.0234450228502
0.0	Ichthyosaurus_Temperate_N	208.4590389875146	199.29395123347902
0.0	Ichthyosaurus_Tropical_N	225.6624263263297	209.57165151008354
0.0	Ichthyotitan	205.4790968622063	204.6277506253949
0.0	Idiosaura	233.70252557129876	232.2512567902584
0.0	Ignotosaurus	232.28815656482885	230.77216454425064
0.0	Incertovenator	231.0510064486087	229.61493421456703
0.0	Ingentia	219.25622910382137	217.42621870431037
0.0	Isfjordosaurus	248.38862792807376	247.9548114036223
0.0	Ixalerpeton	236.3427304622625	213.52950480166183
0.0	Jaklapallisaurus	218.06127156379017	216.3254914396287
0.0	Jaxtasuchus	239.7414399692734	236.47895984413816
0.0	Jesairosaurus	245.90501209858485	245.21804887397755
0.0	Jingshanosaurus	201.5779360987147	199.16157032189383
0.0	Jushatyria	244.85645789040115	244.16207985803007
0.0	Kadimakara	251.82192463327132	251.23000776751633
0.0	Kalisuchus	251.6047736152897	251.263422728632
0.0	Kapes_Temperate_N	251.1474120549833	243.91657103494612
0.0	Kapes_Tropical_N	246.70803343633966	242.8662300326308
0.0	Kayentapus_Temperate_N	201.53401076158738	199.3208033171333
0.0	Kayentapus_Tropical_N	228.15902962206258	199.61692161057255
0.0	Keichousaurus	249.4744434568313	235.92264875674036
0.0	Kholumolumo	227.87839566406288	209.16005904007446
0.0	Kinelia	258.06296540431464	257.9320111464708
0.0	Kintneria	224.84989460271777	209.66417292640762
0.0	Kitchingnathus	249.78532175955337	249.36159631548878
0.0	Kocurypelta	216.58946632390618	214.85397347859953
0.0	Koiloskiosaurus	246.80171550999697	246.06617532050893
0.0	Komlosaurus	201.64124241926692	199.289680818648
0.0	Krzyzanowskisaurus	235.37821936778897	209.79117898297056
0.0	Kudnu	251.85129258852297	251.13454730140216
0.0	Kuehneosaurus	236.82479297598132	204.34999309233135
0.0	Kuehneosuchus	205.5892254030597	204.6995653650842
0.0	Kuruxuchampsa	231.89806705574068	230.43400909951532
0.0	Kwangsisaurus	250.74210581295713	247.89916530834813
0.0	Labidosaurikos	283.0457633672913	273.06014161102695
0.0	Labidosauriscus	290.44511123780677	281.7933366695158
0.0	Labidosaurus	283.28917794808933	273.09151188386636
0.0	Lagerpeton	242.19164781719826	237.11084732946725
0.0	Lanceirosphenodon	217.6298985850608	215.89104142565023
0.0	Langeronyx	247.10390917553121	239.86147313143206
0.0	Langobardisaurus	217.55803133472546	208.83464555524301
0.0	Lanthaniscus	270.8792154385684	265.7947023358506
0.0	Lanthanolania	267.86015619993935	267.0374570417406
0.0	Lanthanosuchus	263.15446576416235	262.6528990895616
0.0	Laquintasaura	200.820285846778	199.94507818494395
0.0	Largocephalosaurus	245.0971990642446	243.6494552768209
0.0	Lariosaurus	249.14341188036096	236.10959117769505
0.0	Lasasaurus	250.34674159685378	249.93341816330548
0.0	Lavinipes	201.1187522344311	199.45986310635305
0.0	Lepidus	217.99515127744837	216.3041935969187
0.0	Leptonectes	201.47066569887912	199.61637511388324
0.0	Leptosuchus	227.57082570247113	208.22642771296574
0.0	Lessemsaurus_Temperate_S	227.5481759441295	208.56879358791707
0.0	Lewisuchus	241.6768342601593	229.83027462561128
0.0	Libognathus	217.41566259854153	215.53936826353487
0.0	Liliensternus	226.5621794993941	203.7224849886831
0.0	Lindwurmia	200.972001926862	200.113186990003
0.0	Litorosuchus	240.09494044672613	239.37301052639893
0.0	Lophostropheus	205.87720321160256	205.00805330419357
0.0	Lotosaurus	247.2652516642576	242.05749764190506
0.0	Lucasuchus	235.5490593318475	227.47191579047472
0.0	Lucianosaurus	219.0075698680919	217.16701587847842
0.0	Lucianovenator	219.6762239091401	217.9155231725451
0.0	Lufengosaurus	201.61522193179556	199.35018438419092
0.0	Lukousaurus	201.2747859571775	199.4584819766954
0.0	Luopingosaurus	244.7177839173844	243.9869543060761
0.0	Luperosuchus	241.00529804368807	237.7625873514736
0.0	Macgowania	220.40687757863418	210.49841563335787
0.0	Machaeroprosopus	227.50962343757303	201.31072480544856
0.0	Macrocnemus	246.8795879299563	236.5415072228329
0.0	Macrocollum	224.95243727309904	211.04481560801923
0.0	Macroleter_Temperate_N	271.82081482728177	264.47914074427666
0.0	Macroleter_Tropical_N	268.0753579975548	267.2843627173367
0.0	Macroplacus	206.79848023713592	205.84482243662094
0.0	Macroplata	201.10616849565068	200.2454440060371
0.0	Maehary	224.73625445832434	212.86803585149525
0.0	Majiashanosaurus	248.95345434909333	248.52424674066302
0.0	Malerisaurus	221.96234849361667	211.01958370426712
0.0	Malutinisuchus	240.93715434290473	236.71385010014285
0.0	Mambawakale	244.5000227620418	243.77119327822737
0.0	Mandaphon	245.20508230590295	244.46489507162335
0.0	Mandasuchus	246.919768679794	242.1726824416843
0.0	Marasuchus	242.35364209687538	236.63968290766866
0.0	Marcianosuchus	246.2685772743974	245.5163994502748
0.0	Massospondylus	233.93338610187388	232.5110240401177
0.0	Mbiresaurus	235.77094530386893	228.19718076331847
0.0	Megachirella	243.75257446788848	243.0380658326914
0.0	Megalancosaurus	217.71404141193145	209.03380963476437
0.0	Megalosauripus	201.02726667477387	200.15622555442073
0.0	Megalosaurus	204.28031987534078	203.42703306156142
0.0	Megapnosaurus	200.72375627989354	199.852423731207
0.0	Mehliella	234.3917612013892	232.97341825682693
0.0	Melanorosaurus	218.8278577206907	217.01722565588346
0.0	Merriamosaurus	248.34395922607868	247.91635362273337
0.0	Mesodapedon	244.31679390050633	243.5931188926083
0.0	Mesosaurus_Antarctic	290.5060099522222	281.5270478655169
0.0	Mesosaurus_Temperate_S	290.5229272466569	283.1208019231401
0.0	Mesosuchus	247.06588082503137	242.16305762675813
0.0	Metamosaurus	286.5532387252132	286.13081408324314
0.0	Metashastasaurus	224.4342999526767	209.6179373029818
0.0	Microcnemus_Temperate_N	251.84339182033585	247.32608669738605
0.0	Microleter	286.5994889172978	286.153563159627
0.0	Micromenodon	230.2131467852166	228.71852331254593
0.0	Microsphenodon	225.01303689213225	211.8593529858701
0.0	Mikadocephalus_Temperate_N	239.0278419092483	238.27159196596273
0.0	Mikadocephalus_Tropical_N	243.076074088761	242.3587887256892
0.0	Milleretta	260.06078108936686	251.48204477164933
0.0	Millerinoides	255.33335114294368	255.20390993385126
0.0	Milleropsis	259.62536351460597	251.76777680406371
0.0	Millerosaurus	258.8109036375124	252.87518624927517
0.0	Miodentosaurus	234.94018350798459	229.11139038605188
0.0	Mixosaurus	246.99038125104948	237.51918126186874
0.0	Moradisaurus	256.8517823988402	251.48205126987497
0.0	Mystriosuchus_Temperate_N	227.00072940697626	199.3939328327996
0.0	Mystriosuchus_Tropical_N	218.06149064028216	209.16790288503483
0.0	Nambalia	224.32178108923702	209.6653208339464
0.0	Nanchangosaurus	248.55926188741506	240.20869295300125
0.0	Nanoparia	258.52125956984895	255.43019599169082
0.0	Neoaetosauroides	227.29669808638073	208.49862968427314
0.0	Neoprocolophon	244.5997847678842	243.86569978417796
0.0	Neusticosaurus	246.3508042252997	236.3794374661358
0.0	Nhandumirim	224.20704831083654	212.3602887008482
0.0	Nicrosaurus_Temperate_N	226.8748729227507	208.80216963601939
0.0	Nicrosaurus_Tropical_N	220.253439104081	218.44883115586185
0.0	Nochelesaurus	264.31482393476006	259.8464152071667
0.0	Notatesseraeraptor	218.15197060496817	216.33839700733543
0.0	Noteosuchus	251.61227430971135	251.26583857759553
0.0	Nothosaurus_Temperate_N	247.3102498416281	203.94123252168174
0.0	Nothosaurus_Tropical_N	246.25541652449473	236.29766378521663
0.0	Nothosaurus_Tropical_S	248.3485022911239	238.71858096420996
0.0	Nundasuchus	245.91212508151213	245.20281944501667
0.0	Nyasasaurus	246.73967162630373	242.9974655684641
0.0	Nycteroleter	270.3284008387934	265.8217003198382
0.0	Nyctiboetus	280.89717067827934	268.4462640208378
0.0	Nyctiphruretus	273.85987140446616	260.28384544813264
0.0	Obirkovia	262.36682814709826	257.7431693173064
0.0	Odontochelys	232.32207826574196	227.77828730122908
0.0	Omphalosaurus_Temperate_N	248.653349715887	237.66252265170726
0.0	Omphalosaurus_Tropical_N	248.5041335876358	238.20602839596225
0.0	Opisthodontosaurus	290.77947127885494	282.901711646038
0.0	Orenburgia	250.9772341212403	247.31244853133248
0.0	Orovenator	288.48430233197735	282.17097874914526
0.0	Oryctorhynchus	235.2056184216471	230.0955019980309
0.0	Oryporan	250.70822864101788	248.63297015486646
0.0	Osmolskina	249.48788706632192	249.06432146834294
0.0	Otozoum	216.97486467094387	215.23941463301162
0.0	Owenetta	260.17380776660747	249.45061739948932
0.0	Ozimek	233.0290349342623	227.91009227664776
0.0	Pachypes	253.30569822317912	253.1966928276064
0.0	Pachypleurosaurus	243.39989350110352	236.76445839909982
0.0	Pachystropheus	207.95468347513744	202.1848714101138
0.0	Palacrodon_Temperate_S	249.74195764640587	243.9900482483447
0.0	Palacrodon_Tropical_N	221.5789759695547	209.47923280817506
0.0	Palaeagama	252.84618816371662	252.67249075457656
0.0	Palaeochersis	225.35290993846024	212.5689044359934
0.0	Palaeosaurus	232.2219793958757	230.81238215480158
0.0	Palatodonta	245.21805033541787	244.4665745080279
0.0	Paleollanosaurus_Temperate_N	204.91499963980613	204.0615538604319
0.0	Paleollanosaurus_Tropical_S	216.4925130028779	214.74128920863805
0.0	Paliguana	249.03036955245165	248.6044669628684
0.0	Pamelaria	246.6913162111265	242.05199136090792
0.0	Pamelina	249.286556975938	248.85705319344785
0.0	Pampadromaeus	233.67056497029037	213.4904804322716
0.0	Panguraptor	200.69777081481803	199.82528459903926
0.0	Panphagia	231.41512995261178	229.87853877106505
0.0	Pantydraco	233.86577649454716	232.4079096956983
0.0	Panzhousaurus	244.52675480964638	243.8041594908037
0.0	Pappochelys	239.17334058923703	238.49785956171291
0.0	Parabrontopodus_Temperate_N	201.49560059246116	199.3656932647899
0.0	Parahupehsuchus	248.07401371283598	247.643773794889
0.0	Paralonectes	250.73285601982084	239.804121455771
0.0	Paraplacodus	247.33478279335267	236.82178834370535
0.0	Pararcus	245.0174959263427	244.2809083738478
0.0	Parasaurus	259.8040871961527	254.50352167040288
0.0	Parasuchus_Temperate_N	250.63112763746915	226.10044234747048
0.0	Parasuchus_Temperate_S	235.5707164642316	229.5557836187519
0.0	Parasuchus_Tropical_N	235.9339089675856	217.09177331778253
0.0	Parasuchus_Tropical_S	226.58279472017136	214.42421939892668
0.0	Paratypothorax_Temperate_N	226.81342262686627	209.99269940230232
0.0	Paratypothorax_Tropical_N	227.2870495801705	208.63343654641454
0.0	Paratypothorax_Tropical_S	220.49518121921926	218.6363082851517
0.0	Pareiasaurus	264.6881407560696	252.21536246780198
0.0	Pareiasuchus	263.7219327931796	254.0530338869174
0.0	Parringtonia	244.4911789237893	243.74260341874756
0.0	Partanosaurus	239.7376553231272	239.06144227902803
0.0	Parvinatator	245.58993456831263	244.97681351741895
0.0	Parvosuchus	239.4720130791751	238.78147409098978
0.0	Pectodens	244.73915426416238	244.03505395170296
0.0	Pelecymala	235.2940399372268	227.85272529382874
0.0	Pendraig	232.65803562269008	231.11819701006186
0.0	Pentaedrusaurus	246.99335325654565	246.3673636348509
0.0	Permotriturus	264.42428013997926	263.79005017598564
0.0	Pessopteryx	248.45611451371877	243.88595714251093
0.0	Peteinosaurus	217.1640417594452	212.38915597191328
0.0	Phaanthosaurus	251.90815489148312	251.1355019069546
0.0	Phalarodon_Temperate_N	251.2224466884494	241.06453317704592
0.0	Phalarodon_Tropical_N	246.30083502202794	239.80834249188555
0.0	Phantomosaurus	244.5995710007357	243.86193299625654
0.0	Phonodus	251.56243073843424	251.21026334026485
0.0	Pisanosaurus	232.66120179495394	231.02392491530702
0.0	Pistosaurus	246.13329918191457	236.98467708014886
0.0	Placochelys	236.3830932280911	213.5447959359285
0.0	Placodus_Temperate_N	246.95277326543902	236.85774317609383
0.0	Placodus_Tropical_N	245.80002383160948	243.2521861275804
0.0	Placodus_Tropical_S	247.65969929279007	239.2262456031722
0.0	Planocephalosaurus_Temperate_N	237.21207601811142	202.69823356595404
0.0	Planocephalosaurus_Tropical_S	216.1465848590687	214.36606118104902
0.0	Plateosauravus	226.56636658560174	209.7887287533648
0.0	Plateosaurus_Temperate_N	227.25449384050285	200.16966537025576
0.0	Plateosaurus_Temperate_S	225.59413901477902	209.94998090807982
0.0	Platypterna	220.67943748615136	198.77752494527633
0.0	Plectropterna	201.60289069859783	199.3018885946899
0.0	Plesiornis	201.0307060847146	200.1777143934089
0.0	Plesiosaurus	208.27285055853204	199.60339736895745
0.0	Polesinesuchus	233.18916634017828	231.74132745936296
0.0	Polonosuchus	229.95043799225343	228.5105420748691
0.0	Polymorphodon	239.15038004732327	238.4555553290994
0.0	Poposaurus	235.842399725278	203.5791010171377
0.0	Postosuchus	232.63713542848487	201.84273213669016
0.0	Powellvenator	220.1974208782404	218.421421367789
0.0	Pravusuchus	217.97141787765608	216.29273401711603
0.0	Preondactylus	217.48093192554205	209.78964506123685
0.0	Prestosuchus	242.05389693296402	231.3520230292768
0.0	Procerosuchus	240.03244860332364	239.30576598061197
0.0	Procolina	249.47818940405506	249.05589054974683
0.0	Procolophon	251.84859828911155	247.11551340896696
0.0	Procolophonichnium_Temperate_N	245.83769066401956	243.0795743430562
0.0	Procolophonichnium_Temperate_S	249.96475289317087	249.55069258800367
0.0	Procompsognathus	215.54427917258843	213.9541243786082
0.0	Proganochelys_Temperate_N	227.0285982877699	203.21884098022247
0.0	Proganochelys_Tropical_N	217.0158100311161	215.233878198944
0.0	Prolacerta	251.80265130891073	247.55617836339636
0.0	Prolacertoides	251.69814715508286	251.39044420840003
0.0	Prosantosaurus	241.1642761595837	240.4882072664777
0.0	Prosaurosphargis	248.11980658224783	247.68927623927814
0.0	Protanystropheus	246.5445965048254	243.34004836465144
0.0	Protecovasaurus	226.37890912500544	210.3754914955425
0.0	Protenodontosaurus	235.66851476530917	234.23166597273556
0.0	Proteosaurus	201.33258289607042	199.61478963216774
0.0	Proterochampsa	232.01826184424633	230.5380771593673
0.0	Proterochersis	225.4246762373307	210.09171005699574
0.0	Proterosuchus_Temperate_N	251.8061704831653	251.24390805669276
0.0	Proterosuchus_Temperate_S	251.84056524810663	247.15072041530703
0.0	Protoavis	226.51138537495132	210.44224607041158
0.0	Protocaptorhinus	289.9715763952049	281.6318213821136
0.0	Protoichthyosaurus	201.14212593348336	200.2744146002294
0.0	Protome	214.9289306950491	213.22703511669627
0.0	Protorosaurus	260.1468386652962	254.0629094483273
0.0	Protorothyris	299.1190144466612	293.48332290872895
0.0	Protosuchus	206.7559250912494	199.2170173627905
0.0	Provelosaurus	267.2374521167612	262.8012081536547
0.0	Psephochelys	230.47143902633402	228.98228021614662
0.0	Psephoderma_Temperate_N	207.7790159066733	201.75228596488074
0.0	Psephoderma_Tropical_N	217.3516093346605	212.541500944995
0.0	Psephoderma_Tropical_S	243.95201282169901	241.12964678854894
0.0	Psephosauriscus	246.54258482431732	238.77180328030468
0.0	Psephosaurus_Temperate_N	238.58344777115155	237.7679504555113
0.0	Psephosaurus_Tropical_S	245.54148225087636	241.80179873546982
0.0	Pseudhesperosuchus	218.10332012357728	216.34808079019342
0.0	Pseudochampsa	231.60635913015537	230.08298660222007
0.0	Pseudotetrasauropus_Temperate_N	217.42140039115853	215.6359564986584
0.0	Pseudotetrasauropus_Tropical_N	226.13255669939846	202.53921492623448
0.0	Pterodactylus	200.57695795306617	199.70486591630242
0.0	Pumiliopareia	257.13508385844113	257.02785880060156
0.0	Qianichthyosaurus	239.6206671071969	227.67658292973994
0.0	Qianosuchus	244.87352837694203	243.5040195541611
0.0	Qianxisaurus	239.7837161722638	239.05711820725318
0.0	Quasianosteosaurus	248.3640172288484	247.93151556480723
0.0	Raeticodactylus	209.04631511628511	207.68667354637122
0.0	Rautiania	263.76974770108626	258.9936258632882
0.0	Redondasuchus	223.96530400993205	209.47987988165923
0.0	Redondavenator	219.44237114926216	217.52174066341368
0.0	Revueltosaurus	233.6324556925607	208.03692036610119
0.0	Rhaeticosaurus	206.35068006381184	205.450808489765
0.0	Rhipaeosaurus	267.3590456137318	261.0398557687281
0.0	Rhomaleosaurus	205.8693898750811	199.24117797334142
0.0	Rhombopholis	246.0643230710391	240.58366249612672
0.0	Rioarribasuchus	225.2332471187519	208.92275996182974
0.0	Riojasaurus	223.95140931163715	211.29431986439175
0.0	Riojasuchus	216.83253618992083	215.1495502042022
0.0	Romeria	296.73065382193704	295.7369740088501
0.0	Rothianiscus	272.1522226890985	264.6273478286234
0.0	Rotodactylus	219.15766576933396	217.3337794252824
0.0	Ruehleia	224.87466459391095	213.19194470093476
0.0	Rugarhynchos	217.99556828062924	216.18490289297617
0.0	Ruhuhuaria	244.07888124193963	243.3503610713204
0.0	Rutiodon	233.3399120809495	208.20956728675293
0.0	Sacisaurus	220.98553384933132	219.09902649489334
0.0	Saltoposuchus	221.2425637768858	211.08394553247936
0.0	Sanchiaosaurus	244.38125750023804	243.68218492339983
0.0	Sanchuansaurus	253.138293427879	253.02163542798718
0.0	Sanjuansaurus	231.28240325178515	229.83549769000734
0.0	Santaisaurus	251.85973317672133	251.07864993030248
0.0	Sarcosaurus	200.88226147152375	200.02340899355173
0.0	Sarmatosuchus	245.2605816639763	244.56911872296277
0.0	Saturnalia	234.61082977108669	215.31386093045396
0.0	Saurischichnus	226.48057679079935	209.44690605725538
0.0	Saurodektes	251.87872236822176	249.12945161801616
0.0	Sauropareion	251.53350202129226	247.58651056396332
0.0	Sauropus	201.05984184271	200.19831503713158
0.0	Saurorictus	257.220371147358	257.11356042015404
0.0	Saurosternon	256.45930299885316	256.31351295040463
0.0	Saurosuchus	233.45468148279744	231.98344921882978
0.0	Scelidosaurus	200.89528734924482	200.03014369299348
0.0	Scharschengia	248.3509408955295	247.92456478463237
0.0	Schleitheimia	217.10084282494478	215.33155816350023
0.0	Sclerocormus	248.32254611230363	247.89204213411523
0.0	Sclerosaurus	247.2128667211667	243.70218232877482
0.0	Sclerostropheus	219.99090045806466	218.16004806004668
0.0	Scoloparia_Temperate_N	205.1978383902497	204.25459333262646
0.0	Scoloparia_Tropical_N	234.97946753018564	229.1437701671355
0.0	Scolotosuchus	249.377400337084	248.9503520301424
0.0	Scutarx	226.91533270814037	208.8922761764617
0.0	Scutosaurus	265.19004398667073	256.8593038774398
0.0	Scythosuchus	249.6099592734669	249.1829283049076
0.0	Seazzadactylus	220.53533413251398	218.70253037590336
0.0	Selenichnus	201.31740535748906	199.3934936411477
0.0	Serpianosaurus	246.68778456647334	237.02220520653916
0.0	Shansisuchus	247.31518026167393	241.88899239607045
0.0	Shastasaurus_Temperate_N	215.5618317858874	213.92413308278879
0.0	Shastasaurus_Tropical_S	236.7860283836716	228.36015848909423
0.0	Shihtienfenia	254.15889188488336	251.49660343798416
0.0	Shonisaurus_Temperate_N	232.88998345981733	202.2570036755745
0.0	Shonisaurus_Tropical_N	226.9263611982949	215.860017384667
0.0	Shringasaurus	246.9285565687021	241.86334570067513
0.0	Shuangbaisaurus	200.81975072553772	199.9441054348033
0.0	Shuvosaurus	227.58954509259095	201.71656275609124
0.0	Sigmala	236.53557196918683	227.73793982249967
0.0	Sikannisuchus	227.34482894259318	210.58128294261482
0.0	Silesaurus	230.87602262636864	229.3349378630069
0.0	Sillosuchus	232.7335498112909	231.27543561234694
0.0	Simosaurus_Temperate_N	243.40828022021464	203.4682651575064
0.0	Simosaurus_Tropical_S	243.07126578519495	242.37499334980743
0.0	Sinocyamodus	231.40960296840782	229.8545485314623
0.0	Sinosaurosphargis	244.82751284660492	243.56318059430043
0.0	Sinosaurus	201.6035981914788	199.50829168559312
0.0	Skybalonyx	219.05330621841867	217.28874084560957
0.0	Smilodonterpeton	205.5189693172631	204.6044391137318
0.0	Smilosuchus	232.6835097600078	208.39748676556886
0.0	Sophineta	249.40475958475784	248.98319501889037
0.0	Soturnia	224.68538736999614	209.54171049099835
0.0	Soumyasaurus	218.35852415928073	216.51940320322848
0.0	Sphenotitan	225.7417132474791	210.90071856162635
0.0	Sphodrosaurus	218.0542250248193	216.34787112734233
0.0	Spinosuchus	232.4580998810317	213.799731017657
0.0	Spondylolestes	256.75739902622587	253.2475126618557
0.0	Spondylosoma	241.54327469173847	237.04279742097634
0.0	Stagonolepis_Temperate_N	233.1252385700654	227.72754866503658
0.0	Stagonolepis_Tropical_N	225.98012027844376	209.29483843398103
0.0	Stagonolepis_Tropical_S	217.66412143997488	215.88366404386113
0.0	Stagonosuchus	246.9652123184749	242.5509169279006
0.0	Staurikosaurus	234.5522092441901	233.00266278435106
0.0	Stauromatodon	238.23287553531395	237.3442898865712
0.0	Stegomus	224.787756481802	210.9860826446099
0.0	Stenaulorhynchus	246.7612025118795	241.98342537131606
0.0	Stenomyti	220.60355693859003	218.75586079231402
0.0	Stenoscelida	218.0162786023499	216.29882382494483
0.0	Stereosternum_Antarctic	286.88213913337944	286.31598586131906
0.0	Stereosternum_Temperate_S	290.80417696970613	282.6548989365993
0.0	Styracocephalus	264.35722571060717	259.58355697535376
0.0	Syntarsus	205.53409814231614	204.58381077171424
0.0	Syntomiprosopus	222.15366858625092	220.19034652404034
0.0	Tachiraptor	201.08577419777555	200.23270370017744
0.0	Tanaisosaurus	249.50463126184707	249.07864962013676
0.0	Tanystropheus_Temperate_N	246.48834620474315	202.12346955234344
0.0	Tanystropheus_Tropical_N	245.74967881105297	236.9154606815251
0.0	Tanystropheus_Tropical_S	245.58145035153848	242.75878179646858
0.0	Tanytrachelos	226.385981675964	208.82976645566276
0.0	Tarjadia	241.53772812928986	236.24818058436836
0.0	Tarsodactylus	200.89716552947158	200.0289511987277
0.0	Tasmaniosaurus	251.82449399268617	251.11472296920846
0.0	Tawa	227.83849038999003	208.36409480215954
0.0	Taytalura	230.96249058609948	229.4322230511101
0.0	Technosaurus	216.64395640093912	214.8483989761761
0.0	Tecovasaurus	226.11036903916565	209.86707178078072
0.0	Tecovasuchus	227.03457814385249	209.5894979332886
0.0	Teleocrater	246.75304739453415	241.9832894363829
0.0	Temnodontosaurus	201.30104256989225	199.65970861429437
0.0	Teraterpeton	234.95363649723024	228.7049333921539
0.0	Teratophon	246.32098199924266	242.04562516040596
0.0	Teratosaurus_Temperate_N	243.44866451166314	214.7637770116848
0.0	Teratosaurus_Temperate_S	250.55179816849875	250.13479313441815
0.0	Termatosaurus	208.74814537841348	201.95156012217078
0.0	Terrestrisuchus	236.47337285510883	228.54103541617258
0.0	Tetrasauropus_Temperate_N	220.4091067468949	218.59077284288318
0.0	Tetrasauropus_Temperate_S	244.8006030457437	237.88214192359462
0.0	Teyujagua	249.53695492071665	249.11750724129053
0.0	Teyumbaita	224.54442466906133	208.40419670744797
0.0	Thadeosaurus	256.6053091603194	256.4705048303977
0.0	Thaisaurus	248.1928716295711	247.76024761435926
0.0	Thalassiodracon	208.3514241888822	199.0877414195482
0.0	Thalattoarchon	244.64902715915088	243.9246446379019
0.0	Thalattosaurus	245.3680356356299	240.12878718773536
0.0	Thecodontosaurus	243.68015581118274	200.90408335493575
0.0	Theledectes	244.6812451483533	243.94352887856493
0.0	Thelephon	245.077359421474	244.3310558250963
0.0	Thelerpeton	246.59593861719392	242.82239849857186
0.0	Tholodus_Temperate_N	246.81118668321287	242.3273174607911
0.0	Tholodus_Tropical_N	243.75898155429093	243.05966486292036
0.0	Thuringothyris	290.8644839158047	281.4977170574068
0.0	Tichvinskia	250.86000530209463	247.20062677266628
0.0	Ticinosuchus	246.0954817653741	242.72304434511187
0.0	Tikisuchus	232.76999138923267	231.27179823657337
0.0	Timanophon	250.60011297087465	247.40946909217985
0.0	Toretocnemus	235.23921629512702	228.3646174281603
0.0	Trachelosaurus	246.73762742913402	246.001688795906
0.0	Trialestes	235.31494845053447	227.72086289061758
0.0	Tricuspisaurus	204.8821522389319	204.0309615118146
0.0	Trihamus	200.90962587205178	200.0540606805946
0.0	Trilophosaurus	233.28449558852296	208.3626110745662
0.0	Tropidosuchus	242.28358856182112	236.55067376385946
0.0	Tuebingosaurus	217.39970527610683	215.64758918111394
0.0	Turfanosuchus	245.82286460533604	245.09861412517853
0.0	Typothorax	227.51119005301425	202.0482487919029
0.0	Uatchitodon	234.26432633145802	211.9480583601939
0.0	Unaysaurus	221.80314319305833	212.16425851679145
0.0	Unguinychus	216.47408085441637	214.736048363418
0.0	Uralosaurus	246.1686739941576	242.75694709620458
0.0	Utatsusaurus	250.83486626950705	247.3615686714848
0.0	Vallesaurus	217.696795923032	212.14174149383302
0.0	Vancleavea	234.17944307463108	202.57293076920416
0.0	Variodens	208.3172127142857	201.6808432595534
0.0	Vellbergia	238.47862954009608	237.6259033141905
0.0	Velocipes	220.2396694258233	218.40017839245684
0.0	Venaticosuchus	231.78783119872767	230.31487247520232
0.0	Venetoraptor	233.88225581122603	213.16075734807634
0.0	Vinitasaura	232.99858922854546	231.42644406549962
0.0	Vivaron	225.6512925295365	208.8606328740425
0.0	Vjushkovisaurus	246.13471936041023	242.57579933357852
0.0	Volcanosuchus	231.38599774622412	229.85875008895573
0.0	Vonhuenia	251.62305687936552	251.2913771413208
0.0	Vritramimosaurus	249.77451556630024	249.35322807378714
0.0	Vytshegdosuchus	249.76885763558664	249.3502608561475
0.0	Wahlisaurus	200.68111269439996	199.81677426002943
0.0	Waluchelys	218.99945076851168	217.1526924536504
0.0	Wangosaurus	239.95124017328084	236.3135315404639
0.0	Wannia	221.97296567154976	212.8007847809971
0.0	Wapitisaurus	250.0763485283031	249.65519819868436
0.0	Weigeltisaurus	260.0530537448176	254.23819960057557
0.0	Whitakersaurus	205.4165153980396	204.56170917791147
0.0	Wimanius	241.86732056394163	241.17193503144068
0.0	Wumengosaurus	246.80161697016055	242.20932693599343
0.0	Xenodiphyodon	232.59309095510017	231.15171485348594
0.0	Xilousuchus	245.05849501311292	244.3828180000866
0.0	Xingxiulong	200.82914968022678	199.9566873136279
0.0	Xinminosaurus	244.3846027602242	243.65456907943485
0.0	Xinpusaurus	240.34867607939154	227.38120375788722
0.0	Xiphopeza	200.82213370045875	199.96102410349678
0.0	Yarasuchus	246.76337549697064	242.1410947761717
0.0	Yelaphomte	218.9209575046739	217.0830861883845
0.0	Yimenosaurus	201.49452901982085	199.32256831685206
0.0	Youngetta	249.52167498340327	249.10915819794866
0.0	Youngina	260.41393966921277	251.520546219955
0.0	Youngosuchus	245.6752339393041	244.92678815460684
0.0	Yunguisaurus	241.2808934533475	236.3591349954559
0.0	Yunnanosaurus	201.44845993134118	199.3975258490717
0.0	Zanclodon	241.7203559924265	203.30994371835374
0.0	Zhongjiania	259.40517552620423	254.55992497217295
0.0	Zupaysaurus	215.99705893623144	214.155197747068
