clade	species	ts	te
0.0	Acanthostomatops	117.01459845422711	116.84206574887445
0.0	Acerastea	76.48806445972987	76.40140349774887
0.0	Acheloma	120.1288502076038	86.19205664832415
0.0	Acroplous	123.78172473286644	113.1105888014007
0.0	Actinodon	122.31873937718859	109.55401544272137
0.0	Actiobates	130.173939923962	130.01259320710355
0.0	Adamanterpeton	133.63056567633816	133.47543843321662
0.0	Almasaurus	56.90090794547273	55.78676152426213
0.0	Amphibamus	134.68782326413208	132.22987706503253
0.0	Anakamacops	94.95210437868934	92.7221615827914
0.0	Anaschisma	61.59303870885443	29.873392602301152
0.0	Anconastes	127.3958702036018	127.23798376038019
0.0	Angusaurus	76.4983721995998	70.56192381690845
0.0	Anisodexis	104.2929877463732	103.05991322461232
0.0	Anthichnium	87.16003984642322	85.21776010755377
0.0	Anthracobamus	125.68180225262633	125.51697593396699
0.0	Apachesaurus	61.30523847873937	28.465290100550273
0.0	Apateon	127.4882718754377	87.19316781090546
0.0	Aphaneramma_Temperate_N	76.23891047473737	72.24017214607304
0.0	Aphaneramma_Temperate_S	77.21905285392695	75.25922186393197
0.0	Arachana	50.69230239769885	49.65540146273137
0.0	Archegosaurus	124.51558847723861	106.43685846123061
0.0	Arenaerpeton	74.45731687343671	74.35255732566283
0.0	Aspidosaurus_Temperate_N	97.74184739969985	95.83850189844924
0.0	Aspidosaurus_Tropical_N	127.58680720260129	93.63352789244622
0.0	Aspidosaurus_Tropical_S	126.95202091695847	99.03830584192096
0.0	Astreptorhachis	125.5481873751876	125.39917335867933
0.0	Australerpeton	92.65359310305153	83.3765621745873
0.0	Bageherpeton	91.67647176388193	89.94438626663332
0.0	Banksiops	77.02214113356678	76.27372271735868
0.0	Bashkirosaurus	91.8987674052026	90.08716659529765
0.0	Bathignathus	74.98612187843922	67.54983154477239
0.0	Batrachosuchoides_Temperate_N	76.53484091195598	71.38629757228614
0.0	Batrachosuchus_Temperate_S	76.12307792796398	66.79936842371187
0.0	Benthosphenus	74.908288989995	74.79695105002502
0.0	Benthosuchus	76.7257108114057	72.18931023661831
0.0	Bermanerpeton	126.88051546573286	126.72053099449725
0.0	Boreopelta	73.03163162331165	72.92514901300652
0.0	Bothriceps	85.02682731815908	76.70463029914958
0.0	Brachyops	75.3710946138069	75.26932469134567
0.0	Branchierpeton	130.92267439869934	112.1614965887944
0.0	Branchiosaurus	134.31691639069533	118.82007933116559
0.0	Brevidorsum	119.1043028274137	118.91459560080041
0.0	Broiliellus	122.79666287693847	94.98602416208104
0.0	Broomistega	77.41413425712855	73.06905573036518
0.0	Bukobaja	70.96980692546273	60.678598154577294
0.0	Bulgosuchus	74.41356991895948	74.28849031015507
0.0	Cacops	114.95899097698849	99.13412383291646
0.0	Calamops	45.91567928864433	44.39019495597799
0.0	Callistomordax	65.82386558829414	60.029367078039016
0.0	Calmasuchus	70.28976488844421	69.78851780890444
0.0	Capetus	133.6215787323662	133.45837374387196
0.0	Capitosauroides	69.73452763381691	69.09364762031014
0.0	Capulomala	77.34777773736869	74.65669881540771
0.0	Cheliderpeton	123.48051753326664	87.25008383691846
0.0	Chelydosaurus	96.24611470235118	94.38053740020011
0.0	Chenoprosopus	126.57642514707354	105.99946945922962
0.0	Cherninia	70.68505545972987	67.25357833516757
0.0	Chinlestegophis	49.29492268234117	32.38726144072036
0.0	Chomatobatrachus	77.25804110505253	76.23923072586294
0.0	Clamorosaurus	104.44547982991496	96.52388927063532
0.0	Cochleosaurus	134.82991805852927	132.3401902216108
0.0	Collidosuchus	91.15316346873438	89.53117605802902
0.0	Compsocerops_Temperate_S	58.39599126763381	35.07283423461731
0.0	Conjunctio	123.86344293496748	110.46713765882942
0.0	Cosgriffius	73.11083396948474	73.01221769334668
0.0	Cyclotosaurus_Temperate_N	70.66637703701852	25.36198070935468
0.0	Cyclotosaurus_Tropical_N	70.81742055777889	70.15862542671336
0.0	Czatkobatrachus	74.73251156928464	74.62844914857429
0.0	Dasyceps	123.10361027763881	97.17297711205603
0.0	Dawsonerpeton	126.63901311555779	125.63618728114058
0.0	Deltacephalus	75.25668371135569	75.14658874887444
0.0	Deltasaurus_Antarctic	77.03625146323162	76.23636769684842
0.0	Deltasaurus_Temperate_S	76.59472847723862	71.45591376288145
0.0	Derwentia	77.61250587643822	76.29358870085042
0.0	Dissorophus	117.14049107603802	94.63329474837418
0.0	Doleserpeton	113.60674331165582	96.24934489694847
0.0	Dutuitosaurus	56.61251667883942	55.65369685142571
0.0	Dvinosaurus	90.69618125712856	80.51921424312157
0.0	Ecolsonia	122.99949585992997	109.95128928914457
0.0	Edingerella	77.04015460430216	74.33350011305652
0.0	Edops	127.19128715257628	100.95788547323662
0.0	Eimerisaurus	120.21913235867935	111.99669546173088
0.0	Eocyclotosaurus	72.09010145272634	67.31332374787394
0.0	Eodiscoglossus	57.006297192096056	56.02316751825913
0.0	Eolydekkerina	74.62251453826913	74.51822958329164
0.0	Eoscopus	126.85798738219108	126.69380370635317
0.0	Erpetosaurus	134.733679084042	132.23083471485742
0.0	Eryops	130.31677022611305	86.28590341820912
0.0	Eryosuchus_Temperate_N	74.9471657433717	64.55886151325663
0.0	Eryosuchus_Temperate_S	71.7056578404202	68.2540722156078
0.0	Erythrobatrachus	74.9216639969985	74.80148997848924
0.0	Eumicrerpeton	133.8806956278139	133.72683797448724
0.0	Eurycervix	69.93099598649326	69.33195675687844
0.0	Fayella	95.94772083041522	88.56597259229615
0.0	Fedexia	126.4138540450225	126.24736482941472
0.0	Funcusvermis	41.44456741370686	40.02010315007504
0.0	Georgenthalia	112.12572285092546	111.55348226913456
0.0	Gerobatrachus	104.70018773086542	103.75911429464732
0.0	Gerrothorax_Temperate_N	68.44080693696849	26.25639216508254
0.0	Glanochthon	124.66034755377689	109.16976804252127
0.0	Glaukerpeton	129.05807598349176	128.89775138669336
0.0	Hadrokkosaurus	71.42674651075538	71.00353433166583
0.0	Hemiprichisaurus	31.409406611305656	29.237623812406206
0.0	Heptasaurus	69.75500939169585	69.10075313056528
0.0	Hyperokynodon	60.43570909404702	52.25287657428714
0.0	Indobrachyops	76.19632687743872	73.90019485942972
0.0	Inflectosaurus	74.2958382536268	71.79139251725864
0.0	Intasuchus	100.01922305452726	98.95677294797399
0.0	Iratusaurus	91.43890575737869	89.63752371585791
0.0	Isodectes	134.9813213701851	93.91544948824412
0.0	Jammerbergia	70.16667943871936	69.52020228764383
0.0	Kamacops	91.95415635817909	88.75320836618309
0.0	Keratobrachyops	76.54692407103552	76.45445813106552
0.0	Kestrosaurus	75.9148832126063	71.39612579089545
0.0	Koinia	98.87054350275136	92.66103226513256
0.0	Komatosuchus	73.95573805702853	73.8493402256128
0.0	Konzhukovia_Temperate_N	92.45200347073536	86.61252229864934
0.0	Konzhukovia_Temperate_S	90.47618305802901	82.98250863481742
0.0	Korkonterpeton	121.32588611505753	121.1233440310155
0.0	Kuttycephalus	48.406373136068034	35.6705954012006
0.0	Kwatisuchus	73.82425769934969	73.71209443671837
0.0	Laccosaurus	82.54180895547775	81.03537046223111
0.0	Lafonius	127.4192661675838	124.74276830815408
0.0	Laidleria	69.5564748024012	68.90607110055028
0.0	Lapillopsis	76.60575389444722	76.51518920610306
0.0	Leptorophus	118.96182506703352	107.23429347473737
0.0	Limnerpeton	134.57300913306656	124.94301734767383
0.0	Limnogyrinus	134.8479067913957	109.90623286893447
0.0	Luzocephalus	78.23586393996997	73.8274505717859
0.0	Lydekkerina	85.491789012006	71.8546122196098
0.0	Lyrocephaliscus	76.40547977288645	73.52180138869434
0.0	Macrerpeton	133.8068337773887	133.65203670485243
0.0	Macromerium	133.90149233716858	133.74316923961982
0.0	Mahavisaurus	76.7220283981991	74.24777147123562
0.0	Manubrantlia	75.36286918059031	75.2508986408204
0.0	Mastodonsaurus_Temperate_N	71.39480875937969	26.89398247323662
0.0	Mastodonsaurus_Tropical_N	71.4254466058029	67.75729889594797
0.0	Megalophthalma	63.723720183091544	62.79920031115557
0.0	Melanerpeton	126.5919924182091	89.68070055427714
0.0	Melanopelta	75.71202358429214	72.13634383491747
0.0	Melosaurus	100.42185952276137	88.42899278889445
0.0	Mentosaurus	69.9717274652326	69.29549704752375
0.0	Metoposaurus_Temperate_N	62.64023815407703	26.117188093546773
0.0	Metoposaurus_Temperate_S	60.13607094347173	53.31374886193097
0.0	Metoposaurus_Tropical_N	60.46085168884442	44.100698139069536
0.0	Metoposaurus_Tropical_S	58.38664687793897	32.87996256428214
0.0	Meyerosuchus	73.74808228464232	72.5584378104052
0.0	Micromelerpeton	127.3607267653827	110.0080040690345
0.0	Micropholis	77.29922960730364	72.31589893546773
0.0	Microposaurus	71.75546652326165	67.47956192546273
0.0	Milnererpeton	126.3385933981991	126.17691434517258
0.0	Miobatrachus	133.62291394847423	133.46388505152578
0.0	Mordex	133.4568654672336	133.28766136968483
0.0	Nannospondylus	94.33895237318659	91.0817571955978
0.0	Nanobamus	117.0198536078039	116.7601181985993
0.0	Nanolania	76.53156127613808	76.44246402651325
0.0	Neldasaurus	123.41123379989995	105.79430773736868
0.0	Nigerpeton	80.19203611455727	77.42330661030516
0.0	Nooxobeia	94.81865962931465	92.00907990695349
0.0	Notobrachyops	69.39223730715358	68.68496612006004
0.0	Nyranerpeton	134.66607346873437	123.37153133816908
0.0	Odenwaldia_Temperate_N	73.10197247873937	72.99344972736368
0.0	Odenwaldia_Tropical_N	72.68498551925963	72.57351151425713
0.0	Odenwaldia_Tropical_S	71.93136750575287	68.28987251675838
0.0	Onchiodon	128.28936233666835	88.02167518909455
0.0	Palatinerpeton	118.75923924612306	118.5642114672336
0.0	Panthasaurus	60.74288149424712	38.4493037773887
0.0	Paracyclotosaurus_Temperate_S	71.04677718109055	67.52245833516757
0.0	Parapytanga	89.64748985742872	87.96619142671337
0.0	Parioxys	122.11809561280639	97.13737550725362
0.0	Parotosuchus_Temperate_N	75.95824790645322	71.9315263611806
0.0	Parotosuchus_Tropical_N	75.08177727613807	74.98684590095047
0.0	Pasawioops	118.39201093646824	108.12379001050525
0.0	Pelorocephalus	57.64502928514257	42.02686643421711
0.0	Peltobatrachus	84.89100053026512	79.3702474312156
0.0	Peltostega	76.51059614457229	73.70815997999
0.0	Perryella	105.71501173236616	104.67802626963483
0.0	Phonerpeton	120.7537712236118	105.92668574587293
0.0	Plagiobatrachus	76.72600889644822	76.61020650275137
0.0	Plagiorophus	71.47205088044022	62.17660138469235
0.0	Plagiosaurus	42.75245737168584	25.410325126063032
0.0	Plagioscutum	71.54405975437719	62.355025909954975
0.0	Plagiosternum	68.67109847923962	55.04653767283642
0.0	Plagiosuchus	65.19865592796398	56.687322464232125
0.0	Platycepsion	71.99220398449224	71.6561893621811
0.0	Platyhystrix	128.4621336968484	104.28047399699851
0.0	Platyoposaurus	99.41699636268135	85.56197490345173
0.0	Platyrhinops	134.58152946623312	132.35647151725863
0.0	Platystega	75.22950629914958	75.114241008004
0.0	Plemmyradytes	120.61070555077539	120.43648082041021
0.0	Pleuronoura	115.57044844322161	115.13242235167583
0.0	Pneumatostega	77.17985610255128	76.29269232466231
0.0	Porierpeton	126.15001263031516	125.98618305952975
0.0	Potamochoston	134.00867377488746	133.8477108714357
0.0	Prionosuchus	104.56347422211107	103.8593134002001
0.0	Procuhy	116.46203672386194	116.10482654627313
0.0	Promastodonsaurus	49.23467932616308	48.21542296948474
0.0	Prothoosuchus	75.8995299969985	71.93352471285642
0.0	Qantas	77.47371978289145	72.33721683191595
0.0	Quasicyclotosaurus	71.86402824662329	69.5446493651826
0.0	Rastosuchus	92.20592540920461	88.9937635927964
0.0	Reiszerpeton	118.66120976088045	118.45440971535768
0.0	Rewana	77.0448737723862	76.24835998699349
0.0	Rhadalognathus	71.3396900010005	70.85970439969985
0.0	Rhineceps	82.16491955827914	80.7451128084042
0.0	Rhinesuchoides	89.63490276638319	80.00710358329164
0.0	Rhinesuchus_Temperate_N	76.60109542671336	72.04777956528264
0.0	Rhinesuchus_Temperate_S	90.1678550570285	78.73253435667834
0.0	Rhytidosteus_Temperate_N	75.80317863831915	71.72084024762381
0.0	Rhytidosteus_Temperate_S	75.32273293496749	75.22248840270134
0.0	Rileymillerus	49.257439148074035	39.65535609454728
0.0	Rotaryus	111.73247831915957	111.10873801850924
0.0	Rotaurisaurus	76.57142980540269	76.47395778089044
0.0	Rubeostratilia	119.71467682491246	119.54794037418709
0.0	Saharastega	78.28845306503251	77.3100454292146
0.0	Samarabatrachus	76.54807261730866	76.42451845472736
0.0	Sangaia	73.67445752376189	73.55183507453728
0.0	Scapanops	120.75717328864434	120.57451602251126
0.0	Schoenfelderpeton	123.65187813306652	107.59315990145073
0.0	Sclerocephalus	125.75958456278138	108.04512765182591
0.0	Sclerothorax	75.42879275287645	72.3154388004002
0.0	Selenocara	77.00295344272135	76.13970429364683
0.0	Slaugenhopia	104.41782886093046	93.09435160630316
0.0	Sparagmites	133.56804210005	133.4007725197599
0.0	Stanocephalosaurus_Temperate_S	71.21962045472736	67.32913942271135
0.0	Stanocephalosaurus_Tropical_N	73.00433213956977	69.900454991996
0.0	Stanocephalosaurus_Tropical_S	69.57599632016009	69.0795752216108
0.0	Stegops	134.64851450925462	132.04554621410708
0.0	Stenokranio	123.91347223661832	123.74285582341172
0.0	Stenotosaurus	73.2749421325663	44.07087294047023
0.0	Stoschiosaurus	77.47601329314656	76.13740024512255
0.0	Subcyclotosaurus	70.34557610605302	69.73259832216108
0.0	Syndyodosuchus	100.08558841470735	99.1215500130065
0.0	Syrtosuchus	77.77942649524763	73.33649476988494
0.0	Tambachia	112.20307254477238	111.63220602501251
0.0	Tatrasuchus	65.93535114557278	60.8883628294147
0.0	Tersomius	120.36661515307655	95.35127987543773
0.0	Tertrema	76.32752990995499	73.9351183851926
0.0	Tertremoides	77.05673196348174	74.18475947573788
0.0	Thabanchuia	76.54574985592798	76.45153465682841
0.0	Thoosuchus	77.11327787593795	72.16971228864432
0.0	Timonya	112.81591354227115	99.76782051225614
0.0	Tirraturhinus	76.7579977583792	76.65472409204602
0.0	Tomeia	75.72923954977487	73.25256257278639
0.0	Trematolestes	65.00153214107053	60.83863804852427
0.0	Trematosaurus_Temperate_N	83.89974124712356	26.656262820910456
0.0	Trematosuchoides	73.19061413156578	73.07905179439719
0.0	Trematosuchus	75.06553406153077	71.6169325867934
0.0	Trematotegmen	77.50050739669834	74.05852306953477
0.0	Triadobatrachus	75.63805225762881	75.4895923311656
0.0	Triassurus	60.38890938069034	59.576748414707346
0.0	Trimerorhachis	126.14284424762381	85.73389193546774
0.0	Trucheosaurus	82.9495749569785	81.39927068784391
0.0	Trypanognathus	124.8010831875938	124.6383126238119
0.0	Tryphosuchus	91.74067375887944	83.49585206153075
0.0	Tungussogyrinus	85.32797501950975	75.15256390095047
0.0	Tupilakosaurus	77.03989569884942	76.21457828714358
0.0	Uralosuchus	89.57641784042022	87.66359367333668
0.0	Uranocentrodon	81.24646987093547	79.87271697248624
0.0	Uruyiella	49.03976108004002	47.98558364832416
0.0	Vanastega	70.38841782191096	69.78113982191095
0.0	Vigilius	71.71943669434717	69.73740787993997
0.0	Vladlenosaurus	74.71960831465732	74.57174293146572
0.0	Volgosuchus	74.74603965882942	74.63220355927965
0.0	Vyborosaurus	74.72878204052026	74.59762318909455
0.0	Wantzosaurus	76.43101246873437	74.05176645122562
0.0	Warrenisuchus	76.58816365232616	76.47870848674337
0.0	Watsonisuchus_Antarctic	77.0811481455728	76.32584542471236
0.0	Watsonisuchus_Temperate_S	77.50182061130565	70.41728398549274
0.0	Wellesaurus	73.79343487943973	72.25242477238619
0.0	Wetlugasaurus	76.83210722511257	72.12231774637318
0.0	Xenobrachyops	76.60422997298649	76.51075331615807
0.0	Xenotosuchus	71.75071572936469	66.9901684422211
0.0	Yarengia	75.82278196648325	71.62642166833416
0.0	Yuanansuchus	70.32819130315157	67.70749857828915
0.0	Zatrachys	127.08896403251626	92.87468341770885
0.0	Zygosaurus	98.45086205452726	88.64282750525263
