clade	species	ts	te
0.0	Abyssomedon	112.79876080580581	112.63232557457458
0.0	Acadiella	57.0886472942943	56.338271139139145
0.0	Acaenasuchus	52.304945120120124	34.354880070070074
0.0	Acallosuchus	41.82812424624625	40.85392270970971
0.0	Acerosodontosaurus	80.18341322622624	80.07584956256257
0.0	Acleistorhinus	104.18373397497498	103.79933125125126
0.0	Acrodenta	81.61079174474474	81.51580346646647
0.0	Actiosaurus	30.13420002402402	29.843283896896896
0.0	Adamanasuchus	40.79175865465465	39.7988567947948
0.0	Adelosaurus	82.71560305905905	82.57963754854856
0.0	Aenigmasaurus	73.64647155255255	73.47041826826826
0.0	Aenigmaspina	56.01440201001001	54.97947386586586
0.0	Aenigmastropheus	81.26109393493493	81.14041695395395
0.0	Aetobarbakinoides	57.374386074074074	56.82539893393394
0.0	Aetosauroides	60.68962733033033	32.172990003003
0.0	Aetosaurus	52.45898612912913	33.325194086086086
0.0	Agkistrognathus	73.80192575775777	73.60471116216216
0.0	Agnosphitys	58.3037661011011	57.24910987387388
0.0	Ahvaytum	57.225575405405394	56.65798462762762
0.0	Alexeyisaurus	42.07918080380381	41.263834652652655
0.0	Alwalkeria	58.03867715515515	57.44699880980981
0.0	Amanasaurus	60.79814917917918	33.519253954954955
0.0	Ammorhynchus	71.80441002702702	69.75409115915916
0.0	Ammosaurus	26.0303269039039	24.66378197897898
0.0	Amotosaurus	71.97458917417417	68.42465224324324
0.0	Anarosaurus	72.26829326626626	66.79701433233234
0.0	Ancistronychus	46.662172942942945	45.48809062262263
0.0	Angistorhinus	62.04056114914915	35.86125122322323
0.0	Anisodontosaurus	72.00833190290291	64.89456331231231
0.0	Anomoepus	25.50168000900901	25.209270983983984
0.0	Anomoiodon	72.35442118618619	68.20598911811813
0.0	Anshunsaurus	64.9074608878879	51.98215626226226
0.0	Antarctanax	73.55089111811812	73.4303019079079
0.0	Anthodon	86.34353112512512	78.66609932232232
0.0	Apachesuchus	44.429736755755755	43.45467968868869
0.0	Apatopus	59.053710758758754	34.52784068268268
0.0	Apatosuchus	40.41713154354355	39.75277124424425
0.0	Aphelosaurus	121.37869950450451	120.3381778138138
0.0	Araeoscelis	113.99263917917918	98.62410832332333
0.0	Archeopelta	65.28083643343344	64.90812719819819
0.0	Archosaurus	86.98741898298299	79.89910992192193
0.0	Arcticodactylus	40.47762565265265	39.734117028028024
0.0	Arganaceras	81.18701763463463	81.09758226526526
0.0	Arganasuchus	58.22071092892894	54.0277195945946
0.0	Arizonasaurus	71.98512662962963	69.32451484084085
0.0	Asilisaurus	71.79270838838839	67.05665315715716
0.0	Askeptosaurus	71.43237451651652	59.065190614614615
0.0	Asperoris	70.0948435045045	69.58345978978979
0.0	Asylosaurus	32.372351596596594	27.464162156156156
0.0	Atopodentatus	71.14093518218219	69.49079874674675
0.0	Augustaburiania	75.52821277277276	72.74146872772774
0.0	Augustasaurus	70.06891277777778	69.70947173673673
0.0	Australothyris	87.23580724224223	86.73507229129129
0.0	Austriadactylus	38.781694648648646	34.68519870570571
0.0	Austriadraco	36.631788984984986	35.94657677077077
0.0	Avalonnectes	25.8191235985986	25.532113867867867
0.0	Avicranium	31.51384760860861	31.079168374374373
0.0	Azendohsaurus	57.46967308008008	56.70577561361361
0.0	Baeotherates	111.32734993393395	111.20291195695695
0.0	Baisesaurus	74.26256877977978	74.04973819319319
0.0	Barasaurus	85.97273837037037	71.59464046546547
0.0	Barberenasuchus	64.09226679179179	63.69796212212213
0.0	Barracudasauroides	71.78125394094094	67.81448885785785
0.0	Barracudasaurus	72.19812378578578	63.87605568868869
0.0	Bashkyroleter	98.31815321821823	89.27001892492491
0.0	Batrachopus	29.694248231231228	29.3690182992993
0.0	Batrachotomus	64.05609725925925	61.93009347847847
0.0	Beesiiwo	58.500749130130124	57.71394706306307
0.0	Belebey	95.30762865365367	89.18090642242242
0.0	Benggwigwishingasuchus	69.65233466666666	69.29931340940941
0.0	Bentonyx	70.09539540540541	69.70482982582583
0.0	Bergamodactylus	39.8158242972973	38.94308569569569
0.0	Besanosaurus	67.37005743043042	67.11600790990991
0.0	Blezingeria	65.9983399079079	65.73376031931932
0.0	Blikanasaurus	29.991424652652654	29.51499986986987
0.0	Blomosaurus	76.60623115515516	76.42880307607606
0.0	Bobosaurus	60.602090217217224	59.589393745745745
0.0	Bolosaurus	122.7808931921922	101.64061327127128
0.0	Boreopricea	74.93607272772773	73.27774853353351
0.0	Bradysaurus	89.89602751551551	82.8587676956957
0.0	Brasinorhynchus	65.62693385785786	63.26432122722723
0.0	Brazilosaurus	117.13267222022021	108.49538615915917
0.0	Bromsgroveia	71.79824794194195	66.98476238938939
0.0	Broomia	88.7046161981982	85.45497017517518
0.0	Bunostegos	78.22812058158158	78.12861246846848
0.0	Buriolestes	61.662381432432426	32.33330765265265
0.0	Bystrowisuchus	74.3648553933934	74.16797023923925
0.0	Callawayia	47.6450005045045	36.09137112012012
0.0	Calyptosuchus	57.929859272272274	33.13900058958959
0.0	Camelotia	31.67499865765766	28.773435565565567
0.0	Camposaurus	42.25356758358359	41.34440767867868
0.0	Candelaria	67.11075927527526	62.39340721021021
0.0	Captorhinikos	108.297012005005	98.47688154354356
0.0	Captorhinoides	106.65804270970972	102.7895131061061
0.0	Captorhinus	116.76614454954955	81.601205005005
0.0	Cargninia	44.009398855855856	42.621755661661666
0.0	Carnufex	57.396018313313306	56.60293622922922
0.0	Cartorhynchus	74.64045097297297	74.4429755075075
0.0	Caseosaurus	44.10967987687687	42.99079462462463
0.0	Ceresiosaurus	67.24816660360362	61.927671949949946
0.0	Chalishevia	66.20934838538538	62.754603384384374
0.0	Chanaresuchus	66.46076943643644	63.09346048448448
0.0	Chaohusaurus	76.18601214414414	66.32408741441441
0.0	Chasmatosuchus	76.83983995695696	71.87255499399399
0.0	Chelyoposuchus	31.050219815815815	30.70635758158158
0.0	Chinchenia	66.91900975075076	66.65152851751753
0.0	Chindesaurus	55.03100662562562	33.43912060960961
0.0	Chinshakiangosaurus	25.530942164164166	25.24404747147147
0.0	Chirotherium	57.928982095095094	56.91464884784784
0.0	Chromogisaurus	58.08079971971972	57.512943812812814
0.0	Cladeiodon	69.6862482082082	69.40906896596597
0.0	Clarazia	69.2324474954955	68.88445507507507
0.0	Claudiosaurus	84.56593228328329	76.98805435135135
0.0	Clevosaurus	61.79095372472473	24.15330619119119
0.0	Coahomasuchus	60.02488444444444	40.29955176276276
0.0	Coartaredens	70.51461206706708	68.51490276076076
0.0	Coburgosuchus	41.66944425125125	40.86936228428428
0.0	Coelodontognathus	74.6737013933934	72.8433173003003
0.0	Coelophysis	53.34380125025025	24.541659717717717
0.0	Coelurosauravus	86.65097797197197	75.49991277277279
0.0	Coletta	73.38665816416417	73.219319011011
0.0	Collilongus	74.42421182582582	74.2303671881882
0.0	Colobomycter	115.22290294994995	109.2855407017017
0.0	Colobops	41.0804497917918	40.00384137137137
0.0	Coloradisaurus	49.72063096896897	34.62815988688689
0.0	Coloradisuchus	42.024280706706705	40.68714479479479
0.0	Concavispina	57.05422308208208	55.994575991991994
0.0	Contectopalatus	64.58316187187188	64.35194757457458
0.0	Cornualbus	58.62773731731732	58.0444402962963
0.0	Corosaurus	75.42053104104104	72.40018189089089
0.0	Cosesaurus	63.58233751351352	63.3567126966967
0.0	Crosbysaurus	53.15187131131131	33.11308321621621
0.0	Ctenosauriscus	74.40840972672673	74.21573141341341
0.0	Cyamodus	71.85775704804806	53.30481867367367
0.0	Cymatosaurus	71.90993546246247	67.01754307107107
0.0	Cymbospondylus	74.54943002602603	60.846964659659655
0.0	Czatkowiella	73.57186482282283	73.37714602002002
0.0	Dactylosaurus	72.14450402502501	66.81655644244243
0.0	Daemonosaurus	30.636203212212212	30.283254135135135
0.0	Dagasuchus	55.98658932132132	55.443179167167166
0.0	Dawazisaurus	69.77970014514514	69.40224882782783
0.0	Decuriasuchus	69.55696478978977	60.47590024624625
0.0	Delorhynchus	114.00250975275276	108.46957053453453
0.0	Deltadectes	45.78248664064065	28.36610549249249
0.0	Deltavjatia	89.33596838238238	84.64440986086086
0.0	Desmatosuchus	57.53050413913914	32.567975270270274
0.0	Diandongosaurus	70.92137193793793	70.5699964894895
0.0	Diandongosuchus	64.55474984184184	64.33965164164164
0.0	Dianmeisaurus	71.18727868968969	68.59415727427427
0.0	Dianopachysaurus	70.86162123523525	70.48486497397398
0.0	Dimetropus	116.18515513813814	108.0650162032032
0.0	Dimorphodon	25.258660437437438	24.97245854954955
0.0	Dinocephalosaurus	71.46129979579581	69.20147010410412
0.0	Diphydontosaurus	62.112691647647644	25.947663614614612
0.0	Dolabrosaurus	43.08641446846847	42.123696243243245
0.0	Dolerosaurus	55.20092361761761	54.229505516516525
0.0	Dolichobrachium	57.309235138138135	56.554290898898905
0.0	Doliovertebra	69.84353221021021	69.57023175075075
0.0	Dongusuchus	72.19930034934936	67.724595980981
0.0	Dorosuchus	70.61429168068068	68.00720963063064
0.0	Doswellia	61.40027024324324	36.29093231731732
0.0	Dracoraptor	25.58752914414415	25.292837062062063
0.0	Drepanosaurus	51.425529435435436	26.6125344974975
0.0	Dromomeron	55.24646166666667	27.15741417117117
0.0	Dynamosuchus	56.54710203103104	55.97439093493494
0.0	Dyoplax	57.69604237837838	56.719546097097094
0.0	Ebrachosuchus	57.45065323623624	56.49949266166166
0.0	Effigia	31.669968716716717	27.894795341341343
0.0	Efraasia	44.16304268568568	37.36586038538539
0.0	Eifelosaurus	71.03115057857859	70.73543503303304
0.0	Elachistosuchus	29.64689401001001	29.354145193193194
0.0	Elessaurus	73.87607526726727	73.7135376986987
0.0	Elginia	83.06464726526526	76.06991414914914
0.0	Elorhynchus	64.38002357757757	63.9616830980981
0.0	Embrithosaurus	89.1601222962963	84.71723504804807
0.0	Emeroleter	89.83310567167167	84.8562453103103
0.0	Endennasaurus	40.11907191691691	39.23335207707708
0.0	Energosuchus	65.93876392392393	63.97575658458457
0.0	Eodromaeus	58.73749595395395	58.131964012012006
0.0	Eohupehsuchus	73.49156158158158	73.26435443243244
0.0	Eohyosaurus	70.2084886846847	63.29155691491492
0.0	Eomurruna	76.73694806106106	76.06529800000001
0.0	Eoplesiosaurus	25.573090022022022	25.294755437437438
0.0	Eoraptor	58.50867905505505	53.817052293293294
0.0	Eorasaurus	86.89691916816817	86.39842687987989
0.0	Eorhynchochelys	58.62370358458458	57.5919254964965
0.0	Eretmorhipis	67.45042036836838	67.14834913513513
0.0	Erpetosuchus	43.34393865365365	42.18913006706706
0.0	Erythrosuchus	72.02663065365364	61.040562445445445
0.0	Erythrovenator	57.80248443743744	57.29999854554555
0.0	Eshanosaurus	26.069958773773774	25.770524386386384
0.0	Eucoelophysis	54.59408381281281	27.126498543543548
0.0	Eudibamus	111.70804419019018	111.59477145445445
0.0	Eudimorphodon	45.97533247847848	27.58006813913914
0.0	Eumetabolodon	73.3178374944945	67.4963422932933
0.0	Eunotosaurus	89.64560303603604	84.97946480180181
0.0	Euparkeria	71.64995218218219	66.89715501901901
0.0	Eurhinosaurus	25.600355748748747	25.303472925925927
0.0	Eurycleidus	25.48181223223223	25.18985192992993
0.0	Eusaurosphargis	72.36112814914915	62.66985901001001
0.0	Euscolosuchus	58.25289688288288	57.51841457657658
0.0	Fasolasuchus	40.815683569569565	39.40924711911912
0.0	Faxinalipterus	49.49134954654654	39.643811763763765
0.0	Feeserpeton	111.14743794894895	110.99743507007007
0.0	Feralisaurus	69.01922991191192	68.67812893493495
0.0	Fodonyx	71.74540360160161	67.07120731631633
0.0	Fraserosphenodon	60.88347380880881	31.760257565565567
0.0	Fraxinisaura	63.099588012012006	62.74976118718718
0.0	Fugusuchus	71.13495295895896	70.8884608928929
0.0	Fuyuansaurus	64.26214341741742	64.02845485785787
0.0	Galesphyrus	85.02327173973974	80.29954834234236
0.0	Gamatavus	66.06155503403403	63.42709797697698
0.0	Gansurhinus	98.78351294594594	79.88345253353353
0.0	Garjainia	76.04702137737736	71.7095299049049
0.0	Garzapelta	42.19458801001001	41.109351496496494
0.0	Gecatogomphius	96.53001083883883	95.41255818918918
0.0	Gephyrosaurus	31.47933779679679	28.932828655655655
0.0	Germanosaurus	70.7535151941942	68.15796122922923
0.0	Glaurung	82.24321275475477	82.11944788288288
0.0	Glyphoderma	65.04013105205206	64.84160741341341
0.0	Gnathovorax	60.60231698798798	35.182576383383385
0.0	Gojirasaurus	45.864161971971974	44.68256003503504
0.0	Gomphiosauridion	58.81637565065065	58.037234016016015
0.0	Gondwanax	65.0411241041041	64.6281037857858
0.0	Gorgetosuchus	56.490169865865866	55.68787642342342
0.0	Gracilisuchus	65.37067387987987	62.92962003903904
0.0	Grallator	48.91774533933934	36.96720443543544
0.0	Graoullyodon	29.06900203803804	28.778656259259257
0.0	Gresslyosaurus	49.09862714314314	32.01608915415415
0.0	Grippia	75.83723882682683	71.84022506906906
0.0	Guaibasaurus	50.70598304304304	33.581210380380384
0.0	Gualosuchus	64.74962067267268	62.61435091191192
0.0	Guanlingsaurus	58.809808848848846	52.63976134034034
0.0	Guchengosuchus	69.41900529229231	69.1410675965966
0.0	Guizhouichthyosaurus	65.7425953983984	51.631799824824824
0.0	Gulosaurus	75.27761548248247	73.49252057057056
0.0	Gunakadeit	43.81445707707707	42.75830933333334
0.0	Gyposaurus	25.993585640640642	24.930305164164167
0.0	Halazhaisuchus	69.90467920820821	69.61774267767768
0.0	Haligonia	60.05724773073073	25.45387839239239
0.0	Hanosaurus	74.49606790390389	74.27914536036035
0.0	Helveticosaurus	70.39863277977977	67.10797522822823
0.0	Hemilopas	74.02345134034036	67.56734384184183
0.0	Hemiprotosuchus	47.22848145145145	35.44599768568568
0.0	Henodus	61.33802842742743	52.435247371371375
0.0	Heptasuchus	58.25213956656657	57.46538521621622
0.0	Herrerasaurus	61.76382705905906	52.46339715415415
0.0	Hescheleria	69.78597521221221	69.43041517417417
0.0	Hesperosuchus	53.63673925525526	26.958865455455456
0.0	Heterodontichnites	58.79170594894895	37.856808889889884
0.0	Heteropelta	69.03564322322323	68.75773023323323
0.0	Himalayasaurus	40.88370694994995	39.947625120120115
0.0	Hispaniasaurus	64.79977592392392	64.57218592192193
0.0	Honghesaurus	70.37141157857857	70.01941505305305
0.0	Horaffia	65.68913907307308	60.63561718118118
0.0	Hovasaurus	84.66612536936937	74.00659912112113
0.0	Howesia	70.97476817017017	68.3926974944945
0.0	Hudsonelpidia	43.558906504504506	42.435212647647646
0.0	Hupehsuchus	74.9432257057057	62.058674525525525
0.0	Hwiccewyrm	61.67930899399399	52.133464678678685
0.0	Hyperodapedon	61.71175622622622	32.94425192192192
0.0	Hypselorhachis	68.97091348848848	68.49566983883885
0.0	Hypsognathus	60.459310828828826	24.826562102102102
0.0	Hypuronector	45.98714788788788	35.63065515115116
0.0	Icarosaurus	43.192314680680674	42.07843715415415
0.0	Ichthyosaurus	49.806757256256255	23.88810354954955
0.0	Ichthyotitan	30.114128545545544	29.769185344344343
0.0	Idiosaura	57.8665823953954	57.090701202202204
0.0	Ignotosaurus	55.587174307307315	55.00821800000001
0.0	Incertovenator	56.044029029029026	55.4827218018018
0.0	Indosauriscus	81.96566840240241	81.85607954054053
0.0	Ingentia	48.12768598798799	39.27566063163163
0.0	Isfjordosaurus	73.71395101301302	73.5134338908909
0.0	Issi	42.75862002002002	41.909304983983986
0.0	Ixalerpeton	62.067273505505504	37.97057027127127
0.0	Jaklapallisaurus	43.81794075775776	42.42749784684685
0.0	Jaxtasuchus	64.49038632332332	62.16261045545546
0.0	Jesairosaurus	70.70292081581583	70.29478008208208
0.0	Jingshanosaurus	25.98579272972973	24.774366552552554
0.0	Jupijkam	43.943053058058055	42.83207553053053
0.0	Jushatyria	69.08739321221222	68.820431982983
0.0	Kadimakara	76.70143241241242	76.29975955455456
0.0	Kahneria	95.93912165465466	94.89759857957958
0.0	Kalisuchus	76.68678560960963	76.54048560860862
0.0	Kapes	75.96443598798798	67.62897966766768
0.0	Keichousaurus	74.01073183983983	60.613558005005004
0.0	Kholumolumo	52.24520232832833	34.00439323323323
0.0	Kinelia	94.29329350750751	80.5903377147147
0.0	Kitchingnathus	74.22165558658659	74.04941400800801
0.0	Kocurypelta	41.90601251951952	41.15690634734735
0.0	Koilamasuchus	64.3259568028028	63.88976653053053
0.0	Koiloskiosaurus	70.908138995996	70.63391103403404
0.0	Kranosaura	40.447401569569564	39.058168621621626
0.0	Krzyzanowskisaurus	60.26202393093093	39.9540622062062
0.0	Kudnu	76.8241425045045	76.42527419219219
0.0	Kuehneosaurus	62.35658427727727	28.92200614114114
0.0	Kuehneosuchus	29.220417996996996	28.930273681681683
0.0	Kuruxuchampsa	57.157191664664666	56.58041758758759
0.0	Kwangsisaurus	75.39032895095096	73.54485472572573
0.0	Labidosaurikos	108.00474841141141	98.38878199099099
0.0	Labidosauriscus	115.59430532032033	108.51723334634634
0.0	Labidosaurus	108.21445727227228	98.72398088088087
0.0	Lagerpeton	66.98489899499499	62.55446168568568
0.0	Lanceirosphenodon	45.87552330930931	44.40779120520521
0.0	Langeronyx	71.84941447547547	62.972754228228226
0.0	Langobardisaurus	42.557492551551555	32.76617087187188
0.0	Lanthaniscus	97.75846264164164	92.32180442042042
0.0	Lanthanolania	95.83720801201201	94.65928100000001
0.0	Lanthanosuchus	91.11737628228228	90.08157484584585
0.0	Laquintasaura	25.585511734734734	25.253789736736742
0.0	Largocephalosaurus	71.092943002002	69.27417944444444
0.0	Lariosaurus	73.65268390990991	60.6077283033033
0.0	Lasasaurus	74.38962695095094	74.22191670770772
0.0	Lepidus	40.20561338738739	39.17862504004004
0.0	Leptonectes	30.84914477777778	23.590569624624624
0.0	Leptopleuron	56.82606309609609	55.83874015815816
0.0	Leptosuchus	52.7381318018018	33.077067954954956
0.0	Lessemsaurus	52.211170730730736	33.08968211111111
0.0	Lewisuchus	67.35092833833833	53.10023759159159
0.0	Leyesaurus	43.2809676026026	41.886319470470475
0.0	Libognathus	42.93191009409409	41.92971201901902
0.0	Liliensternus	53.95781624424424	26.83232927927928
0.0	Lindwurmia	25.426685016016016	25.136486806806804
0.0	Litorosuchus	64.27865092292292	64.0454541891892
0.0	Lophostropheus	29.393567710710713	29.10281270570571
0.0	Lotosaurus	71.77140856156157	67.18758741541542
0.0	Lucasuchus	59.133925351351344	54.26558798998999
0.0	Lucianosaurus	41.99366783383383	40.91497893993995
0.0	Lucianovenator	43.41291512312313	41.9902082012012
0.0	Lufengosaurus	26.26173801001001	24.50654734634635
0.0	Lukousaurus	25.783179155155153	25.019705854854855
0.0	Luopingosaurus	70.40719	70.04121948648647
0.0	Luperosuchus	65.77081962962964	63.039345891891884
0.0	Macgowania	46.097463435435444	36.473376909909916
0.0	Machaeroprosopus	52.711790347347346	26.20024340840841
0.0	Macrocnemus	72.04349951351351	60.00408821821822
0.0	Macrocollum	51.68160083583584	37.748698807807806
0.0	Macroleter	97.9311674034034	89.65449138938938
0.0	Macroplacus	29.802623163163165	29.508493239239236
0.0	Macroplata	25.645986321321317	25.36073244944945
0.0	Maehary	47.84819657857857	39.29260756956957
0.0	Majiashanosaurus	74.4304891841842	74.23299546846847
0.0	Malerisaurus	46.234014258258256	37.225101843843845
0.0	Malutinisuchus	67.21002385585585	61.12117979479479
0.0	Mambawakale	69.67088072472473	69.18619497197199
0.0	Mandaphon	69.52492625625625	69.0025849139139
0.0	Mandasuchus	71.5053811951952	66.80283924324324
0.0	Marasuchus	65.47309148048048	62.767199698698704
0.0	Marcianosuchus	70.7745205915916	70.42307882482483
0.0	Massospondylus	58.489188199199205	57.93297291491492
0.0	Mbiresaurus	60.352721608608604	52.94182371171171
0.0	Megachirella	69.70156724124124	69.42484252152153
0.0	Megalancosaurus	42.60344939639639	32.76595799099099
0.0	Megalosaurus	30.401938439439437	30.11326733033033
0.0	Megapnosaurus	25.600737825825828	25.264188165165162
0.0	Melanorosaurus	43.812787699699705	42.45823131531532
0.0	Merriamosaurus	73.92200325725724	73.72324897597598
0.0	Mesodapedon	69.77097778578579	69.26799243143142
0.0	Mesosaurus	116.12323028428428	108.25328674774777
0.0	Mesosuchus	71.64984293193194	63.70770403603604
0.0	Metamosaurus	111.78146271871871	111.593106007007
0.0	Metashastasaurus	48.705123534534536	39.94746348448449
0.0	Microcnemus	76.88988637637638	71.85128936236237
0.0	Microleter	112.3088378048048	112.19669271571571
0.0	Micromenodon	55.02339771371371	54.26019538538539
0.0	Microsphenodon	47.40665882982983	38.517579616616615
0.0	Mikadocephalus	71.83145788488488	60.079453925925925
0.0	Milleretta	85.82026782282281	76.07862906906907
0.0	Millerinoides	80.8002713133133	80.69302946446447
0.0	Milleropsis	85.81185125525525	76.63542862162161
0.0	Millerosaurus	84.75586113313315	77.11963777477479
0.0	Miodentosaurus	59.75776368068068	54.57087452752753
0.0	Mixosaurus	72.0719236996997	61.91885348348349
0.0	Moradisaurus	82.89087604204204	75.88910919819821
0.0	Mystriosuchus	53.376545378378374	24.131897747747747
0.0	Nambalia	49.50656502702703	35.220202325325324
0.0	Nanchangosaurus	75.42718682982982	63.79862478178178
0.0	Nanoparia	85.16005064864865	79.01253468368368
0.0	Neoaetosauroides	51.55108947847848	34.49438758258258
0.0	Neoprocolophon	69.53188232332332	69.25430793493494
0.0	Neusticosaurus	71.0025611941942	60.42836807407408
0.0	new_Neotheropoda	45.32689694394394	43.801044335335334
0.0	new_Rhynchocephalia	43.84120912712713	42.31230657057057
0.0	Nhandumirim	49.08889022322323	36.55290128328329
0.0	Nicrosaurus	53.929261507507505	32.60201634934935
0.0	Nochelesaurus	89.2321816136136	84.92548371171172
0.0	Notatesseraeraptor	44.51629287187187	43.70054168368368
0.0	Noteosuchus	76.62813189389391	76.47861381381382
0.0	Nothosaurus	72.47921853453452	29.505867544544547
0.0	Nundasuchus	69.32415006206206	68.83129253253254
0.0	Nyasasaurus	70.38387664864865	67.59005434334334
0.0	Nycteroleter	97.2596132062062	90.85212396596597
0.0	Nyctiboetus	104.47814962062063	104.25873098998999
0.0	Nyctiphruretus	99.51821216516518	84.60697242942943
0.0	Obirkovia	88.42056983183183	80.6603390980981
0.0	Odoiporosaurus	63.45180161761762	63.24454684084084
0.0	Odontochelys	57.1848957047047	53.065108959959964
0.0	Omphalosaurus	75.50668586386385	58.34738725125125
0.0	Opisthodontosaurus	115.99681271271271	108.36509117917919
0.0	Orenburgia	76.13872983683683	71.76245690990991
0.0	Orovenator	114.0686919039039	109.11637167167167
0.0	Oryctorhynchus	58.710278374374376	54.889694571571574
0.0	Oryporan	75.76306041641641	73.50712553653653
0.0	Osmolskina	74.06340134634635	73.87169764264263
0.0	Owenetta	85.88885378278279	73.84212076376376
0.0	Ozimek	58.95550716016016	53.43276147147147
0.0	Pachagnathus	41.90107646246246	40.55123389489489
0.0	Pachypleurosaurus	68.0400523073073	60.30041342342342
0.0	Pachystropheus	34.20411408008008	27.208010836836834
0.0	Palacrodon	76.33575021221222	33.414300236236244
0.0	Palaeagama	77.51714407407407	77.38569434534534
0.0	Palaeochersis	49.72059113913914	36.27402610810811
0.0	Palaeosaurus	55.83029818218218	54.84017896096096
0.0	Paleollanosaurus	53.08695784284284	25.970485718718717
0.0	Paliguana	74.57455212912913	74.40943713813813
0.0	Pamelaria	71.26467517017018	67.05630661961962
0.0	Pamelina	73.9647982042042	73.77183947747749
0.0	Pampadromaeus	60.618878801801806	35.33914607007007
0.0	Panguraptor	25.455773899899903	25.16678613213213
0.0	Panphagia	57.750373281281284	57.18762057257258
0.0	Pantydraco	58.06665766866867	57.0355959069069
0.0	Panzhousaurus	70.54720442342342	70.17893158758758
0.0	Pappochelys	62.98905525525526	62.674948584584584
0.0	Parahupehsuchus	74.17949383483484	73.97181758158158
0.0	Paralonectes	75.33409789489488	62.8463881971972
0.0	Paraplacodus	71.79531434934935	60.82990938638639
0.0	Pararcus	69.0034724014014	68.72977173073073
0.0	Parasaurus	86.73536148748748	78.53857516816817
0.0	Parasuchus	74.53501157757758	35.10751369669669
0.0	Paratypothorax	53.2308231941942	32.41714532232233
0.0	Pareiasaurus	90.24939351951951	76.24202884984986
0.0	Pareiasuchus	89.85598511511513	77.37398767067067
0.0	Parringtonia	69.80698873873874	69.31952467267269
0.0	Partanosaurus	64.72066077877878	64.44957274074073
0.0	Parvosuchus	64.62811483183182	64.19659304504505
0.0	Pectodens	69.30069366466468	68.92030318718717
0.0	Pelecymala	60.41663688088088	53.53101131331331
0.0	Pendraig	57.52278115115115	56.471072384384385
0.0	Pentaedrusaurus	72.27668537737738	72.03892528128128
0.0	Permotriturus	91.2896566016016	90.26441094594595
0.0	Pessopteryx	74.21029142442443	68.98565132032031
0.0	Peteinosaurus	41.37304084084084	38.60248274174174
0.0	Phaanthosaurus	76.88810681681682	76.08698926326328
0.0	Phalarodon	76.12027584384386	63.77823085585585
0.0	Phantomosaurus	69.41631347547549	69.14581146646645
0.0	Phonodus	76.58834398298299	76.42939506906907
0.0	Pinheirochampsa	64.21754477377378	63.813596357357355
0.0	Pintosaurus	78.04781814814815	77.91998287187187
0.0	Pisanosaurus	57.36726654554555	56.814718492492496
0.0	Pistosaurus	72.25170573173172	60.96874488188188
0.0	Placochelys	61.39948703403404	26.34910033833834
0.0	Placodus	73.7877425095095	54.45993951351351
0.0	Planocephalosaurus	62.018963467467465	26.468308829829827
0.0	Plateosauravus	48.32140002502503	35.09957546546547
0.0	Plateosaurus	52.592414425425424	25.055695273273276
0.0	Plesiosaurus	33.559738056056055	24.5880241001001
0.0	Polesinesuchus	57.54525878978979	56.99431687087087
0.0	Polonosuchus	55.4931247977978	54.46245005405405
0.0	Polymorphodon	63.51911883183183	63.213422667667665
0.0	Poposaurus	60.999498356356355	28.034987056056057
0.0	Postosuchus	58.35570557857858	27.518086984984983
0.0	Powellvenator	42.125635003003005	40.68891526226226
0.0	Pravusuchus	42.66555228028028	41.582563558558554
0.0	Preondactylus	40.42238413613614	37.53907673573573
0.0	Prestosuchus	67.26602037737737	54.07671021321321
0.0	Procerosuchus	65.4156147937938	65.01238975575576
0.0	Procolina	74.62423626526527	74.43474227427427
0.0	Procolophon	76.90569522822823	71.63336118418418
0.0	Procolophonichnium	73.87779080280279	73.71372894894895
0.0	Procompsognathus	40.67059625725725	39.992068222222215
0.0	Proganochelys	54.365380955955956	27.274906536536534
0.0	Prolacerta	76.84227363463464	71.72634252152153
0.0	Prolacertoides	76.6835527057057	76.5114976956957
0.0	Prosantosaurus	66.01292115015015	65.74851137737738
0.0	Prosaurosphargis	74.17784046446447	73.95958252552553
0.0	Protanystropheus	72.26668827527527	66.38717225325327
0.0	Protecovasaurus	47.019553789789796	37.670746643643646
0.0	Protenodontosaurus	60.83897403903904	59.88215085485486
0.0	Proteosaurus	26.22675801901902	24.461724944944947
0.0	Proterochampsa	57.12638070270271	56.52550832732732
0.0	Proterochersis	52.104867001001004	33.389006652652654
0.0	Proterosuchus	76.80884094794796	71.79955462162161
0.0	Protoavis	47.22457563863864	35.28469467167167
0.0	Protocaptorhinus	116.77459395795795	108.81954288188187
0.0	Protoichthyosaurus	25.549031563563567	25.264802345345345
0.0	Protome	43.459372337337335	42.27708202602603
0.0	Protorosaurus	87.25540636036034	78.48898176476476
0.0	Protorothyris	124.06781343443444	118.23546984484484
0.0	Protosuchus	33.382957357357355	23.78571622022022
0.0	Provelosaurus	92.29011545045046	88.33078598998999
0.0	Psephochelys	55.30171573173173	54.29327451051051
0.0	Psephoderma	71.91452394194194	24.72622445045045
0.0	Psephosauriscus	71.93523939439439	62.12930882282283
0.0	Psephosaurus	72.33432292492492	56.668140966966966
0.0	Pseudhesperosuchus	43.90919958658659	42.403185258258254
0.0	Pseudochampsa	57.215164869869874	56.6349073043043
0.0	Pterodactylus	25.596920585585586	25.293491055055057
0.0	Puercosuchus	39.160949888888894	38.18127544244245
0.0	Pumiliopareia	81.84613826426425	81.74155009009009
0.0	Qianichthyosaurus	64.39634284684685	51.52961652952952
0.0	Qianosuchus	71.66296765865866	69.19327143343342
0.0	Qianxisaurus	63.98302478178178	63.74464168168168
0.0	Quasianosteosaurus	73.74405084884884	73.54663487187187
0.0	Raibliania	57.67465150150151	56.6142688988989
0.0	Rauisuchus	55.960459745745744	55.37599596996997
0.0	Rautiania	87.62326054854854	83.58478590090091
0.0	Redondasuchus	50.548185049049046	35.58889318018018
0.0	Redondavenator	42.09555783383384	41.08725355855856
0.0	Retymaijychampsa	65.38651735435435	64.9742536906907
0.0	Revueltosaurus	57.903155120120125	32.44378226326326
0.0	Rhaeticosaurus	29.52768249149149	29.20629482082082
0.0	Rhipaeosaurus	93.48169695595594	85.80098536336337
0.0	Rhomaleosaurus	30.348323318318318	23.925539597597595
0.0	Rhombopholis	72.06254820520522	64.81535531331332
0.0	Rioarribasuchus	53.61103597597597	32.84118236336336
0.0	Riojasaurus	47.45022245345345	37.78727728928929
0.0	Riojasuchus	42.85383450750751	41.386720140140135
0.0	Romeria	121.56073994694695	120.47424357657658
0.0	Rothianiscus	98.98840396296296	89.45430366666666
0.0	Ruehleia	46.57013456856857	37.4845299009009
0.0	Rugarhynchos	44.306474001001	43.313318325325326
0.0	Ruhuhuaria	69.44643697897898	68.97189898398399
0.0	Rutiodon	57.60215903603604	32.59389137137137
0.0	Sacisaurus	43.856410117117115	42.395630334334335
0.0	Saltoposuchus	45.1630790960961	36.88571660960961
0.0	Sanchiaosaurus	69.06379904304303	68.70518653753753
0.0	Sanchuansaurus	77.89824824824825	77.76373361561562
0.0	Sanjuansaurus	57.86596604704705	57.2829380950951
0.0	Santaisaurus	76.7615435115115	76.17490923923924
0.0	Sarcosaurus	25.365511539539543	25.076168203203206
0.0	Sarmatosuchus	69.53514893893895	69.24946202702704
0.0	Saturnalia	59.402228853853856	40.1045129029029
0.0	Saurodektes	76.94580637237237	73.83408626826828
0.0	Sauropareion	76.33056217717717	72.54898497397396
0.0	Saurorictus	82.02186768168168	81.90984732532533
0.0	Saurosternon	80.86638771871871	80.74930636136136
0.0	Saurosuchus	58.39824929329329	57.83990333633634
0.0	Scelidosaurus	25.535791146146146	25.27300960560561
0.0	Scharschengia	73.84678151951952	73.6493482962963
0.0	Schleitheimia	45.30576152052053	44.45962848948949
0.0	Schultzsuchus	64.9780400990991	64.59701201101102
0.0	Sclerocormus	73.74525321921922	73.5579662032032
0.0	Sclerosaurus	72.37025674574575	67.70477928728728
0.0	Sclerostropheus	42.94816227727727	41.98578591491491
0.0	Scoloparia	62.03860195395395	26.51205911911912
0.0	Scolotosuchus	74.45344931531532	74.25882544744746
0.0	Scutarx	52.415481152152154	34.020337510510515
0.0	Scutosaurus	90.78340393193193	81.91660806806807
0.0	Scythosuchus	73.899096975976	73.70895027627628
0.0	Seazzadactylus	44.77465504904906	43.96618106706707
0.0	Serpianosaurus	71.87016727427428	61.849380416416416
0.0	Shansisuchus	71.89426655655656	66.92686833233233
0.0	Shastasaurus	62.29190874374375	32.87840377177177
0.0	Shihtienfenia	79.43439793893894	76.35829849349349
0.0	Shonisaurus	58.82097759259259	26.59359250750751
0.0	Shringasaurus	71.64659735635635	66.85517265665666
0.0	Shuangbaisaurus	25.717559417417416	25.442330582582578
0.0	Shuvosaurus	53.29255506806807	27.155571542542546
0.0	Sigmala	61.57576495995996	52.01577834134134
0.0	Sikannisuchus	48.909448612612614	37.38444538638639
0.0	Silesaurus	54.65219433933934	53.69019075575575
0.0	Sillosuchus	58.615039060060056	58.03404332932933
0.0	Simosaurus	71.16642842742742	27.686966826826826
0.0	Sinocyamodus	56.24816138738739	55.26047805405405
0.0	Sinosaurosphargis	70.92244285785786	69.32667403603604
0.0	Sinosaurus	26.183610909909913	24.635159236236237
0.0	Skybalonyx	42.32695492792792	41.38466794094094
0.0	Smilodonterpeton	29.603960056056057	29.31254416016016
0.0	Smilosuchus	58.53293813613614	32.709934702702704
0.0	Sophineta	74.57926294394395	74.38941959359359
0.0	Soturnia	49.86243633833834	35.42391037037037
0.0	Soumyasaurus	46.64072482082082	45.44099208708709
0.0	Sphenotitan	50.02166973373374	34.846949663663665
0.0	Sphodrosaurus	47.32749447847847	46.12222225525526
0.0	Spinosuchus	59.568067695695696	37.70056395095096
0.0	Spondylolestes	82.68329805805806	78.29478422122124
0.0	Spondylosoma	65.93243824624625	62.92017135435435
0.0	Stagonolepis	59.87081312612612	31.808352038038034
0.0	Stagonosuchus	71.45595838238239	67.0778579039039
0.0	Staurikosaurus	57.76260886286287	57.16397195195195
0.0	Stauromatodon	64.05060417417418	63.792207729729725
0.0	Stegomus	51.71324849549549	33.709866552552555
0.0	Stenaulorhynchus	71.68459346846846	61.99729671371371
0.0	Stenomyti	42.464787816816816	41.428840141141144
0.0	Stenoscelida	40.079213322322325	38.70850539339339
0.0	Stereosternum	116.97096989089088	107.84466375075075
0.0	Styracocephalus	88.81382791591591	85.26371092092091
0.0	Suchonosaurus	85.6813646986987	85.33006092392392
0.0	Sumidadectes	103.99915238838838	103.60990486086087
0.0	Syntarsus	29.5903849019019	29.222969444444445
0.0	Syntomiprosopus	41.035134009009006	40.01867254154154
0.0	Tachiraptor	25.73658809109109	25.387938138138136
0.0	Tanaisosaurus	74.60930678078078	74.41148088888889
0.0	Tangasaurus	78.62149743343343	77.14147461861862
0.0	Tanystropheus	72.35097296096096	27.259056068068062
0.0	Tanytrachelos	52.94856765665666	33.29681114914915
0.0	Tarjadia	66.43096699699699	62.52951863963965
0.0	Tasmaniosaurus	76.91876963763765	75.99918921721722
0.0	Tawa	51.69390347047047	35.094377127127125
0.0	Taytalura	56.15176703403404	55.57264434834835
0.0	Technosaurus	44.02774745645645	42.90820446146146
0.0	Tecovasaurus	54.9540676016016	33.164672367367366
0.0	Tecovasuchus	51.25795250550551	34.830088008008005
0.0	Teleocrater	71.23963431731731	67.90069667867868
0.0	Temnodontosaurus	26.985610755755754	24.17486842842843
0.0	Teraterpeton	59.49470533633634	54.568916066066066
0.0	Teratophon	71.59407546346347	67.02841849949951
0.0	Teratosaurus	76.01991135335336	32.15955540840841
0.0	Termatosaurus	33.68438046746747	26.62278694994995
0.0	Terrestrisuchus	61.52522005605605	52.829357868868875
0.0	Teyujagua	74.7562745005005	74.59150995295296
0.0	Teyumbaita	51.40115061161161	35.56874893993993
0.0	Thadeosaurus	80.98845687787788	80.88043321621622
0.0	Thaisaurus	73.88968854954955	73.68459666166167
0.0	Thalassiodracon	32.74253027427427	24.092938230230228
0.0	Thalattoarchon	70.88510336236237	70.52893657057058
0.0	Thalattosaurus	69.34245886086086	65.78785234134133
0.0	Thecodontosaurus	70.93425511111111	24.77377133233233
0.0	Theledectes	68.39918394994994	67.93333625025025
0.0	Thelephon	68.64850287587588	68.1594562022022
0.0	Thelerpeton	71.20927648248248	67.40548970370371
0.0	Tholodus	72.25404347647647	64.4432157867868
0.0	Threordatoth	57.548081675675675	56.52607502602602
0.0	Thuringothyris	116.52000398898899	108.27117407807808
0.0	Tichvinskia	76.06251904204204	71.72373394494494
0.0	Ticinosuchus	70.93140466466467	68.05219191591593
0.0	Tikisuchus	57.875345522522515	57.301658960960964
0.0	Timanophon	75.54853217617617	72.64579337337338
0.0	Toretocnemus	59.04397174474474	54.49735748748749
0.0	Trachelosaurus	71.28238677777777	70.98689375875875
0.0	Tramuntanasaurus	96.86737067867868	95.993114009009
0.0	Trialestes	60.14062367567568	55.11058998198198
0.0	Tricuspisaurus	30.04816191091091	29.724350651651655
0.0	Trilophosaurus	55.60400355855856	32.77265891291291
0.0	Tropidosuchus	67.17059804504504	61.945416337337335
0.0	Tuebingosaurus	42.57127916716717	41.79563268668669
0.0	Turfanosuchus	69.23952674974974	68.96824012712712
0.0	Typothorax	52.672125231231234	26.96620027927928
0.0	Uatchitodon	57.71826714614614	36.46423897897897
0.0	Unaysaurus	48.21021018818819	37.511133883883886
0.0	Unguinychus	44.227554507507506	43.140748439439434
0.0	Uralosaurus	71.89045765565567	67.05111010210211
0.0	Utatsusaurus	76.12109042342342	71.43610912512513
0.0	Vallesaurus	41.330155169169174	38.45447556756756
0.0	Vancleavea	58.21758474474474	26.40091908108108
0.0	Variodens	33.63850708708709	27.085103637637637
0.0	Vellbergia	63.88444531831831	63.61136380780781
0.0	Velocipes	45.60018710510511	44.73663299499499
0.0	Venaticosuchus	56.59816322922923	56.02132025425426
0.0	Venetoraptor	61.32170320220221	36.29255522522522
0.0	Vinitasaura	56.25509111311311	55.522394331331334
0.0	Vivaron	48.36497635135135	37.8316915975976
0.0	Vjushkovisaurus	71.6456375915916	68.01571283283283
0.0	Volcanosuchus	58.730110737737746	58.19718737137136
0.0	Vonhuenia	76.6140095005005	76.44564358158158
0.0	Vritramimosaurus	74.14383553853854	73.94953833133134
0.0	Vytshegdosuchus	74.23114928628628	74.04147351951953
0.0	Wahlisaurus	25.45442520720721	25.154184168168168
0.0	Waluchelys	39.078738377377384	37.70457521221221
0.0	Wangosaurus	63.702833001001004	62.57966028628629
0.0	Wannia	45.11913902302302	36.84273163763764
0.0	Wapitisaurus	73.79441795095094	73.59798914514516
0.0	Weigeltisaurus	86.12538351351351	78.72957781981982
0.0	Whitakersaurus	30.38145904004004	30.03611969169169
0.0	Wimanius	68.74038894294294	68.42115517217216
0.0	Wumengosaurus	71.48840808208209	67.0612813953954
0.0	Xenodiphyodon	59.11495483583584	58.35334565665666
0.0	Xilousuchus	71.28642012012013	71.06603115215214
0.0	Xingxiulong	25.485205055055054	25.196449112112113
0.0	Xinminosaurus	70.43378064464464	70.07350529529529
0.0	Xinpusaurus	65.62363858058059	51.952310436436434
0.0	Yarasuchus	70.75235277077076	67.87192447547548
0.0	Yelaphomte	44.17345814114114	42.75176666166166
0.0	Yimenosaurus	26.46220126926927	24.447361944944948
0.0	Youngetta	74.49650102002003	74.3233933983984
0.0	Youngina	85.4461288938939	76.63713972272272
0.0	Youngosuchus	69.32609202702703	69.03107839139138
0.0	Yunguisaurus	66.30280024324324	62.47883898498498
0.0	Yunnanosaurus	26.254169643643646	24.97359246346346
0.0	Zanclodon	67.84658546346347	27.194733365365366
0.0	Zhongjiania	84.1808896986987	80.19046864664665
0.0	Zupaysaurus	41.421754133133135	39.95285802002002
