genus	lat_range_z_trans	Arctic	Temperate_N	Tropical	Temperate_S	Antarctic
Abajudon	-0.3033557921828507	0	0	0	1	0
Abdalodon	-0.3033557921828507	0	0	0	1	0
Aelurognathus	1.6344919742216963	0	0	0	1	0
Aelurosaurus	-0.1718659746707467	0	0	0	1	0
Aelurosuchus	-0.3033557921828507	0	0	0	1	0
Akidnognathus	-0.1718659746707467	0	0	0	1	0
Aleodon	-0.1618289187905039	0	0	0	1	0
Alepognathus	-0.3033557921828507	0	0	0	1	0
Alopecideops	-0.3033557921828507	0	0	0	1	0
Alopecodon	-0.3033557921828507	0	0	0	1	0
Alopecognathus	-0.3033557921828507	0	0	0	1	0
Alopecorhinus	-0.3033557921828507	0	0	0	1	0
Aloposaurus	0.5723376077457153	0	0	0	1	0
Alrausuchus	-0.3033557921828507	0	1	0	0	0
Andescynodon	-0.3033557921828507	0	0	0	1	0
Angelosaurus	-0.3033557921828507	0	0	1	0	0
Angonisaurus	1.2692873484625793	0	0	0	1	1
Annatherapsidus	-0.1690444587636523	0	1	0	0	0
Anningia	-0.3033557921828507	0	0	0	1	0
Anomocephalus	-0.3033557921828507	0	0	0	1	0
Antecosuchus	-0.3033557921828507	0	1	0	0	0
Anteosaurus	5.556031729862793	0	1	0	1	0
Archaeosyodon	-0.3033557921828507	0	1	0	0	0
Arctognathus	0.5723376077457153	0	0	0	1	0
Arctops	-0.1718659746707467	0	0	0	1	0
Aulacephalodon	0.0245454772244375	0	0	0	1	0
Aulacocephalus	-0.3033557921828507	0	0	0	1	0
Australobarbarus	-0.3033557921828507	0	1	0	0	0
Australosyodon	-0.3033557921828507	0	0	0	1	0
Avenantia	-0.3033557921828507	0	0	0	1	0
Basilodon	-0.1718659746707467	0	0	0	1	0
Bauria	-0.1917487199910255	0	0	0	1	0
Beishanodon	-0.3033557921828507	0	1	0	0	0
Biarmosuchoides	-0.3033557921828507	0	1	0	0	0
Biarmosuchus	-0.1973011944719026	0	1	0	0	0
Biseridens	-0.3033557921828507	0	1	0	0	0
Blattoidealestes	-0.3033557921828507	0	0	0	1	0
Bolotridon	-0.3033557921828507	0	0	0	1	0
Bonacynodon	-0.3033557921828507	0	0	0	1	0
Brachyprosopus	-0.1613812580107343	0	0	0	1	0
Bulbasaurus	-0.3033557921828507	0	0	0	1	0
Bullacephalus	-0.3033557921828507	0	0	0	1	0
Burnetia	-0.3033557921828507	0	0	0	1	0
Candelariodon	-0.3033557921828507	0	0	0	1	0
Caodeyao	-0.3033557921828507	0	1	0	0	0
Cerdorhinus	-0.3033557921828507	0	0	0	1	0
Cerdosuchus	-0.3033557921828507	0	0	0	1	0
Charassognathus	-0.3033557921828507	0	0	0	1	0
Chiniquodon	-0.1506260084367397	0	0	0	1	0
Choerosaurus	-0.3033557921828507	0	0	0	1	0
Chthomaloporus	-0.3033557921828507	0	1	0	0	0
Chthonosaurus	-0.3033557921828507	0	1	0	0	0
Cistecephaloides	-0.3033557921828507	0	0	0	1	0
Cistecephalus	0.5723376077457153	0	0	0	1	0
Cistecynodon	-0.3033557921828507	0	0	0	1	0
Clelandina	-0.1718659746707467	0	0	0	1	0
Colobodectes	-0.0598044071834309	0	0	0	1	0
Compsodon	0.5723376077457153	0	0	0	1	0
Cotylorhynchus	-0.3033557921828507	0	0	1	0	0
Counillonia	-0.3033557921828507	0	0	1	0	0
Cricodon	0.6521305787961628	0	0	0	1	0
Criocephalosaurus	-0.3033557921828507	0	0	0	1	0
Cromptodon	-0.3033557921828507	0	0	0	1	0
Cryptocynodon	-0.1069443402876664	0	0	0	1	0
Cynariognathus	-0.3033557921828507	0	0	0	1	0
Cyniscops	-0.3033557921828507	0	0	0	1	0
Cynognathus	1.2692873484625793	0	0	0	1	1
Cynosaurus	-0.1718659746707467	0	0	0	1	0
Cyonosaurus	-0.1509193230697946	0	0	0	1	0
Dalongkoua	-0.3033557921828507	0	1	0	0	0
Daptocephalus	0.591823381611161	0	0	0	1	0
Daqingshanodon	-0.3033557921828507	0	1	0	0	0
Davletkulia	-0.3033557921828507	0	1	0	0	0
Delectosaurus	-0.1335402886755525	0	1	0	0	0
Delphinognathus	-0.3033557921828507	0	0	0	1	0
Deuterosaurus	-0.1916507585990155	0	1	0	0	0
Diademodon	1.2692873484625793	0	0	0	1	1
Dicynodon	5.881732285207705	0	1	0	1	0
Dicynodontipus	-0.3033557921828507	0	0	0	1	0
Dicynodontoides	0.8882596797218537	0	0	0	1	0
Digalodon	-0.1718659746707467	0	0	0	1	0
Diictodon	6.65360027863654	0	1	0	1	0
Diictodontoides	-0.3033557921828507	0	0	0	1	0
Dinanomodon	-0.1694539601639751	0	0	0	1	0
Dinodontosaurus	-0.2499759462247339	0	0	0	1	0
Dinogorgon	0.5723376077457153	0	0	0	1	0
Dinosaurus	-0.3033557921828507	0	1	0	0	0
Dolichuranus	-0.261178856578498	0	0	0	1	0
Dolomitipes	-0.148213993929969	0	0	0	1	0
Dvinia	-0.3033557921828507	0	1	0	0	0
Elephantosaurus	-0.3033557921828507	0	1	0	0	0
Elliotsmithia	-0.3033557921828507	0	0	0	1	0
Elph	-0.3033557921828507	0	1	0	0	0
Emydochampsa	-0.3033557921828507	0	0	0	1	0
Emydops	0.5723376077457153	0	0	0	1	0
Emydorhinus	-0.3033557921828507	0	0	0	1	0
Emydorhynchus	-0.3033557921828507	0	0	0	1	0
Emyduranus	-0.3033557921828507	0	0	0	1	0
Endothiodon	2.174039400610738	0	0	1	1	0
Ennatosaurus	1.7871758528038766	0	1	1	0	0
Eodicynodon	-0.3033557921828507	0	0	0	1	0
Eosimops	-0.261711379261811	0	0	0	1	0
Ericiolacerta	0.8072490257869958	0	0	0	1	1
Eriphostoma	-0.1950942154367813	0	0	0	1	0
Estemmenosuchus	-0.1453167288069593	0	1	0	0	0
Etjoia	-0.3033557921828507	0	0	0	1	0
Euchambersia	-0.3033557921828507	0	0	0	1	0
Euptychognathus	-0.3033557921828507	0	0	0	1	0
Exaeretodon	3.168997947597255	0	0	1	1	0
Galechirus	-0.3033557921828507	0	0	0	1	0
Galeops	-0.1950942154367813	0	0	0	1	0
Galepus	-0.3033557921828507	0	0	0	1	0
Galesaurus	-0.1852439696529302	0	0	0	1	0
Geikia	3.99712425718898	0	1	0	1	0
Glanosuchus	-0.1613812580107343	0	0	0	1	0
Gordonia	-0.3033557921828507	0	1	0	0	0
Gorgonops	0.5723376077457153	0	0	0	1	0
Gorochovetzia	-0.3033557921828507	0	1	0	0	0
Gorynychus	-0.1259175254739876	0	1	0	0	0
Hazhenia	-0.3033557921828507	0	1	0	0	0
Heleosaurus	-0.3033557921828507	0	0	0	1	0
Herpetoskylax	-0.3033557921828507	0	0	0	1	0
Hipposaurus	-0.3033557921828507	0	0	0	1	0
Hofmeyria	-0.1718659746707467	0	0	0	1	0
Homodontosaurus	-0.1718659746707467	0	0	0	1	0
Hwanghocynodon	-0.3033557921828507	0	1	0	0	0
Hyaenasuchus	-0.3033557921828507	0	0	0	1	0
Ichibengops	-0.3033557921828507	0	0	0	1	0
Icticephalus	-0.3033557921828507	0	0	0	1	0
Ictidochampsa	-0.3033557921828507	0	0	0	1	0
Ictidognathus	-0.1950942154367813	0	0	0	1	0
Ictidorhinus	-0.3033557921828507	0	0	0	1	0
Ictidosaurus	-0.1613812580107343	0	0	0	1	0
Ictidosuchops	-0.1718659746707467	0	0	0	1	0
Ictidosuchus	-0.3033557921828507	0	0	0	1	0
Idelesaurus	-0.3033557921828507	0	1	0	0	0
Impidens	-0.3033557921828507	0	0	0	1	0
Inostrancevia	5.112378824021467	0	1	0	1	0
Interpresosaurus	-0.3033557921828507	0	1	0	0	0
Isengops	-0.3033557921828507	0	0	0	1	0
Jachaleria	-0.3033557921828507	0	0	0	1	0
Jimusaria	0.8969486273759981	0	1	0	0	0
Jiufengia	-0.3033557921828507	0	1	0	0	0
Jonkeria	-0.161277031645979	0	0	0	1	0
Julognathus	-0.3033557921828507	0	1	0	0	0
Kamagorgon	-0.2751132950490207	0	1	0	0	0
Kannemeyeria	0.6521305787961628	0	0	0	1	0
Karenites	-0.3033557921828507	0	1	0	0	0
Katumbia	-0.3033557921828507	0	0	0	1	0
Kawingasaurus	-0.3033557921828507	0	0	0	1	0
Kembawacela	-0.3033557921828507	0	0	0	1	0
Keratocephalus	-0.3033557921828507	0	0	0	1	0
Keyseria	-0.3033557921828507	0	0	0	1	0
Kitchinganomodon	0.5723376077457153	0	0	0	1	0
Kombuisia	0.5082110553582558	0	0	0	1	1
Kotelcephalon	-0.3033557921828507	0	1	0	0	0
Kunpania	-0.3033557921828507	0	1	0	0	0
Kwazulusaurus	-0.3033557921828507	0	0	0	1	0
Lalieudorhynchus	-0.3033557921828507	0	0	1	0	0
Langbergia	-0.0835742833204079	0	0	0	1	0
Lanthanostegus	-0.3033557921828507	0	0	0	1	0
Lemurosaurus	-0.3033557921828507	0	0	0	1	0
Lende	-0.3033557921828507	0	0	0	1	0
Leogorgon	-0.2738090416321361	0	1	0	0	0
Leontosaurus	-0.3033557921828507	0	0	0	1	0
Leucocephalus	-0.3033557921828507	0	0	0	1	0
Lobalopex	-0.3033557921828507	0	0	0	1	0
Lophorhinus	-0.3033557921828507	0	0	0	1	0
Luangwa	-0.1618289187905039	0	0	0	1	0
Lumkuia	-0.3033557921828507	0	0	0	1	0
Lycaenodon	-0.1718659746707467	0	0	0	1	0
Lycaenops	0.5723376077457153	0	0	0	1	0
Lycedops	-0.3033557921828507	0	0	0	1	0
Lycideops	-0.3033557921828507	0	0	0	1	0
Lycosaurus	-0.2801275514168161	0	0	0	1	0
Lycosuchus	-0.3033557921828507	0	0	0	1	0
Lystrosaurus	7.602014064929581	0	1	0	1	1
Malasaurus	-0.3033557921828507	0	1	0	0	0
Mandagomphodon	-0.3033557921828507	0	0	0	1	0
Massetognathus	-0.2499759462247339	0	0	0	1	0
Megawhaitsia	-0.1143888365374913	0	1	0	0	0
Mesenosaurus	-0.3033557921828507	0	1	0	0	0
Microgomphodon	0.60995364319181	0	0	0	1	0
Microhelodon	-0.3033557921828507	0	0	0	1	0
Microsyodon	-0.3033557921828507	0	1	0	0	0
Microurania	-0.1467719111126971	0	1	0	0	0
Microvaranops	-0.3033557921828507	0	0	0	1	0
Microwhaitsia	-0.3033557921828507	0	0	0	1	0
Mirotenthes	-0.3033557921828507	0	0	0	1	0
Molybdopygus	-0.3033557921828507	0	1	0	0	0
Mormosaurus	-0.3033557921828507	0	0	0	1	0
Moschops	-0.1950942154367813	0	0	0	1	0
Moschorhinus	0.0051736119543522	0	0	0	1	0
Moschowhaitsia	-0.1143888365374913	0	1	0	0	0
Muchia	-0.3033557921828507	0	1	0	0	0
Mupashi	-0.3033557921828507	0	0	0	1	0
Myosauroides	-0.3033557921828507	0	0	0	1	0
Myosaurus	0.6479934186126477	0	0	0	1	1
Nanictidops	-0.3033557921828507	0	0	0	1	0
Nanictocephalus	-0.3033557921828507	0	0	0	1	0
Nanictosaurus	-0.1718659746707467	0	0	0	1	0
Nanocynodon	-0.3033557921828507	0	1	0	0	0
Nanogomphodon	-0.3033557921828507	0	1	0	0	0
Niaftasuchus	-0.3033557921828507	0	1	0	0	0
Niassodon	-0.3033557921828507	0	0	0	1	0
Nikkasaurus	-0.3033557921828507	0	1	0	0	0
Niuksenitia	-0.3033557921828507	0	1	0	0	0
Nochnitsa	-0.3033557921828507	0	1	0	0	0
Notaelurodon	-0.3033557921828507	0	0	0	1	0
Nothogomphodon	0.1526675871146906	0	1	0	0	0
Notictoides	-0.3033557921828507	0	0	0	0	1
Notosyodon	-0.3033557921828507	0	1	0	0	0
Nshimbodon	-0.3033557921828507	0	0	0	1	0
Nythosaurus	-0.3033557921828507	0	0	0	1	0
Odontocyclops	0.5723376077457153	0	0	0	1	0
Olivierosuchus	-0.19852286415715	0	0	0	1	0
Ophidostoma	-0.3033557921828507	0	0	0	1	0
Ordosiodon	-0.3033557921828507	0	1	0	0	0
Otsheria	-0.3033557921828507	0	1	0	0	0
Oudenodon	0.9066758518768588	0	0	0	1	0
Pachydectes	-0.3033557921828507	0	0	0	1	0
Palemydops	-0.1718659746707467	0	0	0	1	0
Pampaphoneus	-0.3033557921828507	0	0	0	1	0
Panchetocynodon	-0.3033557921828507	0	0	0	1	0
Parabradysaurus	-0.2751132950490207	0	1	0	0	0
Paraburnetia	-0.3033557921828507	0	0	0	1	0
Paragalerhinus	-0.3033557921828507	0	0	0	1	0
Parakannemeyeria	0.9500795830532504	0	1	0	0	0
Parasuminia	-0.3033557921828507	0	1	0	0	0
Paratraversodon	-0.3033557921828507	0	0	0	1	0
Pardosuchus	-0.3033557921828507	0	0	0	1	0
Patranomodon	-0.3033557921828507	0	0	0	1	0
Pelanomodon	-0.1718659746707467	0	0	0	1	0
Pelictosuchus	-0.3033557921828507	0	0	0	1	0
Peramodon	-0.2738090416321361	0	1	0	0	0
Perplexisaurus	-0.0928800460184322	0	1	0	0	0
Phocosaurus	-0.3033557921828507	0	0	0	1	0
Phreatophasma	-0.3033557921828507	0	1	0	0	0
Phthinosaurus	-0.274014077103786	0	1	0	0	0
Planitorostris	-0.3033557921828507	0	1	0	0	0
Platycraniellus	-0.3033557921828507	0	0	0	1	0
Platycyclops	-0.3033557921828507	0	0	0	1	0
Platypodosaurus	-0.171241186025191	0	0	0	1	0
Polycynodon	-0.3033557921828507	0	0	0	1	0
Porosteognathus	-0.2711783226222715	0	1	0	0	0
Pravoslavlevia	-0.3033557921828507	0	1	0	0	0
Pristerodon	0.8882596797218537	0	0	0	1	0
Pristerognathoides	-0.3033557921828507	0	0	0	1	0
Pristerognathus	-0.3033557921828507	0	0	0	1	0
Pristerosaurus	-0.3033557921828507	0	0	0	1	0
Probainognathus	-0.3033557921828507	0	0	0	1	0
Proburnetia	-0.3033557921828507	0	1	0	0	0
Procynosuchus	5.54589842121947	0	1	0	1	0
Prodicynodon	-0.1718659746707467	0	0	0	1	0
Progalesaurus	-0.3033557921828507	0	0	0	1	0
Promoschorhynchus	-0.2011530136240377	0	0	0	1	0
Protheriodon	-0.3033557921828507	0	0	0	1	0
Protuberum	-0.3033557921828507	0	0	0	1	0
Ptomalestes	-0.3033557921828507	0	0	0	1	0
Purlovia	-0.1143888365374913	0	1	0	0	0
Putillosaurus	-0.3033557921828507	0	1	0	0	0
Pyozia	-0.3033557921828507	0	1	0	0	0
Rabidosaurus	-0.1929031836050105	0	1	0	0	0
Raranimus	-0.3033557921828507	0	1	0	0	0
Rastodon	-0.3033557921828507	0	0	0	1	0
Rechnisaurus	0.0801305935887447	0	0	0	1	0
Regisaurus	-0.3033557921828507	0	0	0	1	0
Reiszia	-0.3033557921828507	0	1	0	0	0
Repelinosaurus	-0.3033557921828507	0	0	1	0	0
Rhachiocephalus	0.5723376077457153	0	0	0	1	0
Rhadiodromus	-0.1929031836050105	0	1	0	0	0
Rhinodicynodon	-0.3033557921828507	0	1	0	0	0
Rhopalodon	-0.1916507585990155	0	1	0	0	0
Riebeeckosaurus	-0.3033557921828507	0	0	0	1	0
Riojanodon	-0.3033557921828507	0	0	0	1	0
Robertia	-0.164910715837998	0	0	0	1	0
Rubidgea	0.5723376077457153	0	0	0	1	0
Ruhuhucerberus	-0.3033557921828507	0	0	0	1	0
Sangusaurus	-0.1618289187905039	0	0	0	1	0
Sauroctonus	4.8698087615710834	0	1	0	1	0
Sauroscaptor	-0.3033557921828507	0	0	0	1	0
Scalenodon	-0.1618289187905039	0	0	0	1	0
Scalopocephalus	-0.3033557921828507	0	0	0	1	0
Scalopodontes	-0.3033557921828507	0	1	0	0	0
Scalopognathus	-0.3033557921828507	0	1	0	0	0
Scaloporhinus	-0.3033557921828507	0	0	0	1	0
Scaloposaurus	-0.1694539601639751	0	0	0	1	0
Scaloposuchus	-0.3033557921828507	0	0	0	1	0
Scylacoides	-0.3033557921828507	0	0	0	1	0
Scylacops	0.5723376077457153	0	0	0	1	0
Scylacosaurus	-0.2243812543900724	0	0	0	1	0
Scylacosuchus	-0.3033557921828507	0	1	0	0	0
Scymnosaurus	-0.3033557921828507	0	0	0	1	0
Sesamondontoides	-0.3033557921828507	0	0	0	1	0
Shaanbeikannemeyeria	-0.3033557921828507	0	1	0	0	0
Shansiodon	5.62857384927553	0	1	0	1	0
Shiguaignathus	-0.3033557921828507	0	1	0	0	0
Silphedosuchus	-0.3033557921828507	0	1	0	0	0
Silphoictidoides	-0.3033557921828507	0	0	0	1	0
Sinognathus	-0.3033557921828507	0	1	0	0	0
Sinokannemeyeria	-0.3033557921828507	0	1	0	0	0
Sinophoneus	-0.3033557921828507	0	1	0	0	0
Sintocephalus	-0.3033557921828507	0	0	0	1	0
Sludica	-0.2135263347951371	0	1	0	0	0
Smilesaurus	-0.1718659746707467	0	0	0	1	0
Stahleckeria	-0.1676507870994092	0	0	0	1	0
Struthiocephaloides	-0.3033557921828507	0	0	0	1	0
Struthiocephalus	-0.3033557921828507	0	0	0	1	0
Styracocephalus	-0.3033557921828507	0	0	0	1	0
Suchogorgon	-0.3033557921828507	0	1	0	0	0
Suminia	-0.2537189826682994	0	1	0	0	0
Sungeodon	-0.3033557921828507	0	1	0	0	0
Sycosaurus	0.4408477902336112	0	0	0	1	0
Syodon	-0.057809867678658	0	1	0	0	0
Syops	-0.3033557921828507	0	0	0	1	0
Sysphinctostoma	-0.3033557921828507	0	0	0	1	0
Tamboeria	-0.3033557921828507	0	0	0	1	0
Taoheodon	-0.3033557921828507	0	1	0	0	0
Tapinocaninus	-0.3033557921828507	0	0	0	1	0
Tapinocephalus	-0.3033557921828507	0	0	0	1	0
Taurocephalus	-0.3033557921828507	0	0	0	1	0
Tetracynodon	-0.0143121619110934	0	0	0	1	0
Tetragonias	-0.3033557921828507	0	0	0	1	0
Theriognathus	0.6421362386391801	0	0	0	1	0
Therioides	-0.3033557921828507	0	0	0	1	0
Thliptosaurus	-0.3033557921828507	0	0	0	1	0
Thrinaxodon	0.652107227534114	0	0	0	1	1
Tigrisuchus	-0.3033557921828507	0	0	0	1	0
Titanogomphodon	-0.3033557921828507	0	0	0	1	0
Titanophoneus	-0.1594732890384362	0	1	0	0	0
Titanosuchus	-0.3033557921828507	0	0	0	1	0
Traversodon	-0.3033557921828507	0	0	0	1	0
Traversodontoides	-0.3033557921828507	0	1	0	0	0
Trirachodon	0.6521305787961628	0	0	0	1	0
Trochorhinus	-0.3033557921828507	0	0	0	1	0
Trochosaurus	-0.3033557921828507	0	0	0	1	0
Trochosuchus	-0.3033557921828507	0	0	0	1	0
Tropidostoma	-0.0566491390919286	0	0	0	1	0
Turfanodon	1.076123430621141	0	1	0	0	0
Ufudocyclops	-0.3033557921828507	0	0	0	1	0
Ulemica	-0.1594732890384362	0	1	0	0	0
Ulemosaurus	-0.1594732890384362	0	1	0	0	0
Uralocynodon	-0.3033557921828507	0	1	0	0	0
Uralokannemeyeria	-0.3033557921828507	0	1	0	0	0
Urumchia	-0.3033557921828507	0	1	0	0	0
Ustia	-0.3033557921828507	0	1	0	0	0
Varanodon	-0.3033557921828507	0	0	1	0	0
Venyukovia	-0.3033557921828507	0	1	0	0	0
Vetusodon	-0.3033557921828507	0	0	0	1	0
Viatkogorgon	-0.3033557921828507	0	1	0	0	0
Viatkosuchus	-0.3033557921828507	0	1	0	0	0
Vinceria	-0.3033557921828507	0	0	0	1	0
Vivaxosaurus	-0.0385456460311899	0	1	0	0	0
Wadiasaurus	-0.3033557921828507	0	0	0	1	0
Walteria	-0.3033557921828507	0	0	0	1	0
Watongia	-0.3033557921828507	0	0	1	0	0
Xiyukannemeyeria	-0.26501700669919	0	1	0	0	0
Yikezhaogia	-0.3033557921828507	0	1	0	0	0
Zambiasaurus	-0.3033557921828507	0	0	0	1	0
