clade	species	ts	te
0.0	Abajudon	116.1028870349981	83.91232045438355
0.0	Abdalodon	80.44026566396244	80.13671863991888
0.0	Acratophorus	60.31880713945952	53.2098699471708
0.0	Adelobasileus	38.396343566578075	37.43693112268545
0.0	Aelurognathus_Temperate_S	84.95640962910704	77.54077119407013
0.0	Aelurosaurus	96.94288401834187	79.57777574194856
0.0	Aelurosuchus	71.38090910156238	71.01688797034122
0.0	Aerosaurus	129.95009915507413	114.81178400231603
0.0	Akidnognathus	80.6597062350057	77.44316810125483
0.0	Alemoatherium	56.26345704805556	54.62991670825704
0.0	Aleodon	68.50612105315673	53.93616845342305
0.0	Alepognathus	87.44996159678735	86.74104885447814
0.0	Alierasaurus	103.5681880029185	102.14029718008554
0.0	Alopecideops	88.12410275625493	87.39481728453273
0.0	Alopecodon	89.27441792384533	84.87662051293789
0.0	Alopecognathus	89.36405949630087	84.48216825098542
0.0	Alopecorhinus	85.9132593227515	85.276705586622
0.0	Aloposaurus	85.10390944684798	76.73476953413805
0.0	Alrausuchus	96.62567722850225	89.04529784656795
0.0	Ameghinichnus	35.407315377558724	34.21294990934931
0.0	Andescynodon	73.00991477658388	51.58544735201213
0.0	Angelosaurus	109.14284235038332	89.85389050952736
0.0	Angonisaurus	69.76246661351391	69.39101933069301
0.0	Annatherapsidus	90.11711658556938	81.51869574905695
0.0	Anningia	88.92714933808523	88.1813931893057
0.0	Anomocephalus	92.37641161146105	91.4151495146953
0.0	Antecosuchus	72.4513575383789	66.13006787091209
0.0	Anteosaurus_Temperate_N	87.00009027615144	86.3127691102414
0.0	Anteosaurus_Temperate_S	89.53863905256523	84.62389448456905
0.0	Apsisaurus	113.71931412398244	113.1377182394788
0.0	Archaeosyodon	92.30710704086337	91.3323654713197
0.0	Archaeothyris	135.3066129742928	132.61368248321634
0.0	Archaeovenator	128.9308869899166	128.0922180213409
0.0	Arctognathus	85.0422789329301	78.70366005939891
0.0	Arctops	85.35550684062017	78.35653936521736
0.0	Arctotraversodon	57.364358610307235	53.615558281672634
0.0	Arisierpeton	110.52670539115482	109.96864639011442
0.0	Aulacephalodon	84.99381223732665	76.8109959424278
0.0	Aulacocephalus	83.2652493527717	82.96413922272274
0.0	Australobarbarus	89.15131054044286	84.2769707226965
0.0	Australosyodon	91.75953207784691	90.77687040830196
0.0	Avenantia	85.75141302521024	85.12339498449454
0.0	Baldwinonus	125.51525359124659	121.15742097114973
0.0	Basilodon	85.18616914111	79.6936394621145
0.0	Bauria	73.75455185059764	66.60720221795725
0.0	Beishanodon	72.37122904365796	72.10834894569301
0.0	Biarmosuchoides	92.21782840322689	91.26950183958414
0.0	Biarmosuchus	102.2096030642338	88.81166629390835
0.0	Biseridens	99.21374559920987	90.92881962825597
0.0	Blattoidealestes	83.56657533266244	83.26138793311898
0.0	Bohemiclavulus	126.60764733707983	125.76724643456781
0.0	Bolodon	33.602496144662354	32.515258832604374
0.0	Bolotridon	71.04327641031962	70.67257071814333
0.0	Bonacynodon	66.98986977097144	55.6351965149761
0.0	Boreogomphodon	60.67998587204201	38.3117228203223
0.0	Botucaraitherium	36.35951988858108	35.21368253782962
0.0	Brachyprosopus	92.25197363357574	84.41750536992018
0.0	Brachyzostrodon	34.53822007119176	25.99245663552591
0.0	Brasilitherium	54.12501125284994	32.232908690757654
0.0	Brasilodon	53.55171838651731	34.20705200137223
0.0	Brontopus	85.24220735734386	80.08395647297223
0.0	Bulbasaurus	85.40718619584244	78.4498340601469
0.0	Bullacephalus	90.35826827536367	89.42735170259782
0.0	Burnetia	81.76394145414547	81.47051266605638
0.0	Cabarzia	122.63869888847704	121.77577650791258
0.0	Callibrachion	113.13518967165446	112.55612784527875
0.0	Candelariodon	63.22149329682396	62.986875113347615
0.0	Caodeyao	77.49159515279746	77.18494075877634
0.0	Casea	110.0196146603529	98.1812213828134
0.0	Caseoides	107.5976199250359	93.09449180539065
0.0	Caseopsis	103.84883064516319	97.16109603023044
0.0	Cerdodon	94.44259230639685	93.44600616567413
0.0	Cerdorhinus	83.01766329073067	82.72252806805369
0.0	Cerdosuchus	80.65330135884656	80.35513045044736
0.0	Chalepotherium	29.856706884924684	28.984040521532826
0.0	Chaliminia	55.17579801330057	32.657135595222485
0.0	Charassognathus	82.66585591082507	82.37090256028533
0.0	Charruodon	40.38293047327988	39.41676299692503
0.0	Chiniquodon	67.37975339775284	52.399905072256665
0.0	Choerosaurus	96.38065283900347	81.09967073045176
0.0	Chthomaloporus	91.12329454405649	90.17508781630684
0.0	Chthonosaurus	88.37545580876744	81.87159796557248
0.0	Cistecephaloides	83.69010594176002	83.36366813188681
0.0	Cistecephalus	84.71975213176663	79.06231759554205
0.0	Cistecynodon	71.29631487882723	70.93510193879614
0.0	Clelandina	83.88514855025325	77.65367592253472
0.0	Clepsydrops	132.04241011737182	107.08996416870664
0.0	Colobodectes	89.5494236826002	76.10903215607958
0.0	Compsodon	85.65799164884538	78.54403886057209
0.0	Cotylorhynchus	108.67825222281041	91.78637582407129
0.0	Counillonia	75.63505490393354	75.36744730724841
0.0	Cricodon	71.88027141865803	64.27953365127401
0.0	Criocephalosaurus	89.88273146316182	84.0533810066415
0.0	Cromptodon	70.6893664707592	70.32777902734362
0.0	Cryptocynodon	85.15348800588659	78.54368100852899
0.0	Cryptovenator	121.74422330706047	120.90150491054938
0.0	Ctenorhachis	111.80173159686585	111.23935868451018
0.0	Ctenospondylus	119.64638918123254	105.69551738066231
0.0	Cutleria	120.8641848876844	118.30069780543916
0.0	Cynariognathus	87.6787340707172	84.31835846584524
0.0	Cyniscops	82.65144110394606	82.34963478876827
0.0	Cynognathus	72.55178383496333	54.464119032507504
0.0	Cynosaurus	85.65285864337893	77.93213676700049
0.0	Cyonosaurus	84.64982294114802	77.13872315297738
0.0	Dadadon	64.59133448312784	49.68339834025249
0.0	Dalongkoua	78.886667599384	78.59339347418934
0.0	Daptocephalus	88.90410905533332	76.75813268858447
0.0	Daqingshanodon	77.03610527087706	76.79488291380979
0.0	Datheosaurus	125.18585898226696	124.35255911274953
0.0	Davletkulia	94.52952047300123	93.56343199196378
0.0	Deccanodon	44.55421280962361	43.27708400688666
0.0	Delectosaurus	85.03218558417811	82.44431987354137
0.0	Delphinognathus	86.13924141890449	85.46960082026942
0.0	Deuterosaurus	92.056469194729	88.79074389785134
0.0	Diademodon	72.59471900860252	58.44993889600651
0.0	Dicynodon_Temperate_N	92.15812201194687	90.71008028911162
0.0	Dicynodon_Temperate_S	111.54890110337335	64.87485964959245
0.0	Dicynodontipus_Temperate_N	73.56221201830454	73.29364396863001
0.0	Dicynodontipus_Temperate_S	85.47214218942318	62.44049947154756
0.0	Dicynodontoides_Temperate_S	85.37181237177961	73.09497729763466
0.0	Diegocanis	57.2477290468454	55.60239300204085
0.0	Digalodon	84.93301570811502	76.53673293378097
0.0	Diictodon_Temperate_N	78.15986634249623	77.8600836701247
0.0	Diictodon_Temperate_S	93.60061797824218	77.16901500953428
0.0	Diictodontoides	81.02685106962551	80.72647389008476
0.0	Dimacrodon	108.43402963358746	94.89050723634335
0.0	Dimetrodon	122.87081990322561	96.62906630316574
0.0	Dinanomodon	84.23018078427957	75.25443589550876
0.0	Dinodontosaurus	67.11153318021579	54.61611849621945
0.0	Dinogorgon	84.97457283642848	78.19946200878582
0.0	Dinosaurus	92.42572490568811	89.12552774207376
0.0	Dolichuranus	68.77324689083798	68.40682869041001
0.0	Dolomitipes	77.7397583228624	72.54833240817945
0.0	Driveria	95.35487693866521	94.35554476834997
0.0	Dromatherium	47.29288594715423	46.08399307282657
0.0	Dvinia	86.409660222202	81.918936678654
0.0	Ecteninion	56.61098613416028	54.93881107631817
0.0	Edaphosaurus	129.06896744355737	97.63469928775991
0.0	Elcabrosaurus	127.8285502767336	126.97087662853994
0.0	Elephantosaurus	64.15383831615803	63.919002896179435
0.0	Elliotsmithia	86.87663949832617	86.17993442870421
0.0	Elph	90.65581891226057	82.41301610572786
0.0	Emydochampsa	83.4765555266526	83.1735358622076
0.0	Emydops	97.66097212445447	79.35747892305976
0.0	Emydorhinus	84.37709106629872	76.00937481041342
0.0	Emydorhynchus	79.61550758918456	79.31843071616706
0.0	Emyduranus	83.26343657370204	79.54700931229694
0.0	Endothiodon_Temperate_S	86.94672531861627	79.22429845578664
0.0	Endothiodon_Tropical_S	84.31823957191405	76.6369782151748
0.0	Ennatosaurus_Temperate_N	98.04755857358582	88.93995369366836
0.0	Ennatosaurus_Tropical_N	88.35822504376982	87.64438306395228
0.0	Eocasea	126.12638620834072	125.30477333965575
0.0	Eodicynodon	97.26152660987721	85.98696424540287
0.0	Eoraetia	32.31737487871988	31.513385027924674
0.0	Eosimops	90.31620730920858	79.94693480076221
0.0	Eothyris	115.19746181946861	114.4811891595081
0.0	Eozostrodon	34.29677235061003	28.25649458727815
0.0	Ericiolacerta	76.5036028999203	71.38534854462625
0.0	Eriphostoma	90.43124455999401	76.85997960194102
0.0	Estemmenosuchus	94.39552212447813	88.99997015937892
0.0	Eubrachiosaurus	61.3017043581775	60.00359515350705
0.0	Euchambersia	81.10650314681224	80.81221918363168
0.0	Euptychognathus	83.3873609445269	83.08359507464135
0.0	Euromycter	112.31899334424413	111.74886564474086
0.0	Exaeretodon_Temperate_S	66.15127155364449	32.576308326051546
0.0	Exaeretodon_Tropical_N	67.40293874558887	67.09176869858369
0.0	Fluctuodon	31.589443818720294	30.752712390088085
0.0	Galechirus	87.21194424113781	84.17120523440381
0.0	Galeops	89.52549387569208	82.36698638493218
0.0	Galesaurus	77.28616376906068	72.23939588952591
0.0	Gaumia	43.270862339879514	27.091301671962764
0.0	Geikia_Temperate_N	77.97922146385393	77.68566219212651
0.0	Geikia_Temperate_S	85.6799803893425	82.17971965524815
0.0	Glanosuchus	92.33288819943607	85.28208758434147
0.0	Glaucosaurus	99.2478905037138	97.72966460486236
0.0	Gomphodontosuchus	59.02884936516287	52.347451089538524
0.0	Gondwanadon	58.75319811029501	57.0688521667596
0.0	Gordonia	79.4764953152854	76.54160421782828
0.0	Gorgodon	97.22054188656139	95.43027630099054
0.0	Gorgonops	89.58558849286611	78.89329939025106
0.0	Gorochovetzia	85.31674808799728	84.76362344671657
0.0	Gorynychus	87.8497855905261	86.48549279734245
0.0	Habayia	29.62186905166147	28.744532755125594
0.0	Hahnia	29.389662576803193	28.52990730349414
0.0	Hallautherium	30.59933367980467	29.751696831138624
0.0	Haptodus	130.37164478778277	112.99928922520874
0.0	Haramiyavia	34.17942782586085	29.715017998764477
0.0	Hazhenia	74.78106464744008	74.51353088617977
0.0	Heleosaurus	87.01123997915131	86.32016253407554
0.0	Helvetiodon	29.922376507351622	29.072780062431857
0.0	Herpetoskylax	80.83350737350409	79.58369793462955
0.0	Hipposaurus	89.03210694121353	85.77246630360929
0.0	Hofmeyria	80.64657767084113	79.10174359716255
0.0	Homodontosaurus	82.84564288064736	78.17193373253538
0.0	Hwanghocynodon	79.92027052490474	79.61632954166558
0.0	Hyaenasuchus	86.1314949408448	85.4605129367774
0.0	Hypselohaptodus	121.59255222405854	120.78718395815861
0.0	Hypsiprymnopsis	27.61942609696676	26.750181961380786
0.0	Ianthasaurus	130.68664391069504	128.81192334684064
0.0	Ianthodon	130.44965104440132	129.6087865319235
0.0	Ichibengops	84.42916148519329	79.7875106620272
0.0	Icticephalus	82.37511134620105	82.07673207157002
0.0	Ictidochampsa	83.69625042742152	83.36635258132043
0.0	Ictidognathus	88.29791780469895	79.69669749005524
0.0	Ictidorhinus	84.89156905960755	84.34637585827814
0.0	Ictidosaurus	93.38082691883835	86.3665414595331
0.0	Ictidosuchops	84.98339164444874	76.84836591055252
0.0	Ictidosuchus	83.53912727736362	83.22798423444384
0.0	Idelesaurus	86.82445397830276	86.12120919246325
0.0	Impidens	69.9422215563326	69.58019323916186
0.0	Inostrancevia_Temperate_N	89.80143588269316	82.6926444234825
0.0	Inostrancevia_Temperate_S	79.71118291287584	79.41885184543818
0.0	Interpresosaurus	82.5318962971661	82.23793461786313
0.0	Irajatherium	54.27485933728589	38.96437942373746
0.0	Ischigualastia	62.13958860418714	51.59181505299907
0.0	Isengops	81.12296897696316	80.82934684651862
0.0	Jachaleria	67.64820080422516	32.38354148520987
0.0	Jimusaria_Temperate_N	80.19560197229997	76.45875011813014
0.0	Jiufengia	80.23783257266857	79.93667506654495
0.0	Jonkeria	89.58593378454252	82.78986114935869
0.0	Julognathus	87.57422288481705	86.85585001415836
0.0	Kamagorgon	103.41526717669718	91.92210559842663
0.0	Kannemeyeria	75.33833567262998	66.81243961602321
0.0	Karenites	88.02473252987488	84.6440284656723
0.0	Kataigidodon	44.36631609115286	43.11769951225171
0.0	Katumbia	85.68467692909346	78.23453053498584
0.0	Kawingasaurus	83.87512372384026	78.65468371562922
0.0	Kembawacela	83.84916269718559	77.9888295122023
0.0	Kenomagnathus	129.76655701798927	128.94686252677602
0.0	Keratocephalus	89.70154534247537	84.49205545901765
0.0	Keyseria	77.1262540121922	76.85814811898886
0.0	Kitchinganomodon	84.46379364736183	79.80751841336979
0.0	Knoxosaurus	103.03021214535029	92.43857658140394
0.0	Kombuisia	71.39205297179626	70.06063896596814
0.0	Kotelcephalon	88.82736676015962	88.09188909259612
0.0	Kuehneotherium	34.31719795951415	27.31342729956952
0.0	Kunpania	81.78856612265709	81.4893364537713
0.0	Kwazulusaurus	79.57150812243331	79.27495304107393
0.0	Lalieudorhynchus	86.6479530768456	85.96674863973209
0.0	Langbergia	76.29105813004188	71.91944175156173
0.0	Lanthanostegus	86.2798194366808	84.96899500140034
0.0	Lemurosaurus	83.18598514684749	78.35086531181436
0.0	Lende	82.17186143203855	81.87500049814702
0.0	Leogorgon	89.03054304613698	82.32406995756627
0.0	Leontosaurus	84.35470374955226	76.283567935853
0.0	Lepagia	35.172364384106956	25.499565179691224
0.0	Leucocephalus	83.52393443671879	83.21438296280536
0.0	Lisowicia	35.88346156324277	34.72351046919839
0.0	Lobalopex	83.87426279426067	83.52509094012373
0.0	Lophorhinus	82.34120484422604	82.0416350386705
0.0	Luangwa	72.83368019863099	61.496353745959375
0.0	Lumkuia	71.8156997840414	71.46615776647161
0.0	Lupeosaurus	122.72868338027516	121.89303885381202
0.0	Lycaenodon	82.6174262920135	78.86213586451464
0.0	Lycaenops	84.91962413293273	79.41790395848604
0.0	Lycedops	86.75522170854346	86.07895564281355
0.0	Lycideops	77.51379933605502	77.20684802654948
0.0	Lycosaurus	87.72257314120303	81.78127019566152
0.0	Lycosuchus	86.13479799943427	85.46447144398927
0.0	Lystrosaurus_Temperate_N	79.51696759648243	72.170256397158
0.0	Lystrosaurus_Temperate_S	84.84984846339331	72.11834557282586
0.0	Macromerion	126.85258863883081	125.27142690614937
0.0	Madysaurus	65.05874701960731	64.82389733220229
0.0	Malasaurus	83.7176301477149	83.39122728483746
0.0	Mandagomphodon	70.75781029614434	66.48345187809961
0.0	Martensius	110.69359490032821	110.12645484860039
0.0	Massetognathus	67.30809112437497	56.342029785529924
0.0	Mastersonia	107.22672391212652	105.87635791325948
0.0	Maubeugia	32.75048361229968	31.983745368139104
0.0	Megawhaitsia	83.97405423255698	82.41638293105832
0.0	Melanedaphodon	133.49434924648855	132.64767056671332
0.0	Menadon	61.20044000675725	50.88801072341641
0.0	Mesenosaurus_Temperate_N	98.2122908807104	89.1328165619806
0.0	Mesenosaurus_Tropical_S	110.17810087267483	109.60246741117057
0.0	Meurthodon	29.54286756640454	28.684063494633367
0.0	Microconodon	55.78123906749706	31.78500459283178
0.0	Microgomphodon	74.52650208223329	66.88540594968535
0.0	Microhelodon	69.91743381824045	69.55163902208537
0.0	Microscalenodon	29.19741096918818	26.323260480089605
0.0	Microsyodon	101.63440151421749	93.72267760322028
0.0	Microurania	90.18984973297748	82.73245609960362
0.0	Microvaranops	88.37717754774913	85.6729080701913
0.0	Microwhaitsia	84.18414488290213	80.74025289641439
0.0	Milosaurus	129.22246032435058	128.37941267433354
0.0	Minicynodon	47.092514443797874	45.867178130103696
0.0	Mirotenthes	81.46738033327216	78.66153365813547
0.0	Mitredon	33.15065347173113	32.369479803393624
0.0	Mobaceras	94.98282755884694	94.01504700474828
0.0	Moghreberia	62.14238388808827	33.96742508782353
0.0	Mojo	31.683263568306828	30.813339039312027
0.0	Molybdopygus	90.90727957212947	89.96484565102391
0.0	Morganucodon	32.69425496030045	28.60411871784954
0.0	Mormosaurus	87.13478067648461	86.25337038885048
0.0	Moschops	89.92733937764699	82.81248873518958
0.0	Moschorhinus	85.33796346947778	72.79903463273173
0.0	Moschowhaitsia	85.08218507884838	83.44731948859267
0.0	Muchia	86.72293737677212	86.02503881084394
0.0	Mucrotherium	28.967411030682808	28.089249629978333
0.0	Mupashi	81.67798552811674	81.38298962900501
0.0	Mycterosaurus	116.12308958282789	99.07014539174061
0.0	Myosauroides	81.13139599091839	80.83241703128542
0.0	Myosaurus	77.27629218463217	71.82920351176735
0.0	Nanictidops	82.70656977377955	82.4096930981005
0.0	Nanictocephalus	79.82215671942633	79.5262525687013
0.0	Nanictosaurus	85.80152338861791	77.48440645028917
0.0	Nanocynodon	88.34579130531702	87.61019038667325
0.0	Nanogomphodon	63.08638591437512	62.84179717348243
0.0	Neosaurus	118.18087917896456	117.34152224291157
0.0	Niaftasuchus	99.9532678715918	90.78836126197974
0.0	Niassodon	84.11930247967582	83.71508236922107
0.0	Nikkasaurus	98.30581016231001	93.7061198297381
0.0	Nitosaurus	126.6685759060456	125.79543230155053
0.0	Niuksenitia	86.3000524991306	85.62561151916216
0.0	Nochnitsa	84.89185035649444	84.42264771688873
0.0	Notaelurodon	81.13742881225174	80.84558148834932
0.0	Nothogomphodon	72.73679348183143	69.10086998586488
0.0	Notosyodon	91.75619893653413	90.77855827449444
0.0	Nshimbodon	84.67996482300134	84.07962291945093
0.0	Nythosaurus	72.20925352950465	71.93115331857811
0.0	Odontocyclops	85.04972718380405	79.20065446885894
0.0	Oedaleops	122.83510262426394	110.81397000685566
0.0	Oligokyphus	35.67213142811053	27.730329577213286
0.0	Olivierosuchus	75.18032333900399	71.6754187560648
0.0	Ophiacodon	129.24701854325855	77.3845831813777
0.0	Ophidostoma	82.94897066737411	82.65416115771701
0.0	Ordosiodon	70.81605510943382	67.19802074926561
0.0	Oromycter	113.62560940573	113.04763186174357
0.0	Otsheria	90.36827279539554	89.45295756662617
0.0	Oudenodon_Temperate_S	86.69056595735009	76.91746728158444
0.0	Pachydectes	87.61775616303149	86.91841239009248
0.0	Palemydops	85.18607536843083	80.69635843204077
0.0	Pampaphoneus	91.47100612564168	87.01733737452734
0.0	Panchetocynodon	76.93306110759036	76.68646869458169
0.0	Parabradysaurus	101.51459366940324	96.7286626014019
0.0	Paraburnetia	83.27118245202904	82.9743381127535
0.0	Paragalerhinus	77.63883400777283	77.33151974079396
0.0	Parakannemeyeria_Temperate_N	72.32381268886719	65.63425901515154
0.0	Parasuminia	88.67334326323649	87.95476919117029
0.0	Paratraversodon	66.15293883989736	64.76502456421633
0.0	Pardosuchus	88.84991792100139	88.1226469606507
0.0	Pascualgnathus	60.85669405764957	53.92531529711625
0.0	Patranomodon	92.5310683318266	89.74868704223053
0.0	Pelanomodon	83.50406517627808	76.52515986544621
0.0	Pelictosuchus	83.47954300751798	76.64241679976861
0.0	Pentasauropus_Temperate_S	66.64330198140534	41.934313467843545
0.0	Pentasauropus_Tropical_N	46.50127916974019	45.15390555296585
0.0	Pentasaurus	33.88558635314257	32.58790836250801
0.0	Peramodon	90.51814979408336	82.826524602535
0.0	Perplexisaurus	89.56568329362987	84.72527774869114
0.0	Phocosaurus	87.84381825258558	86.1129009935161
0.0	Phreatophasma	96.40615312801742	95.4809095975987
0.0	Phthinosaurus	94.04941042893154	89.20434349074324
0.0	Placerias	55.29551779552417	32.49991598473277
0.0	Planitorostris	62.59624396227455	62.14351747023752
0.0	Platycraniellus	75.97455025440053	72.28859078344658
0.0	Platycyclops	83.10324753427314	82.7985435387575
0.0	Platypodosaurus	85.2615718406972	78.95978199282041
0.0	Plinthogomphodon	34.381602710462765	33.005351230431586
0.0	Polonodon	54.604853005417766	53.10909916065707
0.0	Polycynodon	80.28413348877015	79.98914992071022
0.0	Porosteognathus	93.22073012746931	85.52052192717619
0.0	Pravoslavlevia	89.43917081158556	88.66234424799505
0.0	Pristerodon_Temperate_S	88.39999662790933	79.62498010519066
0.0	Pristerognathoides	89.2732779039473	84.4213651438698
0.0	Pristerognathus	88.97562890099604	84.4519381020018
0.0	Pristerosaurus	89.51454610235675	88.73780455605885
0.0	Probainognathus	63.973513545128355	51.66929827261607
0.0	Proburnetia	87.92831977117001	87.2142579400508
0.0	Procynosuchus_Temperate_N	83.50339710232917	81.25290687500721
0.0	Procynosuchus_Temperate_S	84.90707569863412	72.91160544366227
0.0	Prodicynodon	83.39891907912347	79.0536384285331
0.0	Progalesaurus	76.54601089035444	76.2830765125013
0.0	Promoschorhynchus	85.3496343756649	79.26274253836337
0.0	Prosictodon	84.87217912611186	84.40587571697442
0.0	Protheriodon	63.20913372711578	62.962121269912764
0.0	Protuberum	65.72160938163965	62.720946316324074
0.0	Prozostrodon	55.80960521834626	31.75857071946169
0.0	Pseudotherium	58.92669697888432	57.31130648673818
0.0	Pseudotriconodon_Temperate_N	41.74395567109146	27.46365145899754
0.0	Pseudotriconodon_Tropical_N	43.850632456167816	42.6078837680078
0.0	Ptomalestes	89.91016970489862	83.85556849984263
0.0	Purlovia	83.94582335946714	81.50106154876309
0.0	Putillosaurus	74.28648501079009	74.02318609676036
0.0	Pyozia	97.78427680575048	96.94760224871882
0.0	Rabidosaurus	71.82813958543309	67.22896143608746
0.0	Raranimus	96.98321754414661	96.08702239592046
0.0	Rastodon	89.2991239966192	88.54338939841305
0.0	Rechnisaurus	70.09448826347626	66.91824039479125
0.0	Redondagnathus	50.50635369246543	48.894419293833444
0.0	Regisaurus	74.41453261726339	71.94444482434662
0.0	Reiszia	96.96165920223687	90.89430934889057
0.0	Remigiomontanus	126.04284635218518	125.19913851782584
0.0	Repelinosaurus	75.22983543858707	74.96388619323392
0.0	Rewaconodon_Temperate_S	61.73677917695852	56.0992370794255
0.0	Rewaconodon_Tropical_S	43.32552990978795	42.096790037074136
0.0	Rhachiocephalus	84.85982624854289	78.85295314355436
0.0	Rhadiodromus	71.4175501739145	68.64176336950212
0.0	Rhinodicynodon	69.72101620470896	69.35617814279327
0.0	Rhopalodon	92.88860247027489	89.26386105144884
0.0	Riebeeckosaurus	86.78548966797511	86.08062871912047
0.0	Riograndia	53.72553519802241	32.89784839059343
0.0	Riojanodon	65.25480473208836	65.01374138201857
0.0	Robertia	88.48059128891317	84.65660333078615
0.0	Rosieria	32.5994330004623	29.298850148906894
0.0	Ruberodon	57.12325247734854	55.43749347592161
0.0	Rubidgea	85.41483102646684	76.63479764290773
0.0	Ruhuhucerberus	82.67556367563694	79.8807405825216
0.0	Ruthenosaurus	115.45321964304121	114.69985238600857
0.0	Ruthiromia	127.12649547967192	126.29458393671692
0.0	Sangusaurus	71.95885553862205	65.34795383255081
0.0	Santacruzgnathus	61.93322616596815	60.98935036089699
0.0	Santacruzodon	59.838701776133156	53.52278013135651
0.0	Santagnathus	52.169871266563234	33.80370206993099
0.0	Sauroctonus_Temperate_N	85.44611138462155	84.86589097908198
0.0	Sauroctonus_Temperate_S	84.8866560068792	84.30474268296489
0.0	Sauroscaptor	83.27433969835947	78.77636372772385
0.0	Scalenodon	72.43205768436819	61.80612685040714
0.0	Scalenodontoides	54.17990991725933	26.48711116936896
0.0	Scalopocephalus	81.23745593413732	80.94333189712118
0.0	Scalopodontes	85.5261169797318	84.93806131950542
0.0	Scalopognathus	76.33380135346113	76.07095916351014
0.0	Scaloporhinus	80.48802854497136	80.19197147389876
0.0	Scaloposaurus	84.29036733150674	71.7158842971157
0.0	Scaloposuchus	84.5743944979028	84.01081542987805
0.0	Scylacoides	82.38279680085108	82.08847671688862
0.0	Scylacops	85.4706714275147	78.54716359864709
0.0	Scylacosaurus	88.31829512337853	80.47165267757896
0.0	Scylacosuchus	84.89706326656624	84.41991871472531
0.0	Scymnosaurus	89.64976680589817	84.77093419643336
0.0	Secodontosaurus	112.67222514224068	97.00856695671817
0.0	Sesamondontoides	68.20177037611116	67.83800816198863
0.0	Shaanbeikannemeyeria	72.37179223467653	67.10778108497607
0.0	Shansiodon_Temperate_N	72.12632276270305	66.79617177184763
0.0	Shansiodon_Temperate_S	69.2581539651279	68.89128264357447
0.0	Shashajaia	114.89132562568163	114.21756794813986
0.0	Shiguaignathus	81.94657114547056	81.65508991637775
0.0	Silphedosuchus	75.85702035964121	75.59550786789613
0.0	Silphoictidoides	84.40678366242722	78.52392920551631
0.0	Sinoconodon	28.685908897035336	27.814036884188425
0.0	Sinognathus	68.28087738932516	67.91982052100221
0.0	Sinokannemeyeria	72.19706602003086	67.15308486876816
0.0	Sinophoneus	99.37266133355985	90.92704142563413
0.0	Sintocephalus	79.9241088072578	79.62538522981362
0.0	Siriusgnathus	59.15168922334978	39.73276008133174
0.0	Sludica	89.40254541006368	88.41874406169339
0.0	Smilesaurus	84.75234175210234	78.4001985965612
0.0	Sphenacodon	127.3093582367569	100.50070871561178
0.0	Stahleckeria	72.72210583092115	58.908807566113744
0.0	Steppesaurus	98.44539876811059	97.48937056228783
0.0	Stereophallodon	114.23819700640917	113.63151945953507
0.0	Stereorhachis	126.98524536777634	126.14332426863139
0.0	Struthiocephaloides	89.64463991311715	86.88868145797369
0.0	Struthiocephalus	89.38500960395987	85.53293703474989
0.0	Styracocephalus	90.49786289095961	86.40386735814505
0.0	Suchogorgon	88.49548430816941	85.3932711533863
0.0	Suminia	89.39820828763844	84.5524502390847
0.0	Sungeodon	76.55543304641789	76.29530849178788
0.0	Sycosaurus	82.97438397748512	79.60776955012159
0.0	Syodon	101.0920731680516	84.4812118275476
0.0	Syops	82.98298795987345	79.72628212909702
0.0	Sysphinctostoma	68.94054487578414	67.57013516598617
0.0	Tambacarnifex	111.56339247064525	110.99019747955211
0.0	Tamboeria	86.49418783610263	85.81059136414929
0.0	Taoheodon	78.38998723390277	78.09803634834017
0.0	Tapinocaninus	92.08806572980502	91.1421495117735
0.0	Tapinocephalus	88.02275853233986	84.60993381375798
0.0	Tappenosaurus	107.30041798819887	92.36714925685214
0.0	Taurocephalus	85.93642179669149	85.30171289936354
0.0	Tenuacaptor	129.60850415876033	128.78625898862873
0.0	Tessellatia	38.061730807913065	37.100994625460444
0.0	Tetraceratops	100.70814787334152	99.11882838878628
0.0	Tetracynodon	81.3496189565036	72.30142773710809
0.0	Tetragonias	71.97367844542075	65.95102420861191
0.0	Theriognathus	84.9767951458052	70.67078616462497
0.0	Therioherpeton	61.955869742689025	61.06248879707796
0.0	Therioides	86.01180548299149	85.35530534543312
0.0	Theroteinus	26.927416507452932	26.043676893074156
0.0	Thliptosaurus	81.61278041248745	81.31669948893952
0.0	Thomasia	33.740387052680084	26.25686498817583
0.0	Thrinaxodon	76.94265395475858	72.19567239197441
0.0	Tiarajudens	88.09565964144879	87.37220243992651
0.0	Tigrisuchus	83.42498911247138	79.58711771749536
0.0	Tikitherium	55.07519404739311	53.488562947192655
0.0	Titanophoneus	92.39079014249178	84.27245150520234
0.0	Titanosuchus	89.35246463505517	84.81806373258281
0.0	Traversodon	67.15079818303201	63.87286234808245
0.0	Traversodontoides	68.03022809059016	67.67376753817284
0.0	Trichasaurus	108.75949528753449	107.78978946529634
0.0	Tricuspes	41.22040667080779	25.777994328318332
0.0	Trirachodon	72.46997153413741	67.27346009393607
0.0	Tritylodon	31.508846966645418	30.630718306619755
0.0	Trochorhinus	86.88773509598987	86.18862380823818
0.0	Trochosaurus	89.3124755833577	88.13942329129395
0.0	Trochosuchus	87.99288467129426	87.30372753186178
0.0	Tropidostoma	85.91545269650017	79.43395215637221
0.0	Trucidocynodon	62.0675298077945	31.791485773514257
0.0	Turfanodon_Temperate_N	83.21079122035181	76.36110434500448
0.0	Ufudocyclops	70.70132508547874	68.14991245689369
0.0	Ulemica	92.47447817764134	85.73100234152139
0.0	Ulemosaurus	92.56653411225929	85.01612097226133
0.0	Uniserium	30.14628420650657	29.268775969641663
0.0	Uralocynodon	85.14204568115852	84.62817012404172
0.0	Uralokannemeyeria	69.4103466373742	66.29766228914384
0.0	Urumchia	76.9813041288078	76.74086979050875
0.0	Ustia	88.97141998915126	88.22253564751222
0.0	Varanodon	93.10009622288442	92.12590749927864
0.0	Varanops	114.93482534528484	103.17106199700848
0.0	Varanosaurus	109.70943501353753	99.7455026656352
0.0	Vaughnictis	125.48963397348554	113.30364553608459
0.0	Venyukovia	92.1501035173582	91.21040993452542
0.0	Vetusodon	79.97772383061728	79.67871320292382
0.0	Viatkogorgon	88.5607227518234	85.05134067960552
0.0	Viatkosuchus	86.95371269193494	84.72927877628759
0.0	Vinceria	72.84257194154578	67.20619506416173
0.0	Vivaxosaurus	90.34221715852232	81.79902872735781
0.0	Wadiasaurus	69.44740280081689	69.08051937199176
0.0	Walteria	85.34117702198412	84.77294028536583
0.0	Wantulignathus	91.84760695960185	90.87254824566133
0.0	Watongia	91.63626185347805	90.64219575133227
0.0	Woutersia	33.34233471264032	27.956891900144534
0.0	Woznikella	62.19769453827849	50.9432241169444
0.0	Xiyukannemeyeria	72.57647887866683	61.51217669624868
0.0	Xyrospondylus	130.65915920875312	127.84027036182472
0.0	Yikezhaogia	69.87761627652598	69.51689185963528
0.0	Zambiasaurus	71.25514889491303	70.89607420995122
