clade	species	ts	te
0.0	Abajudon	100.96080996006874	86.79871352705615
0.0	Abdalodon	80.11801247504745	79.85107584263689
0.0	Acratophorus	62.68141457927843	59.758157653728055
0.0	Adelobasileus	41.75001361198551	40.401877608796084
0.0	Aelurognathus_Temperate_S	84.78630901401394	76.78284913831178
0.0	Aelurosaurus	92.45800800717136	78.92771079216841
0.0	Aelurosuchus	67.53664637777925	67.21100994086191
0.0	Aerosaurus	129.68939872031848	120.76055096661129
0.0	Akidnognathus	84.1751752875973	79.86084180377843
0.0	Alemoatherium	52.743565989789076	51.464022584332234
0.0	Aleodon	71.15205247504188	51.13362902557342
0.0	Alepognathus	88.07832545053657	87.34207453225608
0.0	Alierasaurus	105.56612833067801	104.40864551216079
0.0	Alopecideops	85.71463084112793	85.09647341582239
0.0	Alopecodon	88.28242013953955	84.9423539426596
0.0	Alopecognathus	87.99949730579955	84.27951948087178
0.0	Alopecorhinus	80.18102121903219	79.91040194531996
0.0	Aloposaurus	85.29780022053953	80.63784670872128
0.0	Alrausuchus	98.65301431435675	91.17685437544023
0.0	Ameghinichnus	38.0506008086357	36.74242365044801
0.0	Andescynodon	70.90782194000617	52.748467471685736
0.0	Angelosaurus	108.7917550385197	89.41192049034225
0.0	Angonisaurus	68.2541323914612	67.84426415558423
0.0	Annatherapsidus	89.29658090641531	81.69121946882882
0.0	Anningia	88.97908811140051	88.2079606036443
0.0	Anomocephalus	90.76530801257097	89.79573826607367
0.0	Antecosuchus	72.72286489032177	67.80881666844738
0.0	Anteosaurus_Temperate_N	85.79299424896458	85.15555085060765
0.0	Anteosaurus_Temperate_S	88.94921314081418	84.63120159322244
0.0	Apsisaurus	123.30968656939766	122.40601444089097
0.0	Archaeosyodon	90.91864466973821	89.99867635740827
0.0	Archaeothyris	135.5010795550304	132.12518137063387
0.0	Archaeovenator	127.43235722870858	126.53020884142138
0.0	Arctognathus	85.36749523579047	76.89207462142217
0.0	Arctops	85.6988149448993	80.09203096150809
0.0	Arctotraversodon	61.626023061678055	56.94702609275075
0.0	Arisierpeton	110.41459072139381	109.8728357162986
0.0	Aulacephalodon	84.99038935958102	76.99876920722228
0.0	Aulacocephalus	84.13584140075368	83.7634736918767
0.0	Australobarbarus	86.86461423794111	84.53616195836126
0.0	Australosyodon	91.15065829269041	90.24339599338548
0.0	Avenantia	89.32734991321009	88.53887462913696
0.0	Baldwinonus	127.13909346154047	118.469105843001
0.0	Basilodon	85.93301147043587	77.00095488754988
0.0	Bauria	73.39248254289541	66.87677324692805
0.0	Beishanodon	74.57452946520023	74.32602141047114
0.0	Biarmosuchoides	89.86437426251189	89.04034239156827
0.0	Biarmosuchus	97.67954382961535	88.73477847772804
0.0	Biseridens	95.72430027129022	93.09341412308383
0.0	Blattoidealestes	84.6591821769022	84.08303618984553
0.0	Bohemiclavulus	126.3742190276618	125.46734274720745
0.0	Bolodon	32.59696598408672	32.004002667368304
0.0	Bolotridon	67.98715240849454	67.60472551531285
0.0	Bonacynodon	66.45003233277822	58.8171276959314
0.0	Boreogomphodon	59.39810586566154	33.67154503900669
0.0	Botucaraitherium	48.76392082055282	47.36392130325378
0.0	Brachyprosopus	89.7005767246099	86.01801649056048
0.0	Brachyzostrodon	31.143429071297287	25.8050683065005
0.0	Brasilitherium	53.71948524703536	32.48592974253188
0.0	Brasilodon	53.01912598472246	33.74097012388863
0.0	Brontopus	83.60786332083983	77.84884814086
0.0	Bulbasaurus	85.80376850857697	78.79038836341678
0.0	Bullacephalus	87.91640672778979	87.1859099470677
0.0	Burnetia	83.41135389351645	83.13581713798455
0.0	Cabarzia	119.53208844255691	118.61985917104406
0.0	Callibrachion	109.99031037552338	109.45571890903932
0.0	Candelariodon	64.95533028092159	64.75868064544022
0.0	Caodeyao	82.43315631140166	82.16119271393951
0.0	Casea	107.97652546267095	97.20503670076728
0.0	Caseoides	109.93890855371673	91.54464448141893
0.0	Caseopsis	107.28098794334214	97.74175713067774
0.0	Cerdodon	94.86817258975714	93.94542361094553
0.0	Cerdorhinus	81.73645013776591	81.4699119357951
0.0	Cerdosuchus	81.11792347217883	80.84817158599247
0.0	Chalepotherium	30.263546805675674	29.600025354684824
0.0	Chaliminia	51.83317871887438	39.60520165587516
0.0	Charassognathus	80.8085879530235	80.5366472162725
0.0	Charruodon	40.573252065745756	39.279911826317885
0.0	Chiniquodon	67.4500735566313	33.782138743827225
0.0	Choerosaurus	93.63826820197754	79.84265604903958
0.0	Chthomaloporus	90.12452832746568	89.24224193684009
0.0	Chthonosaurus	83.75344164004068	82.34931013488328
0.0	Cistecephaloides	80.9714745217208	80.69863197661589
0.0	Cistecephalus	84.76704188545547	79.08664470086214
0.0	Cistecynodon	71.06112243857726	70.64652308423257
0.0	Clelandina	83.73725823703487	76.38286036812268
0.0	Clepsydrops	132.49219793019313	96.7663679487946
0.0	Colobodectes	88.08253706511671	78.6744787072108
0.0	Compsodon	85.28836290773168	81.51814695365584
0.0	Cotylorhynchus	108.43486492992237	89.67681550308222
0.0	Counillonia	73.46125679018942	73.21428284233023
0.0	Cricodon	72.91954879384402	59.96401718948937
0.0	Criocephalosaurus	90.10970068053808	84.28751408229238
0.0	Cromptodon	68.16353740874416	67.76612228016205
0.0	Cryptocynodon	85.26330085623394	79.04914286655423
0.0	Cryptovenator	119.92545933000606	119.03015841306166
0.0	Ctenorhachis	111.97812077138765	111.44613254456215
0.0	Ctenospondylus	118.34112842373645	109.0442700871988
0.0	Cutleria	120.32365618911167	118.70482797361701
0.0	Cynariognathus	89.9207978112774	86.3625018780351
0.0	Cyniscops	80.78347395724397	80.51302168406588
0.0	Cynognathus	72.4860959704755	56.4944889407299
0.0	Cynosaurus	85.28026043954193	77.90815132217755
0.0	Cyonosaurus	85.2033592106497	78.03169494065736
0.0	Dadadon	60.95400981244035	56.27337194426175
0.0	Dalongkoua	79.10763679460165	78.8371970892906
0.0	Daptocephalus	86.84386875392464	76.87423837692087
0.0	Daqingshanodon	80.24545764380773	79.97554531004646
0.0	Datheosaurus	124.45252029737262	123.52924876167934
0.0	Davletkulia	93.86167889277746	92.95474492739758
0.0	Deccanodon	47.45103837418923	46.090060431516996
0.0	Delectosaurus	85.39114460213862	82.26430735516377
0.0	Delphinognathus	88.59841192314327	87.8573968932494
0.0	Deuterosaurus	92.4854124054567	84.38878422498094
0.0	Diademodon	72.30565594458822	49.493736155425744
0.0	Dicynodon_Temperate_N	90.70394968955333	83.61811497791537
0.0	Dicynodon_Temperate_S	109.6189933200256	65.947456211717
0.0	Dicynodontipus_Temperate_N	74.44105300180901	74.18970877092518
0.0	Dicynodontipus_Temperate_S	83.32206663839659	62.07821403756713
0.0	Dicynodontoides_Temperate_S	85.66842256112413	71.24149062453391
0.0	Diegocanis	54.739120901996316	53.4194925455058
0.0	Digalodon	84.88306891377032	78.34408687407422
0.0	Diictodon_Temperate_N	79.18467572232402	78.91432017336876
0.0	Diictodon_Temperate_S	93.42690399967363	77.25475877158281
0.0	Diictodontoides	82.57484815958294	82.30163101523111
0.0	Dimacrodon	107.4998663448453	93.36666758658573
0.0	Dimetrodon	123.57802629861894	81.55410200540824
0.0	Dinanomodon	85.65117462763446	75.86697282341302
0.0	Dinodontosaurus	67.10453241292515	61.50471316175831
0.0	Dinogorgon	85.19698755357675	78.95638569065073
0.0	Dinosaurus	91.91295418587642	90.96010549702578
0.0	Dolichuranus	71.9278487721533	71.5599447586431
0.0	Dolomitipes	77.11039382418996	76.02005780797735
0.0	Driveria	105.44289315231423	104.29943401385489
0.0	Dromatherium	43.58229770255579	42.23071156799636
0.0	Dvinia	89.44130068104069	83.67817504252913
0.0	Ecteninion	52.95322491410396	51.791850615574944
0.0	Edaphosaurus	129.1635512225125	97.69990207397899
0.0	Elcabrosaurus	129.0730829080211	128.15054063401092
0.0	Elephantosaurus	63.58571932285765	63.38240236527649
0.0	Elliotsmithia	89.22739962502139	88.42927985048212
0.0	Elph	86.1078764483643	81.49560255700888
0.0	Emydochampsa	83.2643020116296	82.98577477705692
0.0	Emydops	94.2838985892758	77.61425054178055
0.0	Emydorhinus	84.75626039723637	80.75237380521297
0.0	Emydorhynchus	84.06280539380256	83.70323485000071
0.0	Emyduranus	85.50506647400022	80.76110753811183
0.0	Endothiodon_Temperate_S	96.3977067629847	78.99325110624922
0.0	Endothiodon_Tropical_S	85.02752325007579	76.23000359273193
0.0	Ennatosaurus_Temperate_N	93.62088519485962	88.88684311767842
0.0	Ennatosaurus_Tropical_N	91.51953171104111	90.61453271889411
0.0	Eocasea	128.9209337696759	127.98618162923519
0.0	Eodicynodon	92.07298760141641	87.36949107601458
0.0	Eoraetia	30.970651626630563	30.32783005675031
0.0	Eosimops	88.9497810845263	79.09590234403811
0.0	Eothyris	111.4895959913689	110.94143704244493
0.0	Eozostrodon	33.56800150827963	27.848707365483147
0.0	Ericiolacerta	74.50564425091436	73.2483815281698
0.0	Eriphostoma	89.14867963546818	81.69896491704661
0.0	Estemmenosuchus	92.29490403695534	89.42267129754683
0.0	Eubrachiosaurus	54.720125507846774	53.3785587309917
0.0	Euchambersia	81.44986604131174	81.18568339514614
0.0	Euptychognathus	84.52404300436767	84.00270710415523
0.0	Euromycter	100.59066357499442	99.35482108860153
0.0	Exaeretodon_Temperate_S	64.35686428229157	33.52539247680826
0.0	Exaeretodon_Tropical_N	71.87831303741288	71.5085730289325
0.0	Fluctuodon	30.156735588689212	29.49561460410668
0.0	Galechirus	86.47190680102403	85.15914467587442
0.0	Galeops	88.82611100254985	80.52909934734917
0.0	Galesaurus	76.98730703642298	72.02487920202095
0.0	Gaumia	42.819367430358135	25.46009403246618
0.0	Geikia_Temperate_N	78.30193153536246	78.03184784886302
0.0	Geikia_Temperate_S	83.36358895082678	82.57732175426534
0.0	Glanosuchus	92.96011881490124	84.1056857445813
0.0	Glaucosaurus	105.57607780345494	104.44561848935282
0.0	Gomphodontosuchus	58.32559716101281	55.89924940743608
0.0	Gondwanadon	59.8590907949377	58.5620915522474
0.0	Gordonia	79.50966249404101	76.64035943370337
0.0	Gorgodon	99.46492135986213	96.82212285303339
0.0	Gorgonops	88.48063370713598	77.8945906000481
0.0	Gorochovetzia	83.48933806569802	83.20188695286735
0.0	Gorynychus	88.37950574078701	84.56090465477148
0.0	Habayia	26.774919225256337	26.12177710943848
0.0	Hahnia	28.83182362140983	28.177618227908745
0.0	Hallautherium	30.292106276590054	29.633619055943672
0.0	Haptodus	131.5352695301113	110.78365313370254
0.0	Haramiyavia	29.642819852037512	28.169708182459257
0.0	Hazhenia	72.45052042574248	72.17916922022874
0.0	Heleosaurus	89.53346055358698	88.71382280367715
0.0	Helvetiodon	27.79321215308735	27.13118602635801
0.0	Herpetoskylax	85.07636074843897	80.76231574729613
0.0	Hipposaurus	89.68251361872491	85.19656433925644
0.0	Hofmeyria	85.48380769749085	79.56095642994599
0.0	Homodontosaurus	85.12994402197617	77.26154993260378
0.0	Hwanghocynodon	80.33451304218168	80.06322202559622
0.0	Hyaenasuchus	86.42525456963523	85.72338265056528
0.0	Hypselohaptodus	122.38879216658917	121.48306096537748
0.0	Hypsiprymnopsis	27.787985831261473	27.12435883408826
0.0	Ianthasaurus	131.02262322519957	128.3705319311673
0.0	Ianthodon	130.0800829440773	129.17193235432055
0.0	Ichibengops	84.00355933214857	80.09064899647642
0.0	Icticephalus	84.74352523906538	84.1528467261502
0.0	Ictidochampsa	78.66494255968396	78.39059805172437
0.0	Ictidognathus	86.96391537980779	82.03509580548082
0.0	Ictidorhinus	80.67897076249567	80.40574221095055
0.0	Ictidosaurus	92.16717720671907	85.53204655406257
0.0	Ictidosuchops	85.01372824368329	77.60828098393051
0.0	Ictidosuchus	80.8995153040193	80.63303521550719
0.0	Idelesaurus	89.35769309878927	88.57900069738405
0.0	Impidens	70.17330387734697	69.7567804929924
0.0	Inostrancevia_Temperate_N	90.18821702931683	81.03051668162183
0.0	Inostrancevia_Temperate_S	79.80931022811221	79.5417062434375
0.0	Interpresosaurus	82.17592722677193	81.90921039592938
0.0	Irajatherium	47.76467430438747	45.15870622088788
0.0	Ischigualastia	61.87781502994872	53.436188711462265
0.0	Isengops	80.7797649683535	80.50938295031594
0.0	Jachaleria	66.46362347889159	33.48281411863811
0.0	Jimusaria_Temperate_N	80.2383783444256	76.58348226238901
0.0	Jiufengia	81.90254893231472	81.63621518925805
0.0	Jonkeria	90.22829202648158	79.26583593155935
0.0	Julognathus	85.04051985381847	84.5483724749193
0.0	Kamagorgon	98.75862696692747	95.38491265248463
0.0	Kannemeyeria	73.21419943425875	67.08164615770615
0.0	Karenites	88.19647373677131	84.18364374381369
0.0	Kataigidodon	39.189476912013404	37.914983463293495
0.0	Katumbia	82.47531435312692	78.58205655671966
0.0	Kawingasaurus	85.34915030500098	78.59434379324968
0.0	Kembawacela	84.73902511967775	79.00391954317978
0.0	Kenomagnathus	129.314595680403	128.3692729255715
0.0	Keratocephalus	90.11092759611951	84.64452586481897
0.0	Keyseria	78.8077558404067	78.53515265251528
0.0	Kitchinganomodon	82.90477557838081	78.568052716389
0.0	Knoxosaurus	106.72313055852965	94.18230387479572
0.0	Kombuisia	70.1664400718569	68.0273643577209
0.0	Kotelcephalon	85.69463156812903	85.06704953189067
0.0	Kuehneotherium	32.19357146975534	28.83830416277084
0.0	Kunpania	80.4317265915305	80.16095940460401
0.0	Kwazulusaurus	81.30474647903017	81.03260812863034
0.0	Lalieudorhynchus	86.76297861988728	86.08545268418999
0.0	Langbergia	76.49752554258087	72.03484955973174
0.0	Lanthanostegus	88.9894271897212	84.3019212150149
0.0	Lemurosaurus	84.93885363415299	79.77544639984251
0.0	Lende	80.68835186428623	80.4154429273623
0.0	Leogorgon	84.19809797805809	82.38032824303502
0.0	Leontosaurus	85.65852770720694	78.22635092744574
0.0	Lepagia	35.071343349589135	26.02900936865236
0.0	Leucocephalus	82.59398604700696	82.32247219987103
0.0	Lisowicia	31.600256713354863	30.931206587118872
0.0	Lobalopex	82.06367463974811	81.79911458872047
0.0	Lophorhinus	82.14625423985063	81.87263338207049
0.0	Luangwa	72.78109063734902	62.73713429847154
0.0	Lumkuia	68.30199776597871	67.9010466143546
0.0	Lupeosaurus	120.00537229748377	119.07318357170998
0.0	Lycaenodon	84.9944516992423	81.01911374171047
0.0	Lycaenops	85.20335254265686	77.6269039420926
0.0	Lycedops	87.62417266327218	86.91338050309577
0.0	Lycideops	79.71467320408489	79.44419658274519
0.0	Lycosaurus	87.05824200786175	79.57700720362757
0.0	Lycosuchus	86.39095511077203	85.7220894458253
0.0	Lystrosaurus_Temperate_N	78.2411253991211	76.01502343947911
0.0	Lystrosaurus_Temperate_S	87.97282243739522	72.14850064077157
0.0	Macromerion	126.60672276739845	125.4769396684701
0.0	Madysaurus	53.470129640062325	52.279884519281445
0.0	Malasaurus	82.66285047129699	82.39222493241262
0.0	Mandagomphodon	71.878203900824	71.28602551796736
0.0	Martensius	110.11284977326558	109.58013633678685
0.0	Massetognathus	66.88820971170942	54.93917384311023
0.0	Mastersonia	97.4371362472079	96.61644713479095
0.0	Maubeugia	33.23062760907802	32.55956427746974
0.0	Megawhaitsia	83.62698569331565	81.12378954591745
0.0	Melanedaphodon	134.41432191903826	133.50971510971198
0.0	Menadon	65.9661956884408	49.51206977277671
0.0	Mesenosaurus_Temperate_N	98.3733891633444	89.07173228954858
0.0	Mesenosaurus_Tropical_S	110.06465743757009	109.50473002317072
0.0	Meurthodon	32.567311619717344	31.962417559713348
0.0	Microconodon	62.200388088417526	31.89642935016588
0.0	Microgomphodon	75.213649907438	66.75969160121804
0.0	Microhelodon	67.47225998620523	67.15744829453608
0.0	Microscalenodon	34.02086538440975	28.28890466617846
0.0	Microsyodon	97.44570294056011	90.84062738416935
0.0	Microurania	92.64479997683459	83.49232017438338
0.0	Microvaranops	89.85140624246797	84.26958489705113
0.0	Microwhaitsia	83.35149861548517	81.130050748081
0.0	Milosaurus	128.58887308052917	127.69325563529617
0.0	Minicynodon	50.62671303302181	49.06323648270629
0.0	Mirotenthes	84.25755233772934	79.88588227427636
0.0	Mitredon	27.189000361049654	26.539013609695637
0.0	Mobaceras	88.63083098828996	87.87927638726559
0.0	Moghreberia	60.81748583782278	28.224906678253483
0.0	Mojo	28.591766995757368	27.93738031675741
0.0	Molybdopygus	89.87189258123601	89.03461419196806
0.0	Morganucodon	32.53022395485811	26.339525339868114
0.0	Mormosaurus	91.26409105409496	84.93266239974008
0.0	Moschops	90.20227112189434	79.5760352583124
0.0	Moschorhinus	85.07868731243474	72.00731985213449
0.0	Moschowhaitsia	85.34204320662447	81.59205638439516
0.0	Muchia	89.14927696775833	88.34968691784525
0.0	Mucrotherium	31.030940396298323	30.38859500582526
0.0	Mupashi	80.4510924835045	80.18088720782983
0.0	Mycterosaurus	111.29817437408758	97.41667248796043
0.0	Myosauroides	81.22503821475054	80.95433108112925
0.0	Myosaurus	76.76722445941863	72.11484067446985
0.0	Nanictidops	81.31205343060029	81.04168633886638
0.0	Nanictocephalus	84.28598918567035	83.85888761908143
0.0	Nanictosaurus	84.64641534144116	77.76868195094758
0.0	Nanocynodon	88.86372811785398	88.10687374622165
0.0	Nanogomphodon	62.966262315605505	62.75765253297076
0.0	Neosaurus	118.15952058521853	117.26290002406364
0.0	Niaftasuchus	94.4413190520064	89.99395530566755
0.0	Niassodon	81.11045063900255	80.84389133987409
0.0	Nikkasaurus	96.07988360709221	94.83178252364526
0.0	Nitosaurus	128.87290606582835	127.98452901092702
0.0	Niuksenitia	89.50097277510577	88.73980399410286
0.0	Nochnitsa	87.79763459852535	87.05529012598547
0.0	Notaelurodon	84.10429635563042	83.73565131940877
0.0	Nothogomphodon	68.56581130538827	67.12988052677156
0.0	Notosyodon	90.24742717979449	89.34755706838176
0.0	Nshimbodon	84.47614448633786	83.97598738161894
0.0	Nythosaurus	69.68194393940337	69.26095255397539
0.0	Odontocyclops	85.24253195026134	78.91842224185172
0.0	Oedaleops	128.37253853254757	117.21233246288297
0.0	Oligokyphus	32.51197993901246	27.492064900223316
0.0	Olivierosuchus	77.47113991979967	71.91607982662175
0.0	Ophiacodon	128.86374074225895	97.85440958062935
0.0	Ophidostoma	79.41497656185754	79.1437605762505
0.0	Ordosiodon	72.54206764114267	66.27993186164831
0.0	Oromycter	115.42962910808016	114.64010086221293
0.0	Otsheria	90.35806402741537	89.46063735097414
0.0	Oudenodon_Temperate_S	89.24841731877609	77.0991430270019
0.0	Pachydectes	87.38161920355306	86.67924909638576
0.0	Palemydops	84.13513889922929	78.33333114930575
0.0	Pampaphoneus	92.22014968872307	86.88667546230491
0.0	Panchetocynodon	74.84752090672386	74.6004485427064
0.0	Parabradysaurus	96.9560701037404	90.74374498408517
0.0	Paraburnetia	84.14816708458399	83.769859766395
0.0	Paragalerhinus	78.07923058839795	77.81028888926465
0.0	Parakannemeyeria_Temperate_N	71.99529651594447	65.22477966534032
0.0	Parasuminia	89.0132741647033	88.26170805003973
0.0	Paratraversodon	67.40590834657651	56.1636600870601
0.0	Pardosuchus	86.93615626560768	86.23577023107613
0.0	Pascualgnathus	61.605621577935175	53.13253978828327
0.0	Patranomodon	91.87554271793294	88.99567430611735
0.0	Pelanomodon	83.02879255835559	77.2658183112024
0.0	Pelictosuchus	83.24494805403336	79.69621381288816
0.0	Pentasauropus_Temperate_S	65.6419813164289	34.05007349565538
0.0	Pentasauropus_Tropical_N	37.597079593785615	36.29800662510001
0.0	Pentasaurus	51.571034067240596	49.89513306050219
0.0	Peramodon	85.5327189655205	82.63405515727845
0.0	Perplexisaurus	88.08492291131526	85.13117245177126
0.0	Phocosaurus	89.33593700883685	87.80842911605492
0.0	Phreatophasma	99.3017436592149	98.01449248634725
0.0	Phthinosaurus	93.51286562024369	89.86587747591872
0.0	Placerias	55.98182547826554	34.84816428706713
0.0	Planitorostris	66.67358067513669	66.42701882599546
0.0	Platycraniellus	76.95093958623163	72.11183705744739
0.0	Platycyclops	79.79224949007994	79.52280883360972
0.0	Platypodosaurus	85.29244793281988	79.14749561146539
0.0	Plinthogomphodon	38.663720143718656	37.32898486344183
0.0	Polonodon	54.037872828105236	52.710184913526795
0.0	Polycynodon	84.84506876224452	84.20897986541429
0.0	Porosteognathus	87.42250215081769	85.6143975145449
0.0	Pravoslavlevia	85.72451337652532	85.10040252732249
0.0	Pristerodon_Temperate_S	89.45944932494359	78.67861119496612
0.0	Pristerognathoides	90.23834762262973	79.25660995077418
0.0	Pristerognathus	89.747040478256	85.04122502267475
0.0	Pristerosaurus	89.26563599945916	88.51560988032946
0.0	Probainognathus	66.63828037342441	55.53589868130101
0.0	Proburnetia	86.43091898516941	85.73638519947845
0.0	Procynosuchus_Temperate_N	90.44323752173061	79.10671382378148
0.0	Procynosuchus_Temperate_S	85.00429853285627	72.83947063359369
0.0	Prodicynodon	83.46923483564706	81.4828155410221
0.0	Progalesaurus	76.97343637973212	76.75352823036563
0.0	Promoschorhynchus	83.74262546568134	76.17323634859997
0.0	Prosictodon	88.67915940999018	87.92580110968498
0.0	Protheriodon	63.471088037977815	63.27290020096654
0.0	Protuberum	67.55930173038385	62.02566817780261
0.0	Prozostrodon	55.19383335581484	31.968968391780983
0.0	Pseudotherium	55.24402111231697	53.86188867016329
0.0	Pseudotriconodon_Temperate_N	43.06353811898977	27.546015413780477
0.0	Pseudotriconodon_Tropical_N	44.25953839276788	42.88822031970467
0.0	Ptomalestes	87.18454858973573	84.29995154648219
0.0	Purlovia	85.47046340683765	83.14039276726574
0.0	Putillosaurus	73.26339993411106	73.01726704308423
0.0	Pyozia	92.09861213523946	91.18820184185867
0.0	Rabidosaurus	70.49675237862735	69.58675356192315
0.0	Raranimus	98.55583878893299	97.53368019591265
0.0	Rastodon	87.24269171056814	86.54886708607533
0.0	Rechnisaurus	71.22390027320405	66.96624872157714
0.0	Redondagnathus	51.354657104558704	49.75824220743661
0.0	Regisaurus	76.79832882434944	73.4241143858677
0.0	Reiszia	95.17923208374205	90.58889193437098
0.0	Remigiomontanus	127.66427179834751	126.7474204763559
0.0	Repelinosaurus	73.33549289863211	73.08271328420801
0.0	Rewaconodon_Temperate_S	61.73839130556766	60.24563117590671
0.0	Rewaconodon_Tropical_S	49.82752065230221	48.27716576748185
0.0	Rhachiocephalus	85.0982861631027	78.41099814907273
0.0	Rhadiodromus	71.96896296758761	66.62688226049875
0.0	Rhinodicynodon	71.14223484824775	70.73581616383036
0.0	Rhopalodon	92.27203485386147	90.48320868355412
0.0	Riebeeckosaurus	87.6017588104633	86.90738862307573
0.0	Riograndia	51.814498974992304	36.07802385917056
0.0	Riojanodon	55.343300150996185	53.973499964230996
0.0	Robertia	89.371998356196	84.47018541880351
0.0	Rosieria	35.97334034789865	28.469837949534835
0.0	Ruberodon	59.42194256367194	58.06323088305355
0.0	Rubidgea	84.99015318446362	77.45952345807385
0.0	Ruhuhucerberus	82.0504664925487	79.94050012812349
0.0	Ruthenosaurus	113.55598223567313	113.01585313390774
0.0	Ruthiromia	124.52622640031012	123.65084909480488
0.0	Sangusaurus	72.80909849369587	63.128224622162655
0.0	Santacruzgnathus	55.11269004918567	53.73623411301895
0.0	Santacruzodon	61.17669221390499	52.114435045306706
0.0	Santagnathus	52.52815150527076	33.20515998915912
0.0	Sauroctonus_Temperate_N	87.60347810853276	86.87235112027275
0.0	Sauroctonus_Temperate_S	83.74036953933667	83.4425295021426
0.0	Sauroscaptor	85.4576483965853	80.05133549772447
0.0	Scalenodon	71.78233335740576	66.45922338826477
0.0	Scalenodontoides	50.11886945947474	25.850107305440194
0.0	Scalopocephalus	84.87724816806497	84.2677226137784
0.0	Scalopodontes	86.91214851900337	86.20811915695103
0.0	Scalopognathus	77.00239896453398	76.78120599496039
0.0	Scaloporhinus	80.59791820795158	80.32598120903819
0.0	Scaloposaurus	80.49085883271601	72.35309880425189
0.0	Scaloposuchus	82.11290396053391	81.84385375025208
0.0	Scylacoides	80.88558166233469	80.60842760404162
0.0	Scylacops	85.35827607418962	78.59152867750197
0.0	Scylacosaurus	85.81567787835233	81.94443969852662
0.0	Scylacosuchus	89.43706343567828	88.6335685170513
0.0	Scymnosaurus	89.56180166625501	84.61457771266589
0.0	Secodontosaurus	113.15374364015604	106.0813036006628
0.0	Sesamondontoides	69.65103287321169	69.23199430022686
0.0	Shaanbeikannemeyeria	71.28593489748633	68.0021028050193
0.0	Shansiodon_Temperate_N	71.92651434242991	67.2773963879065
0.0	Shansiodon_Temperate_S	68.99294319368158	68.57672255169263
0.0	Shashajaia	104.07949089167687	102.96881288794779
0.0	Shiguaignathus	77.4251665577913	77.15319923701784
0.0	Silphedosuchus	74.26742496716818	74.01584898816861
0.0	Silphoictidoides	81.65536160417321	80.82814595172866
0.0	Sinoconodon	30.067159033861206	29.430687487045404
0.0	Sinognathus	70.3201603262223	69.91215000404112
0.0	Sinokannemeyeria	72.03242544958427	66.70428248280776
0.0	Sinophoneus	98.91395184595343	92.373731567617
0.0	Sintocephalus	82.18992270288925	81.91839725075268
0.0	Siriusgnathus	59.00765764079279	37.7648779600587
0.0	Sludica	88.84138332312578	86.11241115125603
0.0	Smilesaurus	83.76517419952337	78.86426031027801
0.0	Sphenacodon	126.80874082552158	112.15812607391518
0.0	Stahleckeria	72.93431612919932	61.586889620375956
0.0	Steppesaurus	96.59693908633456	95.73631431959254
0.0	Stereophallodon	121.12485179349086	120.20088337095711
0.0	Stereorhachis	128.26213075094677	127.34164198688413
0.0	Struthiocephaloides	87.80154171216131	86.41157028713604
0.0	Struthiocephalus	89.44261537782465	84.71548499863817
0.0	Styracocephalus	89.74753912474029	85.12007350306963
0.0	Suchogorgon	89.53765238943991	84.38603010564752
0.0	Suminia	89.5058983048928	84.84642691343728
0.0	Sungeodon	76.69413108304336	76.4569275564652
0.0	Sycosaurus	85.14951150376581	81.24107897379857
0.0	Syodon	101.22815686806321	84.73424024130433
0.0	Syops	85.74849782547274	78.63773211232783
0.0	Sysphinctostoma	68.41907121181646	67.4192128954691
0.0	Tambacarnifex	113.91992800296721	113.3592138244994
0.0	Tamboeria	85.44149715161174	84.8602637040855
0.0	Taoheodon	78.16312846093244	77.89461525434284
0.0	Tapinocaninus	90.2047880995397	89.31654154731494
0.0	Tapinocephalus	86.82722659532418	85.91552622660296
0.0	Tappenosaurus	108.4872070029964	95.40481023916726
0.0	Taurocephalus	85.73776492712167	85.10610411599994
0.0	Tenuacaptor	129.1664491617174	128.28408861474483
0.0	Tessellatia	43.39227669528224	41.93704611097797
0.0	Tetraceratops	100.80744877810379	99.54009754350672
0.0	Tetracynodon	83.96499810504277	71.47438078137486
0.0	Tetragonias	71.99609247778987	70.07919450728616
0.0	Theriognathus	84.97583783531208	68.4785300166464
0.0	Therioherpeton	53.06664232289723	52.00489701798242
0.0	Therioides	88.94762616956689	88.20723019754693
0.0	Theroteinus	28.435650394013496	27.78482423614925
0.0	Thliptosaurus	80.08672819756195	79.81616733945185
0.0	Thomasia	51.18092452365189	26.15971702400264
0.0	Thrinaxodon	76.94583846354608	72.18805235463009
0.0	Tiarajudens	91.18968913609355	90.26057435822145
0.0	Tigrisuchus	85.63477373330319	79.54375536485668
0.0	Tikitherium	57.53613896479007	56.100190526167786
0.0	Titanophoneus	92.18443203825724	84.320989189085
0.0	Titanosuchus	94.40065479367826	84.43994028674071
0.0	Traversodon	67.95047600651722	60.38295028005533
0.0	Traversodontoides	69.25685636439427	68.84545446936333
0.0	Trichasaurus	102.55206829215986	101.38108624008683
0.0	Tricuspes	40.211308727162915	26.784032065177744
0.0	Trirachodon	72.01985125305636	67.1822887687357
0.0	Tritylodon	43.91879047404887	42.52253942773702
0.0	Trochorhinus	86.4350007655527	85.75631290598767
0.0	Trochosaurus	88.77216850785719	85.12126471415553
0.0	Trochosuchus	87.81140716713094	87.08697170032225
0.0	Tropidostoma	86.44352557431809	79.20035100043714
0.0	Trucidocynodon	57.52822683461516	33.13763241190826
0.0	Turfanodon_Temperate_N	85.0607734516767	76.36257522121184
0.0	Ufudocyclops	70.28359975082627	68.63697034027733
0.0	Ulemica	92.94277167235187	84.24432205950669
0.0	Ulemosaurus	92.67434701320889	85.02387461140304
0.0	Uniserium	32.01447284857742	31.36941498742938
0.0	Uralocynodon	86.05831621478136	85.41387559448596
0.0	Uralokannemeyeria	72.73271481873631	68.83867454231434
0.0	Urumchia	76.72874796451927	76.49463132478317
0.0	Ustia	85.27193951438134	84.72972470028715
0.0	Varanodon	98.28874904234078	97.46950332359665
0.0	Varanops	113.5212959619578	97.87327376023192
0.0	Varanosaurus	112.20675626179515	99.53048306325391
0.0	Vaughnictis	122.48524605788523	115.42577223319749
0.0	Venyukovia	91.99270396140348	91.08572654868847
0.0	Vetusodon	78.00486505588472	77.73163130774721
0.0	Viatkogorgon	89.1393356986509	85.31728551585861
0.0	Viatkosuchus	87.92727625998788	86.77173195060352
0.0	Vinceria	71.87653876582017	67.60809366451412
0.0	Vivaxosaurus	89.95505050815783	81.76799321088566
0.0	Wadiasaurus	70.86113983346375	70.44161864967963
0.0	Walteria	86.63385034990797	85.93415079254751
0.0	Wantulignathus	86.54126178607615	85.83634152750504
0.0	Watongia	95.80834062164253	94.90695633366317
0.0	Woutersia	32.43838704977298	27.275004919367266
0.0	Woznikella	58.9891840063009	52.13197545043739
0.0	Xiyukannemeyeria	72.13855332434593	62.99822713146942
0.0	Xyrospondylus	129.75940587850246	128.60014273605148
0.0	Yikezhaogia	71.80960838605881	71.43110643817096
0.0	Zambiasaurus	72.31231313049801	72.02080300137231
