clade	species	ts	te
0.0	Abajudon	275.4817733994409	261.6639064027455
0.0	Abdalodon	255.12498514190193	254.84618920253084
0.0	Acratophorus	237.63756481469417	235.12076937473375
0.0	Adelobasileus	216.49084145110515	215.57416527057387
0.0	Aelurognathus_Temperate_S	259.71789291731983	251.7664343609972
0.0	Aelurosaurus	267.6835866770063	253.90669252039274
0.0	Aelurosuchus	242.5596034402956	242.19555676560637
0.0	Aerosaurus	304.69681546510174	295.7595484499843
0.0	Akidnognathus	259.5008905570031	254.73483004722905
0.0	Alemoatherium	227.63771456683838	226.5434781810117
0.0	Aleodon	246.33213725457733	227.9684810893596
0.0	Alepognathus	263.1468598638281	262.2880886239626
0.0	Alierasaurus	280.4391612487628	279.5483682800014
0.0	Alopecideops	260.7851997022307	260.08735938913236
0.0	Alopecodon	263.3957816246983	259.9326075748296
0.0	Alopecognathus	263.1995676781795	259.26248194440785
0.0	Alopecorhinus	255.191783511444	254.90489275300257
0.0	Aloposaurus	260.5632188782908	255.58488897079926
0.0	Alrausuchus	273.425938541162	266.30311461340597
0.0	Ameghinichnus	212.8579152772771	211.94655145822674
0.0	Andescynodon	246.0983190015535	228.2974309507171
0.0	Angelosaurus	283.47113217785477	264.5194297289762
0.0	Angonisaurus	243.26215856565418	242.8330323191964
0.0	Annatherapsidus	264.1924162529731	256.7539683859379
0.0	Anningia	264.0758453033896	263.1549459774506
0.0	Anomocephalus	265.7706801490959	264.83225522083785
0.0	Antecosuchus	247.77420963494248	242.80434373869124
0.0	Anteosaurus_Temperate_N	260.8130665127604	260.1545208478961
0.0	Anteosaurus_Temperate_S	263.98668783148645	259.6355129094336
0.0	Apsisaurus	298.3232219018443	297.40429558744955
0.0	Archaeosyodon	265.8858463146391	265.0554381276718
0.0	Archaeothyris	310.5649040662793	307.14975600383787
0.0	Archaeovenator	302.4589811433331	301.5686179983768
0.0	Arctognathus	260.6526718898827	251.77983399009452
0.0	Arctops	261.22012467509563	254.98090331119545
0.0	Arctotraversodon	236.5893361375692	232.41338816333237
0.0	Arisierpeton	285.40785926154325	284.87235418160776
0.0	Aulacephalodon	260.0296150398822	251.98899778791375
0.0	Aulacocephalus	259.1176945518765	258.75885694924887
0.0	Australobarbarus	261.8000790405121	259.5734449044758
0.0	Australosyodon	266.1982952432907	265.20608856622874
0.0	Avenantia	264.43370929394007	263.4701224341123
0.0	Baldwinonus	302.23887454565215	293.37872714595346
0.0	Basilodon	261.3566884845108	251.75539487677145
0.0	Bauria	248.44391809872897	241.8398805617793
0.0	Beishanodon	249.58054745334564	249.3203612580431
0.0	Biarmosuchoides	264.83259960689116	264.0643765684826
0.0	Biarmosuchus	272.71759377203136	263.70824788932714
0.0	Biseridens	270.67710538184735	268.1029988314054
0.0	Blattoidealestes	259.6275185732711	259.0823871673958
0.0	Bohemiclavulus	301.3659015329647	300.48003394070173
0.0	Bolodon	207.71367049997534	206.97194334357957
0.0	Bolotridon	243.00639627999945	242.58759431610227
0.0	Bonacynodon	241.26927847806328	234.3974052729706
0.0	Boreogomphodon	233.962886166185	210.03092741650028
0.0	Botucaraitherium	223.53975513442256	222.53381340421498
0.0	Brachyprosopus	264.7828192853092	260.9673234671027
0.0	Brachyzostrodon	206.22079164000047	200.75832739727878
0.0	Brasilitherium	228.37399157641207	207.68577371651668
0.0	Brasilodon	227.8668340841172	209.13121503015526
0.0	Brontopus	258.54013520372325	252.7183920522953
0.0	Bulbasaurus	261.3052193517128	253.71184770555726
0.0	Bullacephalus	262.97676187352533	262.1228863252839
0.0	Burnetia	258.4171275930049	258.1286740245125
0.0	Cabarzia	294.523095079186	293.65725864732656
0.0	Callibrachion	284.9903717795154	284.4297678691441
0.0	Candelariodon	239.95767577954618	239.75679768136962
0.0	Caodeyao	257.43271976117296	257.1650280737117
0.0	Casea	282.5015783733888	272.5220900194845
0.0	Caseoides	284.5236225344256	266.55024617292685
0.0	Caseopsis	281.4948583666825	273.6935630530526
0.0	Cerdodon	269.938055682545	268.8923299811248
0.0	Cerdorhinus	256.7429618552171	256.4583518628788
0.0	Cerdosuchus	256.12205977151626	255.8457265499043
0.0	Chalepotherium	205.27240649879442	204.588852632056
0.0	Chaliminia	225.1314001245344	216.42370371745898
0.0	Charassognathus	255.81276439707113	255.53321138792614
0.0	Charruodon	215.39607603586924	214.40835812472073
0.0	Chiniquodon	242.47650230437927	209.39701731515783
0.0	Choerosaurus	269.0486292343247	254.66272641988786
0.0	Chthomaloporus	265.0792338685306	264.2961304098364
0.0	Chthonosaurus	258.60438733503264	257.3936855064438
0.0	Cistecephaloides	255.97489198722528	255.69236547326972
0.0	Cistecephalus	259.79111761515156	254.0857309874555
0.0	Cistecynodon	246.06632772628254	245.62761066662537
0.0	Clelandina	258.74201313293	251.17393852367613
0.0	Clepsydrops	307.4860546777221	272.23501767990734
0.0	Colobodectes	263.75344251643793	253.51953302814056
0.0	Compsodon	260.45819814563237	256.4417875470514
0.0	Cotylorhynchus	283.36143713784185	264.6925942529636
0.0	Counillonia	248.47005679417825	248.20528482950576
0.0	Cricodon	248.25381338509183	235.27848392998865
0.0	Criocephalosaurus	265.2255378297731	259.3030793554623
0.0	Cromptodon	243.18511992688556	242.75021723603658
0.0	Cryptocynodon	260.6812126980804	253.88139099509826
0.0	Cryptovenator	294.9094300911436	294.05332430101595
0.0	Ctenorhachis	286.9795745955422	286.44530734611527
0.0	Ctenospondylus	293.13237548208673	284.08344360787305
0.0	Cutleria	295.26679823143786	293.74801960537417
0.0	Cynariognathus	265.05938590903077	261.2989456474346
0.0	Cyniscops	255.7897893011729	255.50750018671567
0.0	Cynognathus	247.55811798443688	231.83498257818553
0.0	Cynosaurus	260.6393779646459	252.71478901881054
0.0	Cyonosaurus	260.31134368105995	253.0209734377338
0.0	Dadadon	235.93097268869383	231.32337644556983
0.0	Dalongkoua	254.10345463559656	253.84028998351428
0.0	Daptocephalus	261.959449534464	251.86966491365922
0.0	Daqingshanodon	255.24750450032644	254.97377459305721
0.0	Datheosaurus	299.42396367029403	298.57400732965004
0.0	Davletkulia	268.84617074171615	267.98067502838444
0.0	Deccanodon	222.2651465097712	221.2419305250166
0.0	Delectosaurus	260.26798865573255	257.248906963262
0.0	Delphinognathus	263.6699680870261	262.79095522160804
0.0	Deuterosaurus	267.4305063579968	259.4339174034946
0.0	Diademodon	247.4156679877389	225.98671916403873
0.0	Dicynodon_Temperate_N	265.6020288159065	258.6324060148956
0.0	Dicynodon_Temperate_S	284.6338905809724	240.98793360655887
0.0	Dicynodontipus_Temperate_N	249.44822439672	249.1814244517036
0.0	Dicynodontipus_Temperate_S	258.55474903335426	237.3212792812109
0.0	Dicynodontoides_Temperate_S	261.0346822635484	246.02307303543463
0.0	Diegocanis	229.71074928890326	228.49242980709778
0.0	Digalodon	260.0137153113235	253.21678482592012
0.0	Diictodon_Temperate_N	254.18002887125243	253.91675981043582
0.0	Diictodon_Temperate_S	268.44794214531424	252.25506271657827
0.0	Diictodontoides	257.57912072903144	257.2954969042094
0.0	Dimacrodon	281.8780035067972	268.50152780952425
0.0	Dimetrodon	298.5834404093642	256.5472056742397
0.0	Dinanomodon	261.22364875426626	250.54462474483788
0.0	Dinodontosaurus	242.09085419131515	236.5474443537135
0.0	Dinogorgon	260.31163823371867	253.94537155539172
0.0	Dinosaurus	266.8891317888074	266.03735625699
0.0	Dolichuranus	246.91840762379533	246.55224712289893
0.0	Dolomitipes	252.27996037904373	250.8856352010232
0.0	Driveria	280.32188834827815	279.4562624359951
0.0	Dromatherium	218.36431245497403	217.4435549147562
0.0	Dvinia	264.2761822090387	258.74702164350015
0.0	Ecteninion	227.9016245326107	226.78471403567684
0.0	Edaphosaurus	304.1533950057199	272.93023847996545
0.0	Elcabrosaurus	304.0746916101654	303.1824374474811
0.0	Elephantosaurus	238.5789222985029	238.38938178522687
0.0	Elliotsmithia	264.284133088968	263.3770176588546
0.0	Elph	261.071177827365	256.5496454029188
0.0	Emydochampsa	258.2627565213236	257.9798079082279
0.0	Emydops	269.3605624956481	252.61676344527223
0.0	Emydorhinus	260.10192874755217	255.54601556892348
0.0	Emydorhynchus	259.0391214646676	258.6997936276725
0.0	Emyduranus	260.8855594135022	255.60622918209646
0.0	Endothiodon_Temperate_S	271.50184028519385	253.98950090013938
0.0	Endothiodon_Tropical_S	260.14205954765237	251.01781194451002
0.0	Ennatosaurus_Temperate_N	268.588846008282	263.91169415336697
0.0	Ennatosaurus_Tropical_N	266.5341700885323	265.61385362688304
0.0	Eocasea	303.91136921197057	302.98321710514557
0.0	Eodicynodon	267.10112889973055	262.33175947679837
0.0	Eoraetia	205.99814917309865	205.31306532407157
0.0	Eosimops	264.66037537107684	253.89389602006892
0.0	Eothyris	286.48755130852453	285.94150519582723
0.0	Eozostrodon	208.04702654069965	202.77502476594452
0.0	Ericiolacerta	249.74747205934585	247.96742416618284
0.0	Eriphostoma	264.3321585451933	256.69173008888106
0.0	Estemmenosuchus	267.29064176692015	264.4616723194602
0.0	Eubrachiosaurus	229.53160131162647	228.46248622160883
0.0	Euchambersia	256.4607060682022	256.17591755501456
0.0	Euptychognathus	259.4819883602176	259.0040420188183
0.0	Euromycter	275.4367954333946	274.58386242311553
0.0	Exaeretodon_Temperate_S	239.35700456405127	208.9019328206909
0.0	Exaeretodon_Tropical_N	246.8607324818467	246.50680915116286
0.0	Fluctuodon	205.1837171858283	204.4808363452429
0.0	Galechirus	261.6517056984322	260.12811067892096
0.0	Galeops	264.42399418000235	255.32274671972093
0.0	Galesaurus	252.10892352195685	246.89219423623058
0.0	Gaumia	215.67924407022477	200.29780844620757
0.0	Geikia_Temperate_N	253.30076010146323	253.0320481874347
0.0	Geikia_Temperate_S	258.4870852136483	257.50791938467233
0.0	Glanosuchus	268.14527621596994	259.0764420801756
0.0	Glaucosaurus	280.44400179278574	279.58317725510454
0.0	Gomphodontosuchus	233.25597234739163	230.96914778436113
0.0	Gondwanadon	234.77427454961574	233.69265097225195
0.0	Gordonia	254.48994796379327	251.60927400476916
0.0	Gorgodon	274.2128430271956	271.9076900273508
0.0	Gorgonops	263.6817441412548	252.88036753296728
0.0	Gorochovetzia	258.4760645906714	258.2008282778401
0.0	Gorynychus	263.3056111157491	259.6869695983026
0.0	Habayia	201.79218765905304	201.09642474850466
0.0	Hahnia	203.84648469602973	203.16706973974829
0.0	Hallautherium	205.30392986914657	204.61239078758345
0.0	Haptodus	306.57426220800187	285.7858923019809
0.0	Haramiyavia	204.67083418274376	203.16054848491868
0.0	Hazhenia	247.45990428275348	247.14925961083196
0.0	Heleosaurus	264.59572210008474	263.662261965409
0.0	Helvetiodon	202.81772720627927	202.13420153217456
0.0	Herpetoskylax	260.356619201456	255.57937930523087
0.0	Hipposaurus	264.89280781258844	260.1795153596674
0.0	Hofmeyria	260.87908371909623	254.38389490388778
0.0	Homodontosaurus	260.1112375025366	252.0071890951528
0.0	Hwanghocynodon	255.33259243853703	255.06562689135944
0.0	Hyaenasuchus	261.49627699478475	260.6955342579087
0.0	Hypselohaptodus	297.3865605076863	296.4782462091982
0.0	Hypsiprymnopsis	202.81347810028814	202.11070680070907
0.0	Ianthasaurus	306.04628834374483	303.37764099033177
0.0	Ianthodon	305.0537592865893	304.17371999749747
0.0	Ichibengops	258.9798600918893	255.0038207594331
0.0	Icticephalus	259.7312881384262	259.14748991158274
0.0	Ictidochampsa	253.6676657343456	253.3853270475353
0.0	Ictidognathus	262.5160728579772	256.91302193662034
0.0	Ictidorhinus	255.6849231376445	255.40102988580202
0.0	Ictidosaurus	267.5621645535593	260.42216163071885
0.0	Ictidosuchops	260.0598185015181	252.60732214277306
0.0	Ictidosuchus	255.9052510387246	255.62451383737036
0.0	Idelesaurus	264.3606131014687	263.5550750048495
0.0	Impidens	245.19470371619968	244.7401720876977
0.0	Inostrancevia_Temperate_N	265.12084235710074	256.03292957991823
0.0	Inostrancevia_Temperate_S	254.81926800214512	254.5360861461091
0.0	Interpresosaurus	257.1769166498544	256.9088205078588
0.0	Irajatherium	222.1903925452657	220.77168350253712
0.0	Ischigualastia	236.88417966861923	228.4847302140339
0.0	Isengops	255.78496925846704	255.50649624238557
0.0	Jachaleria	241.35141341587516	209.30785129627012
0.0	Jimusaria_Temperate_N	255.18911585838518	251.52686894762152
0.0	Jiufengia	256.90122103845493	256.6344014743307
0.0	Jonkeria	265.3270119342311	254.24649477397284
0.0	Julognathus	260.04153984545644	259.5623590340125
0.0	Kamagorgon	273.4392552315182	270.56857993438297
0.0	Kannemeyeria	248.24860032961595	242.05342982465388
0.0	Karenites	263.18254029074467	259.2296177171111
0.0	Kataigidodon	214.00687276713512	213.06562251998642
0.0	Katumbia	257.547319611553	253.48721115303246
0.0	Kawingasaurus	260.65721171330256	253.51827031300974
0.0	Kembawacela	259.7659207886785	253.97317342852375
0.0	Kenomagnathus	304.2989185597373	303.35795573013996
0.0	Keratocephalus	265.17827841942335	259.6541977315706
0.0	Keyseria	253.8121924169484	253.5328570155784
0.0	Kitchinganomodon	258.2874096787644	253.3743347162567
0.0	Knoxosaurus	280.6525946500886	269.0688729064193
0.0	Kombuisia	245.37727685344856	242.89144078406497
0.0	Kotelcephalon	260.69181591781387	260.0775701052223
0.0	Kuehneotherium	207.32064823613487	203.79833378275828
0.0	Kunpania	255.42796404696642	255.16629188066938
0.0	Kwazulusaurus	256.3087934302475	256.0293300201938
0.0	Lalieudorhynchus	261.80354955073653	261.0653723577379
0.0	Langbergia	251.5712936751145	246.89676700465827
0.0	Lanthanostegus	264.263083984676	259.2375039090305
0.0	Lemurosaurus	260.080244199564	254.59144495826405
0.0	Lende	255.69094757520455	255.41032881657668
0.0	Leogorgon	258.93762055788494	257.51203255221395
0.0	Leontosaurus	261.07229208080656	253.08152437015153
0.0	Lepagia	209.14520665250683	201.0404546552803
0.0	Leucocephalus	257.59582787585475	257.3186048422654
0.0	Lisowicia	206.61757047740005	205.90345862993524
0.0	Lobalopex	257.07382936473823	256.79053773505535
0.0	Lophorhinus	257.1521960343247	256.86881651021105
0.0	Luangwa	248.07221456802097	237.60173622343285
0.0	Lumkuia	243.32505376140608	242.8828161007229
0.0	Lupeosaurus	294.9869564749153	294.08950964292245
0.0	Lycaenodon	259.9458714536849	255.86450454834136
0.0	Lycaenops	260.39397153658945	252.61191853565774
0.0	Lycedops	262.7183195667644	261.85287798121595
0.0	Lycideops	254.72280016179963	254.44243466625255
0.0	Lycosaurus	262.8239275295562	254.34197148615692
0.0	Lycosuchus	261.46486150223785	260.6851333092543
0.0	Lystrosaurus_Temperate_N	253.2352984607554	251.0094834905381
0.0	Lystrosaurus_Temperate_S	262.9917055288958	247.13813450813169
0.0	Macromerion	301.57869222463086	300.4383395894898
0.0	Madysaurus	228.29802482133323	227.35317078507254
0.0	Malasaurus	257.6612952583982	257.39713831356875
0.0	Mandagomphodon	246.89482107778863	246.27360444527278
0.0	Martensius	285.1033067698085	284.5611738022194
0.0	Massetognathus	241.7901480494867	230.11977275091414
0.0	Mastersonia	272.52679557988415	271.5995144157937
0.0	Maubeugia	208.3146452557083	207.49906687768433
0.0	Megawhaitsia	258.306025467801	256.18165912127597
0.0	Melanedaphodon	309.4240312361816	308.52075472003196
0.0	Menadon	240.85227636058573	225.39654656241706
0.0	Mesenosaurus_Temperate_N	273.3266031851994	264.07836701207066
0.0	Mesenosaurus_Tropical_S	285.055781682563	284.5044535473208
0.0	Meurthodon	207.6720432728486	206.93335802503907
0.0	Microconodon	237.0669810229237	206.91989777913986
0.0	Microgomphodon	250.36079463946453	241.688790842234
0.0	Microhelodon	242.49104069224006	242.14162619871925
0.0	Microscalenodon	208.70021322258788	203.22505426430453
0.0	Microsyodon	272.24231253543644	265.94874791453816
0.0	Microurania	267.59194217950073	258.5045802464454
0.0	Microvaranops	264.99526625565886	259.2639343075254
0.0	Microwhaitsia	258.52628736217093	256.0680048183969
0.0	Milosaurus	303.59184567472886	302.6977077984525
0.0	Minicynodon	225.3014395022594	224.2564584509032
0.0	Mirotenthes	259.4095995220255	254.6808765797333
0.0	Mitredon	202.21072749385445	201.52107395010418
0.0	Mobaceras	263.7125938795538	262.8181604675828
0.0	Moghreberia	235.6181092152798	202.9758595357914
0.0	Mojo	203.61361605530843	202.91080285355204
0.0	Molybdopygus	264.8412070016437	264.07040880213714
0.0	Morganucodon	207.59845523008457	201.236361753614
0.0	Mormosaurus	266.4861556188025	259.8929736000927
0.0	Moschops	265.3564092299557	254.55940007444605
0.0	Moschorhinus	260.1200540837767	246.87686388343914
0.0	Moschowhaitsia	260.2274570798769	256.5975987453067
0.0	Muchia	264.14172634955753	263.3452151915427
0.0	Mucrotherium	206.06488496540732	205.37012081892306
0.0	Mupashi	255.45481248499246	255.17605939199953
0.0	Mycterosaurus	286.24288640335004	273.2435185736643
0.0	Myosauroides	256.2360850803416	255.94751978224397
0.0	Myosaurus	251.8683657954243	246.98566927228492
0.0	Nanictidops	256.3196988898598	256.036598870085
0.0	Nanictocephalus	259.23731822145004	258.85486635666433
0.0	Nanictosaurus	259.902603388964	252.50284016351293
0.0	Nanocynodon	263.8731601710438	263.10063047352776
0.0	Nanogomphodon	237.96278869508495	237.76443197796274
0.0	Neosaurus	293.1509403256831	292.2747493797762
0.0	Niaftasuchus	269.4170160095777	265.14420062586225
0.0	Niassodon	256.1151457655836	255.83847081518508
0.0	Nikkasaurus	271.0362332528772	269.8914935875506
0.0	Nitosaurus	303.8958263075254	302.9884660658572
0.0	Niuksenitia	264.5358450909923	263.7130271175332
0.0	Nochnitsa	262.80938647763475	262.05263615822804
0.0	Notaelurodon	259.0755540529559	258.7323479169647
0.0	Nothogomphodon	243.54978540394004	242.13569874553647
0.0	Notosyodon	265.1954203892723	264.4047308097592
0.0	Nshimbodon	259.42905353372436	258.9773896258266
0.0	Nythosaurus	244.69923948900907	244.2507531047973
0.0	Odontocyclops	260.2694490446733	253.9021213036725
0.0	Oedaleops	303.30398463102784	292.24085561700565
0.0	Oligokyphus	207.304068426203	202.37922635370992
0.0	Olivierosuchus	252.78237037325889	246.46302842559203
0.0	Ophiacodon	303.8655812394438	272.9678891299959
0.0	Ophidostoma	254.4176219251147	254.13896998604721
0.0	Ordosiodon	247.61708202204582	241.40310504523674
0.0	Oromycter	290.4087430299043	289.6512928333281
0.0	Otsheria	265.2965622593235	264.5088281922683
0.0	Oudenodon_Temperate_S	264.29182572639934	252.10059553078062
0.0	Pachydectes	262.4629438388522	261.61735546225117
0.0	Palemydops	259.1395708853562	253.14517046510014
0.0	Pampaphoneus	267.6389375670114	261.68228731593416
0.0	Panchetocynodon	249.86063911849055	249.5887357919573
0.0	Parabradysaurus	271.83209605181423	265.8839263131789
0.0	Paraburnetia	259.118788152099	258.77049221642153
0.0	Paragalerhinus	253.08248857311122	252.80380076656252
0.0	Parakannemeyeria_Temperate_N	246.98235217493018	240.23925098453194
0.0	Parasuminia	264.0463924823077	263.24548458582694
0.0	Paratraversodon	242.30688376177122	232.16939820325206
0.0	Pardosuchus	261.99897015564295	261.1732170129872
0.0	Pascualgnathus	236.60392994908622	228.20129418912254
0.0	Patranomodon	267.1557903017832	263.82824242187814
0.0	Pelanomodon	258.0558103966585	252.2554498104728
0.0	Pelictosuchus	258.5345131943001	254.58856076288956
0.0	Pentasauropus_Temperate_S	240.73727657727534	210.25608949561683
0.0	Pentasauropus_Tropical_N	212.4335720619375	211.5284835893674
0.0	Pentasaurus	226.1902263656656	225.06362479063793
0.0	Peramodon	260.30140539800817	257.71158309281725
0.0	Perplexisaurus	263.06380276322454	260.14743729751956
0.0	Phocosaurus	264.46727752532496	262.7055977528879
0.0	Phreatophasma	274.1479471728379	273.2923192834588
0.0	Phthinosaurus	268.3881222939232	265.02240900029454
0.0	Placerias	230.83955114037929	210.40548511634157
0.0	Planitorostris	241.64166910639412	241.43177103034893
0.0	Platycraniellus	252.32059791285135	246.67133879380998
0.0	Platycyclops	254.7989237189458	254.51242004517727
0.0	Platypodosaurus	260.45040012463215	254.11600088538395
0.0	Plinthogomphodon	213.46554692841895	212.5326045224409
0.0	Polonodon	228.82799635793842	227.84221848871854
0.0	Polycynodon	259.8315246012508	259.21082886588556
0.0	Porosteognathus	262.3843851011141	260.63451727694473
0.0	Pravoslavlevia	260.7149221100181	260.1077810092343
0.0	Pristerodon_Temperate_S	264.51131014080585	253.67565790328533
0.0	Pristerognathoides	265.47661750230526	254.239708419351
0.0	Pristerognathus	264.78109820564424	260.03843585616477
0.0	Pristerosaurus	264.3595826301102	263.4377605296226
0.0	Probainognathus	241.6602839344591	231.18029187070687
0.0	Proburnetia	261.42991446444273	260.7451044511833
0.0	Procynosuchus_Temperate_N	265.5429625555873	254.1008483703214
0.0	Procynosuchus_Temperate_S	260.06145749578866	247.74961750011136
0.0	Prodicynodon	258.5095196084571	256.3837115311245
0.0	Progalesaurus	252.0149191656384	251.73615187751733
0.0	Promoschorhynchus	258.7697027916775	250.8021518183568
0.0	Prosictodon	263.7593929709066	262.85885394420245
0.0	Protheriodon	238.46874230825557	238.27450015304308
0.0	Protuberum	242.56908616235648	237.30609123135554
0.0	Prozostrodon	229.85110465607866	206.74349201352
0.0	Pseudotherium	230.12945994307225	228.9301214500167
0.0	Pseudotriconodon_Temperate_N	215.9940351522912	202.44137804867034
0.0	Pseudotriconodon_Tropical_N	219.03083854833488	218.12320788908298
0.0	Ptomalestes	262.5015938520436	259.2589907387209
0.0	Purlovia	260.326981265751	258.16591387399905
0.0	Putillosaurus	248.2735537912098	248.00622123971445
0.0	Pyozia	267.0701763252898	266.1978878252948
0.0	Rabidosaurus	245.46077122146383	244.6007187617505
0.0	Raranimus	273.41780861862213	272.5638028829909
0.0	Rastodon	262.31655819692827	261.4952753827758
0.0	Rechnisaurus	246.35727012219928	241.81826243223475
0.0	Redondagnathus	225.92756362178667	224.96832474660968
0.0	Regisaurus	252.2355587648705	248.0168937106266
0.0	Reiszia	270.10374042973183	265.71955161188225
0.0	Remigiomontanus	302.6519692203872	301.77887378030584
0.0	Repelinosaurus	248.3440795558429	248.07569000538066
0.0	Rewaconodon_Temperate_S	236.73058560726963	235.3790413997974
0.0	Rewaconodon_Tropical_S	224.50661366267045	223.51954174701652
0.0	Rhachiocephalus	260.0756111789603	253.3949567547534
0.0	Rhadiodromus	246.91005148928463	241.66032523302124
0.0	Rhinodicynodon	246.13585986309533	245.73287048075156
0.0	Rhopalodon	267.2425646789677	265.5783980593656
0.0	Riebeeckosaurus	262.69976821601415	261.8406510228563
0.0	Riograndia	226.3264384102976	211.27415949328736
0.0	Riojanodon	230.23803118558004	229.039873760387
0.0	Robertia	264.42721133944906	259.4798082660769
0.0	Rosieria	209.2761332233531	203.4632311625617
0.0	Ruberodon	234.34222747595723	233.19205698919038
0.0	Rubidgea	259.938281225753	252.43826099423845
0.0	Ruhuhucerberus	257.18794882357855	254.89545656635792
0.0	Ruthenosaurus	288.5519726250064	288.0273384502495
0.0	Ruthiromia	299.54782764134194	298.63764120513054
0.0	Sangusaurus	248.10993904123671	238.25214368568672
0.0	Santacruzgnathus	229.98658499776917	228.78760278917105
0.0	Santacruzodon	236.16209671459472	227.1385344604133
0.0	Santagnathus	227.4287652211738	208.40141219260968
0.0	Sauroctonus_Temperate_N	262.59796559122293	261.8623675472899
0.0	Sauroctonus_Temperate_S	258.73297357272986	258.4353490549027
0.0	Sauroscaptor	260.6408726091567	254.94492551067088
0.0	Scalenodon	246.78464845524965	241.47909181848775
0.0	Scalenodontoides	224.07100937782138	200.46664858731938
0.0	Scalopocephalus	259.883361504864	259.269600752949
0.0	Scalopodontes	261.93528169461877	261.20611453865297
0.0	Scalopognathus	252.0325141727844	251.7702140803489
0.0	Scaloporhinus	255.60014810265255	255.3240008872132
0.0	Scaloposaurus	255.68038308979052	246.94987104674772
0.0	Scaloposuchus	257.12012020505585	256.83734452620024
0.0	Scylacoides	255.88656604287567	255.60332936842735
0.0	Scylacops	260.6204738755292	253.50562781731435
0.0	Scylacosaurus	261.52356894806235	256.7124385887675
0.0	Scylacosuchus	264.4322707244529	263.6252207626827
0.0	Scymnosaurus	264.6260452749886	259.62709130944074
0.0	Secodontosaurus	288.088886788461	281.68751485876567
0.0	Sesamondontoides	244.66745036211827	244.21747810219756
0.0	Shaanbeikannemeyeria	246.23897798739583	242.97617380733556
0.0	Shansiodon_Temperate_N	246.90934973019304	242.2606721332985
0.0	Shansiodon_Temperate_S	244.00589601164788	243.55834442155134
0.0	Shashajaia	278.9242356691893	278.09875089884065
0.0	Shiguaignathus	252.42129689996483	252.15608635286355
0.0	Silphedosuchus	249.27215669834987	249.0102121891656
0.0	Silphoictidoides	256.6545726858268	255.80266391781385
0.0	Sinoconodon	205.08163280038121	204.41187646717492
0.0	Sinognathus	245.3253639833901	244.90458370711875
0.0	Sinokannemeyeria	247.00991841162727	241.7109042716031
0.0	Sinophoneus	273.6244727659613	267.453804670739
0.0	Sintocephalus	257.19704229148516	256.91571029912905
0.0	Siriusgnathus	233.78047104508664	214.08602358850882
0.0	Sludica	263.6832421389683	261.1299193017482
0.0	Smilesaurus	258.99493800132296	253.58695937891594
0.0	Sphenacodon	301.78790936489736	287.1572285474406
0.0	Stahleckeria	248.22571019236898	236.7557416735474
0.0	Steppesaurus	271.65525842536306	270.7104513552396
0.0	Stereophallodon	296.1261524849881	295.2090313292773
0.0	Stereorhachis	303.26342620230605	302.37597443415063
0.0	Struthiocephaloides	262.9519090166696	261.2914499523193
0.0	Struthiocephalus	264.4605161054087	259.7171510437095
0.0	Styracocephalus	264.95555141955026	260.0453996063476
0.0	Suchogorgon	264.46255039206915	259.43902659922134
0.0	Suminia	264.50462776295205	259.84988287909283
0.0	Sungeodon	251.71052044566127	251.44976962146015
0.0	Sycosaurus	260.25086344203385	256.2138908042865
0.0	Syodon	275.71662734388167	259.7833435257736
0.0	Syops	260.887429625417	253.42284618638683
0.0	Sysphinctostoma	243.46435145818438	242.36781510002533
0.0	Tambacarnifex	288.89982054090575	288.36832062352806
0.0	Tamboeria	260.5098557280967	259.8589518961721
0.0	Taoheodon	253.16403115123302	252.8973794196949
0.0	Tapinocaninus	265.2319405118554	264.3103383424374
0.0	Tapinocephalus	261.9304700798707	260.87670897494525
0.0	Tappenosaurus	282.8403165142404	270.41682362272934
0.0	Taurocephalus	260.8163878025332	260.0955919576653
0.0	Tenuacaptor	304.1837623600561	303.28406241700526
0.0	Tessellatia	218.20113714520784	217.18100958990775
0.0	Tetraceratops	275.6712812073538	274.7662320467364
0.0	Tetracynodon	259.1375177190416	246.06682283698092
0.0	Tetragonias	247.0165739300353	244.99617955038514
0.0	Theriognathus	260.01293429631653	243.45442122671892
0.0	Therioherpeton	228.08919159214477	226.93189293158866
0.0	Therioides	264.05782822728116	263.14708200458153
0.0	Theroteinus	203.44122252587192	202.75494477814382
0.0	Thliptosaurus	255.09411417592707	254.8147092686156
0.0	Thomasia	225.57245366238618	201.13765093566346
0.0	Thrinaxodon	251.9641476154474	247.17993316114607
0.0	Tiarajudens	266.2589683761251	265.2489893249316
0.0	Tigrisuchus	261.1572878918124	254.3986544818304
0.0	Tikitherium	232.44325047841735	231.2464416729815
0.0	Titanophoneus	267.0741407089508	259.35420360699027
0.0	Titanosuchus	269.47383321064297	259.449286799802
0.0	Traversodon	243.033679875812	235.59372802039175
0.0	Traversodontoides	244.2635796444908	243.8432141413734
0.0	Trichasaurus	277.4299975178987	276.5484698407483
0.0	Tricuspes	214.47403190335908	201.68968723419215
0.0	Trirachodon	247.03968944323694	242.1355844116279
0.0	Tritylodon	218.78883457575532	217.72108482626138
0.0	Trochorhinus	261.5048890047152	260.70689141575366
0.0	Trochosaurus	264.0157061528956	260.10320138683863
0.0	Trochosuchus	262.87231137557836	262.0285519847945
0.0	Tropidostoma	261.6931708523163	254.18503022468127
0.0	Trucidocynodon	232.12100154059203	209.00244499287933
0.0	Turfanodon_Temperate_N	259.87530302273876	251.23700940081415
0.0	Ufudocyclops	245.3283956688192	243.60814626370168
0.0	Ulemica	267.90133551642464	259.2771378307393
0.0	Ulemosaurus	267.57013760486245	260.0768405831737
0.0	Uniserium	207.0715177144971	206.34139322011055
0.0	Uralocynodon	261.06960544035377	260.407581926512
0.0	Uralokannemeyeria	247.82598442257074	243.85788393009554
0.0	Urumchia	251.74863445359932	251.4885178247989
0.0	Ustia	260.27077649258644	259.74071397831324
0.0	Varanodon	273.3302419681634	272.44731561414744
0.0	Varanops	288.5520193961289	273.7813034572304
0.0	Varanosaurus	287.1547372932029	275.1576576113119
0.0	Vaughnictis	297.5794100962716	290.5255698347646
0.0	Venyukovia	266.9821567230393	266.1211582369012
0.0	Vetusodon	253.00878267441345	252.72848166938317
0.0	Viatkogorgon	264.06100950950565	260.3932218248058
0.0	Viatkosuchus	262.9269153627595	261.7694697282848
0.0	Vinceria	246.95911526496621	242.5256948681983
0.0	Vivaxosaurus	264.7650552335102	256.77067794103857
0.0	Wadiasaurus	245.8683520107183	245.4261558881152
0.0	Walteria	261.70202741682857	260.90072312331455
0.0	Wantulignathus	261.60248076891736	260.80131968027297
0.0	Watongia	270.8119513374484	269.87587370120036
0.0	Woutersia	207.5820667297723	202.1738588894384
0.0	Woznikella	233.69630106378702	227.9955679956128
0.0	Xiyukannemeyeria	247.08415409223787	238.25575756261597
0.0	Xyrospondylus	304.7552640199431	303.58648405163
0.0	Yikezhaogia	246.79639991683223	246.43681175701377
0.0	Zambiasaurus	247.32818484516844	246.97460653230004
