clade	species	ts	te
0.0	Abajudon	91.19426947447448	84.87117556456457
0.0	Abdalodon	82.02906690190191	81.83377317417418
0.0	Acratophorus	58.35552446346346	53.59782297797798
0.0	Adelobasileus	41.76385614714714	41.11342377577578
0.0	Aelurognathus	85.11230032032032	77.03434334934934
0.0	Aelurosaurus	88.27353379179179	78.4881884064064
0.0	Aelurosuchus	69.68013993093093	69.50406954854856
0.0	Agudotherium	56.30585451651652	55.01286442942943
0.0	Akidnognathus	85.83494553253253	79.12413123023023
0.0	Aleodon	71.3329053903904	59.01180618818819
0.0	Alepognathus	87.18786665765765	86.49270834534535
0.0	Alopecideops	87.40052778678678	86.82877855255256
0.0	Alopecodon	89.00780328428428	84.9672420950951
0.0	Alopecognathus	88.62694431531531	85.06956641641641
0.0	Alopecorhinus	84.97103521521521	84.46526157957958
0.0	Aloposaurus	85.88598861161161	77.76705155255256
0.0	Alrausuchus	98.26447013313313	90.51202402902902
0.0	Andescynodon	70.15596763463464	68.00819089289288
0.0	Angelosaurus	95.75212794794797	91.67334437437437
0.0	Angonisaurus	71.67852594994996	66.45847896296297
0.0	Annatherapsidus	90.04774382882883	82.3827801921922
0.0	Anningia	87.41171736736736	86.66164106506507
0.0	Anomocephalus	90.99136974774775	90.54779305605607
0.0	Antecosuchus	71.08570899599599	67.61565526226227
0.0	Anteosaurus	89.80916792392392	84.57597206206205
0.0	Apsisaurus	117.82263240740741	117.26267344244243
0.0	Archaeosyodon	91.05090340440442	90.66796032132132
0.0	Arctognathus	85.20386734434435	77.9114404974975
0.0	Arctops	85.95415796796797	78.39476880280282
0.0	Arctotraversodon	59.491103199199195	53.86029302202202
0.0	Arisierpeton	112.7027739039039	112.26122473673674
0.0	Ascendonanus	117.85210627227227	109.44420845445445
0.0	Aulacephalodon	84.99742120520521	77.56607521421422
0.0	Aulacocephalus	81.9364536816817	81.75110928028028
0.0	Australobarbarus	88.63600643343344	85.81943057257259
0.0	Australosyodon	90.380366990991	90.00090747647647
0.0	Avenantia	86.37434181281283	85.76294644244246
0.0	Baldwinonus	119.20746362262263	118.67577786286286
0.0	Basilodon	86.28181133733733	77.31775171171171
0.0	Bauria	72.46287118518518	67.23114812512513
0.0	Beishanodon	73.37622943643643	73.29680296996999
0.0	Biarmosuchoides	90.94359526126125	90.56585966866866
0.0	Biarmosuchus	98.38306372972973	88.74242293393394
0.0	Biseridens	97.20943587887889	92.80632327927928
0.0	Blattoidealestes	84.77913398098099	84.17313145345346
0.0	Bolodon	31.042591771771775	30.560273722722723
0.0	Bolotridon	69.46893515815816	69.25180805505505
0.0	Bonacynodon	66.53327003203204	56.9611591011011
0.0	Boreogomphodon	61.09849321721722	39.699989030030025
0.0	Botucaraitherium	43.62044580880881	42.39695395795796
0.0	Brachyprosopus	90.13582865265265	84.83444822622623
0.0	Brachyzostrodon	33.19659281781782	26.66441390790791
0.0	Brasilitherium	52.10616178378378	35.38689658558558
0.0	Brasilodon	51.988183939939944	33.833494998999
0.0	Bulbasaurus	84.19428208108108	79.72264995395396
0.0	Bullacephalus	89.1353524044044	88.46492133833834
0.0	Burnetia	82.47170274374373	82.28506693093092
0.0	Cabarzia	121.08656422922923	120.36906192392392
0.0	Callibrachion	112.97737536736737	112.6060591001001
0.0	Candelariodon	65.40979095295295	65.20124493493493
0.0	Caodeyao	81.08410292192191	80.94839923523524
0.0	Casea	109.35544546846846	100.16096123023023
0.0	Cerdorhinus	81.28138196396397	81.09174936236235
0.0	Cerdosuchus	80.39621210510509	80.23198628428429
0.0	Chalepotherium	29.70303553953954	29.111197117117115
0.0	Chaliminia	50.96802112412412	37.912023710710706
0.0	Charassognathus	81.70750479979979	81.52080882382383
0.0	Chiniquodon	68.80183515915917	53.847137347347356
0.0	Choerosaurus	80.88394906706706	80.68608988588588
0.0	Chthomaloporus	90.94519422822823	90.56318098698698
0.0	Chthonosaurus	87.6165173083083	83.80807353753754
0.0	Cistecephaloides	81.86244658658657	81.68647195695696
0.0	Cistecephalus	84.66980831631632	79.10588018218219
0.0	Cistecynodon	69.53576270970972	69.31723707207206
0.0	Clelandina	86.08314652552552	78.30251776176175
0.0	Clepsydrops	106.38863523523523	106.01952841841842
0.0	Colobodectes	88.82622200800802	77.14655043243243
0.0	Compsodon	85.8027799079079	77.7370335075075
0.0	Cotylorhynchus	106.17014119819818	90.26362696996998
0.0	Counillonia	74.336596997998	74.24407118818819
0.0	Cricodon	71.57539324424424	67.08024702702703
0.0	Criocephalosaurus	88.26180041441441	84.97899414014013
0.0	Cromptodon	70.38752486786787	70.19542256356355
0.0	Cryptocynodon	86.12422637237236	79.0857754024024
0.0	Ctenorhachis	111.61212263263262	111.18095023923924
0.0	Ctenospondylus	119.414537996997	106.90048072072074
0.0	Cutleria	119.74739522722722	115.08077947447447
0.0	Cynariognathus	88.32443222522522	84.90606486286286
0.0	Cyniscops	81.92336494794796	81.72488347247247
0.0	Cynognathus	71.80188354154156	55.372611369369366
0.0	Cynosaurus	86.3242397897898	77.4347364074074
0.0	Cyonosaurus	85.26278801301301	76.9577625095095
0.0	Dalongkoua	78.02333872372371	77.8924316026026
0.0	Daptocephalus	88.28008787787788	76.95883259459458
0.0	Daqingshanodon	80.56699545245246	80.45642616216216
0.0	Davletkulia	95.67797173173173	94.87869404804805
0.0	Delectosaurus	85.46889954154153	82.01757789089089
0.0	Delphinognathus	86.95629125325326	86.17051809309308
0.0	Deuterosaurus	91.8938315035035	84.74131587287287
0.0	Diademodon	71.81184701901903	55.9550941011011
0.0	Dicynodon	89.742306986987	64.19091427327326
0.0	Dicynodontipus	76.60820321321322	76.4852591041041
0.0	Dicynodontoides	85.75092824324325	72.54133897397396
0.0	Diegocanis	57.86115579079079	56.65450321021021
0.0	Digalodon	86.07980457257257	77.81187661161162
0.0	Diictodon	89.29173133133135	77.3339758968969
0.0	Diictodontoides	81.50790216616618	81.31292307907907
0.0	Dimetrodon	123.61347515315316	99.24052977677678
0.0	Dinanomodon	86.56761386886888	73.59376479679679
0.0	Dinodontosaurus	67.04764008608608	61.497109902902906
0.0	Dinogorgon	85.31773919319319	77.30182363463463
0.0	Dinosaurus	90.90249745045045	89.80819751151151
0.0	Dolichuranus	71.52269506406405	67.46134495195194
0.0	Dolomitipes	77.13245768868869	73.85263864764765
0.0	Dromatherium	44.231557285285284	43.63190703303304
0.0	Dvinia	86.38551065465465	83.65009646646647
0.0	Ecteninion	58.69835419519519	57.10003041941942
0.0	Edaphosaurus	123.80258151851851	99.59546817717717
0.0	Elephantosaurus	63.415694692692696	63.27881156556557
0.0	Elliotsmithia	87.58732019619619	86.81790922222221
0.0	Elph	88.05520080680681	84.14240188688687
0.0	Emydochampsa	82.36706194994994	82.16131339039038
0.0	Emydops	89.30785080080081	78.40844144144144
0.0	Emydorhinus	82.94255511511513	80.56441555555556
0.0	Emydorhynchus	82.46990632432433	82.26076807407408
0.0	Emyduranus	82.75682538238237	80.54789840940941
0.0	Endothiodon	89.23548128628629	77.90278834234235
0.0	Ennatosaurus	99.6064828108108	87.64593077677677
0.0	Eodicynodon	91.84187217117118	89.40264421921923
0.0	Eoraetia	30.187191429429426	29.70478531231231
0.0	Eosimops	89.163068003003	79.85836115815816
0.0	Eothyris	112.49511119019019	112.09192456256255
0.0	Eozostrodon	32.06845192992993	28.884783132132135
0.0	Ericiolacerta	76.49615002702701	71.53140900300299
0.0	Eriphostoma	89.57539842742742	79.45144871771771
0.0	Estemmenosuchus	95.1715772752753	88.94208521521523
0.0	Etjoia	69.69034155155155	69.4948928808809
0.0	Eubrachiosaurus	56.788877282282286	54.871350400400395
0.0	Euchambersia	82.08392171671672	81.90223297497499
0.0	Euptychognathus	81.48514378478478	81.29716424524524
0.0	Euromycter	105.92729841541542	105.57905901001001
0.0	Exaeretodon	69.73374205105105	32.103531904904905
0.0	Fluctuodon	29.882212726726728	29.326028216216212
0.0	Galechirus	88.77190225125125	86.1823871981982
0.0	Galeops	88.36269791991991	80.13914223223223
0.0	Galepus	87.48002262362361	86.75184575875876
0.0	Galesaurus	76.99987312812813	72.05612322522522
0.0	Gaumia	41.84981234334334	26.244695841841846
0.0	Geikia	87.43173827127127	76.91026873173175
0.0	Glanosuchus	91.66252039439439	84.85730728828828
0.0	Glaucosaurus	106.79857566966967	106.47165408008009
0.0	Gondwanadon	56.78372183883884	55.64256988088088
0.0	Gordonia	79.05669294794795	77.19730177677678
0.0	Gorgonops	89.10663232732732	78.70158228328329
0.0	Gorochovetzia	85.62779541341342	85.34560940240239
0.0	Gorynychus	89.89719788488487	84.97720472872874
0.0	Habayia	30.54538984084084	30.00893093993994
0.0	Hahnia	29.38191414114114	28.868568396396398
0.0	Hallautherium	31.000447851851852	30.455368768768768
0.0	Haptodus	124.22360608908909	110.18926423623624
0.0	Haramiyavia	31.464471074074076	27.791287243243243
0.0	Hazhenia	71.05591811211211	70.88341627827828
0.0	Heleosaurus	87.34517392392391	86.69228244944945
0.0	Helvetiodon	29.97204662662663	29.482680656656658
0.0	Herpetoskylax	83.274127002002	80.93907109909911
0.0	Hipposaurus	88.4510104844845	84.92932947947948
0.0	Hofmeyria	86.05355592792793	79.12087194994996
0.0	Homodontosaurus	86.13995693993995	77.78379648948949
0.0	Hwanghocynodon	81.5900301031031	81.47787103003003
0.0	Hyaenasuchus	87.31067808208208	86.53619098398397
0.0	Hypselohaptodus	120.7061087977978	120.19177553153153
0.0	Hypsiprymnopsis	28.818864752752752	28.34615616916917
0.0	Ichibengops	83.14574115615615	80.21734873473473
0.0	Icticephalus	82.18219882382382	81.97096660560561
0.0	Ictidochampsa	82.06363102102104	81.86288211711714
0.0	Ictidognathus	86.50518492892893	79.50156131731733
0.0	Ictidorhinus	79.77996313313314	79.61136383083083
0.0	Ictidosaurus	91.15028114614614	85.5877651071071
0.0	Ictidosuchops	84.90083989489489	77.25792458558558
0.0	Ictidosuchus	81.92551849949949	81.7410352932933
0.0	Idelesaurus	87.197322018018	86.56686281181182
0.0	Impidens	69.35314515815816	69.16187463363363
0.0	Inostrancevia	89.41291261261262	80.59632061161162
0.0	Interpresosaurus	83.55890194494495	83.41132492592594
0.0	Irajatherium	49.14380440340341	37.90678426426426
0.0	Ischigualastia	61.640519987987986	52.75198032432433
0.0	Isengops	81.47460995795797	81.28422536936938
0.0	Jachaleria	67.71705968468467	31.51335785985986
0.0	Jimusaria	83.11878362562562	76.9300857987988
0.0	Jiufengia	80.72693658458459	80.6082053083083
0.0	Jonkeria	89.53275914514515	80.76948215315315
0.0	Julognathus	87.12237898598599	86.49308627527529
0.0	Kamagorgon	99.28646337237237	92.88351653953954
0.0	Kannemeyeria	74.09697865265265	63.662052795795795
0.0	Karenites	87.86171104104103	85.36983006806807
0.0	Kataigidodon	43.7365938058058	43.133466661661664
0.0	Katumbia	83.66186143043043	80.10304102102101
0.0	Kawingasaurus	84.01110733033033	79.7037009169169
0.0	Kembawacela	84.19874939539538	79.3288672922923
0.0	Keratocephalus	88.87167597997997	85.14047344344344
0.0	Keyseria	80.00958884084083	79.82314333733734
0.0	Kitchinganomodon	85.99339780280282	78.12507440940942
0.0	Kombuisia	76.44271117717719	66.59166609409408
0.0	Kotelcephalon	86.32366238838839	85.92726047447448
0.0	Kuehneotherium	33.25051842442443	26.28037129229229
0.0	Kunpania	80.88582286586586	80.77409616416416
0.0	Kwazulusaurus	80.70687639939942	80.52999943443444
0.0	Lalieudorhynchus	88.00459405205206	87.61964383183182
0.0	Langbergia	74.78293227127126	71.6981179059059
0.0	Lanthanostegus	88.51355899699699	85.82646385385385
0.0	Lemurosaurus	83.09383587187187	80.29325033933934
0.0	Lende	82.57271706106106	82.39491784984985
0.0	Leogorgon	87.3739132872873	83.02819466466467
0.0	Leontosaurus	84.32875551451451	77.95569030730732
0.0	Lepagia	32.61890703003003	26.511650383383383
0.0	Leucocephalus	81.38163925225224	81.19466812312312
0.0	Lobalopex	81.8123863003003	81.60520030930931
0.0	Lophorhinus	81.43264683383384	81.2500845075075
0.0	Luangwa	71.68042524924924	59.40738003803804
0.0	Lumkuia	69.89677578578578	69.71203010410412
0.0	Lupeosaurus	122.31018747547547	121.71730272872874
0.0	Lycaenodon	85.61011726026025	78.79965138438438
0.0	Lycaenops	84.95242397797799	78.07863268468469
0.0	Lycedops	87.50695258758758	86.9244074994995
0.0	Lycideops	79.57247703303302	79.41189975975976
0.0	Lycosaurus	88.16370336136136	81.12412118518517
0.0	Lycosuchus	86.36069433433433	85.6538650970971
0.0	Lystrosaurus	87.739906995996	71.659792011011
0.0	Malasaurus	83.6776677897898	83.53139579179178
0.0	Mandagomphodon	70.16399688188189	68.82182683183181
0.0	Martensius	113.19156047047048	112.74118758958959
0.0	Massetognathus	67.06419073573574	55.8478762962963
0.0	Maubeugia	31.338909276276276	30.759088465465467
0.0	Megawhaitsia	86.07858446546547	82.50984292392391
0.0	Menadon	57.12710216116117	55.64517628528529
0.0	Mesenosaurus	112.18233168268269	89.20386576976976
0.0	Meurthodon	30.508293549549553	30.003567673673675
0.0	Microconodon	59.10111737337338	38.464316566566566
0.0	Microgomphodon	74.49905518318319	61.841481797797805
0.0	Microhelodon	69.65575265065064	69.43514666666667
0.0	Microscalenodon	32.04250625025025	27.814057074074075
0.0	Microsyodon	98.83429638038038	93.96773983683683
0.0	Microurania	91.16708828228228	82.92959448948949
0.0	Microvaranops	88.89427030330332	84.95103401901902
0.0	Microwhaitsia	83.24137713213213	80.57827838338338
0.0	Minicynodon	43.11307664964965	41.99237323623623
0.0	Mirotenthes	83.03669320720721	80.39916514514515
0.0	Mitredon	30.445684203203204	29.8904230970971
0.0	Moghreberia	60.786996722722726	52.90061273173173
0.0	Mojo	28.456020454454453	27.953725367367365
0.0	Molybdopygus	90.4300085925926	90.06159007907907
0.0	Morganucodon	32.586771620620624	27.25505815815816
0.0	Mormosaurus	87.2659002952953	86.44460668268269
0.0	Moschops	89.37898622322322	81.74321443443442
0.0	Moschorhinus	85.49578752352352	71.91364848048049
0.0	Moschowhaitsia	86.16821865365365	81.86029302802802
0.0	Muchia	86.75834001001002	86.31368800900901
0.0	Mucrotherium	30.06249019019019	29.4953717017017
0.0	Mupashi	81.32840678778778	81.12363862962964
0.0	Mycterosaurus	115.20412010910911	101.95044690490491
0.0	Myosauroides	81.95814844844844	81.78746587687688
0.0	Myosaurus	76.98837813413415	71.66064237137137
0.0	Nanictidops	81.49080108208209	81.29279462762763
0.0	Nanictocephalus	81.94827933533533	81.75203354654656
0.0	Nanictosaurus	85.76931893293292	77.36382906306306
0.0	Nanocynodon	86.29396995895895	85.70556633533533
0.0	Nanogomphodon	63.37458482082082	63.206043475475475
0.0	Niaftasuchus	98.10431991891892	92.65819846546547
0.0	Niassodon	82.10649958858858	81.92738988488489
0.0	Nikkasaurus	95.31309631831832	91.11917406706706
0.0	Niuksenitia	86.873385018018	86.32983447647649
0.0	Nochnitsa	87.18189511811812	86.50407347447447
0.0	Notaelurodon	79.30667200100099	79.15033779379381
0.0	Nothogomphodon	70.98706483783783	66.95324866966969
0.0	Notictoides	74.33969668268269	74.2647890880881
0.0	Notosyodon	88.75928672572573	88.29922018518518
0.0	Nshimbodon	82.39818327227226	82.20921306906907
0.0	Nythosaurus	69.01789229029028	68.80775331531532
0.0	Odontocyclops	84.93328172972973	79.08834721621622
0.0	Oligokyphus	31.09907545245245	28.986707998999
0.0	Olivierosuchus	76.52121244744745	71.89530052052052
0.0	Ophiacodon	123.57588704904904	99.44323922622623
0.0	Ophidostoma	81.446730006006	81.25093075575576
0.0	Ordosiodon	70.28190033033033	67.415971002002
0.0	Oromycter	112.86708963663665	112.33494896196196
0.0	Otsheria	91.04530524424426	90.66231707707708
0.0	Oudenodon	87.24899144644644	76.98739019519519
0.0	Pachydectes	88.0639784874875	87.27893198598598
0.0	Palemydops	85.9754501901902	79.12162741741741
0.0	Pampaphoneus	91.17506767167167	88.00845745845847
0.0	Panchetocynodon	75.56343575275275	75.35084734234235
0.0	Parabradysaurus	99.7276889049049	95.41170725525525
0.0	Paraburnetia	82.66768612812812	82.47632504904904
0.0	Paragalerhinus	81.90228284084084	81.71163794994995
0.0	Parakannemeyeria	71.90611681981981	60.29584304704705
0.0	Parasuminia	87.66930612712711	87.18496791791792
0.0	Paratraversodon	65.08403873473473	64.89422534134134
0.0	Pardosuchus	86.93383543543543	86.15498224624625
0.0	Pascualgnathus	60.793758716716724	53.222831838838836
0.0	Patranomodon	91.28809855955956	89.49685257857857
0.0	Pelanomodon	85.41153620420421	76.9411285015015
0.0	Pelictosuchus	82.20347269169169	80.00327845045044
0.0	Peramodon	87.42382313013013	84.19396583083083
0.0	Perplexisaurus	91.50725486786787	84.92141627427426
0.0	Phocosaurus	88.09408499199199	84.94466012012013
0.0	Phreatophasma	96.4457426916917	95.70765065665665
0.0	Phthinosaurus	96.75867202802803	89.63289439339339
0.0	Placerias	60.205628727727735	34.03919916416416
0.0	Planitorostris	65.41000940940941	65.25387600500501
0.0	Platycraniellus	76.30707878178178	73.01522678478479
0.0	Platycyclops	82.5758296116116	82.39450651851851
0.0	Platypodosaurus	85.10064131031032	79.13570850750749
0.0	Polonodon	57.145577641641644	56.47087522922923
0.0	Polycynodon	81.8183807987988	81.62683353953953
0.0	Porosteognathus	90.56580403303303	86.2023814064064
0.0	Pravoslavlevia	85.65301819319319	85.21295113313313
0.0	Pristerodon	88.46435317517516	79.05537671671671
0.0	Pristerognathoides	89.27340599599599	83.77076913013013
0.0	Pristerognathus	89.10530968768768	84.79633087387386
0.0	Pristerosaurus	86.57026982782783	85.86965893093092
0.0	Probainognathus	66.28206075575575	54.83931024724725
0.0	Proburnetia	87.19604244244245	86.65294235635635
0.0	Procynosuchus	88.13262735735736	74.21372170870872
0.0	Prodicynodon	84.91530430530531	78.7838103093093
0.0	Progalesaurus	76.58311677277277	76.46155703503504
0.0	Promoschorhynchus	86.0057529039039	78.22922071771771
0.0	Protheriodon	65.2011007097097	64.98908103803804
0.0	Protuberum	66.57709115115115	61.76538335635636
0.0	Prozostrodon	56.443255535535535	39.14626813213213
0.0	Pseudotherium	58.33933973373374	56.960163164164165
0.0	Pseudotriconodon	47.293662034034035	24.397097621621622
0.0	Ptomalestes	88.80394330430431	85.21438558958958
0.0	Purlovia	86.36278479979978	82.06544284484484
0.0	Putillosaurus	73.63397698398398	73.55415669869869
0.0	Pyozia	93.72615356356357	93.06691845745745
0.0	Rabidosaurus	71.0910257017017	67.53736673173172
0.0	Raranimus	94.97446365465466	94.32178413513513
0.0	Rastodon	88.98525667667668	88.46546070670671
0.0	Rechnisaurus	71.3821154964965	66.87722562962962
0.0	Redondagnathus	42.51998454354354	42.03210451151151
0.0	Regisaurus	76.09528867767767	73.02906622322323
0.0	Reiszia	97.90151253453453	93.00256516716718
0.0	Repelinosaurus	73.79792114114115	73.71116486586585
0.0	Rewaconodon	60.939888885885885	40.38465817417418
0.0	Rhachiocephalus	84.9103039059059	78.63511749049049
0.0	Rhadiodromus	71.40774915615616	67.74631252652652
0.0	Rhinodicynodon	69.35946495795797	69.09046361261261
0.0	Rhopalodon	92.59231995595596	88.43775405005006
0.0	Riebeeckosaurus	87.39541455055056	86.82057131331332
0.0	Riograndia	52.46837917517517	33.8440623963964
0.0	Riojanodon	64.57223505405406	64.37195065865866
0.0	Robertia	89.28126711811811	83.69421313313313
0.0	Rosieria	31.579082456456458	28.69298163963964
0.0	Ruberodon	56.97947941241241	55.785272043043044
0.0	Rubidgea	85.32699087687688	77.03172942442443
0.0	Ruhuhucerberus	83.69120617517518	79.96463260160161
0.0	Ruthenosaurus	107.79430876976977	107.47916465465465
0.0	Sangusaurus	71.40715052752753	60.79422070570571
0.0	Santacruzgnathus	56.899041645645646	55.605998051051046
0.0	Santacruzodon	61.011629317317315	52.35059887687687
0.0	Santagnathus	52.364686121121125	33.49365028328328
0.0	Sauroctonus	89.00443236136135	80.91532604104104
0.0	Sauroscaptor	84.07639906406406	79.75515431631632
0.0	Scalenodon	71.89069737937938	61.411156193193186
0.0	Scalopocephalus	81.90236887387387	81.72361222922923
0.0	Scalopodontes	87.42771995995997	86.94217103503505
0.0	Scalopognathus	76.6360196056056	76.5279512852853
0.0	Scaloporhinus	79.67206383483483	79.51621571271271
0.0	Scaloposaurus	85.520102005005	72.11124285185186
0.0	Scaloposuchus	81.7946721881882	81.60090361361361
0.0	Scylacoides	82.74855413413414	82.43146037637638
0.0	Scylacops	85.49604992292292	78.86968763463464
0.0	Scylacosaurus	88.87032799899902	80.04037843243242
0.0	Scylacosuchus	87.77703875575574	87.36274745345345
0.0	Scymnosaurus	88.94957394394395	84.80562608608608
0.0	Secodontosaurus	115.5808101971972	101.02753053053053
0.0	Sesamondontoides	69.26536256456455	69.02695856456457
0.0	Shaanbeikannemeyeria	70.16913853953955	67.51882432832832
0.0	Shansiodon	71.6833329119119	66.87433418718719
0.0	Shiguaignathus	80.77532525025025	80.64119115115116
0.0	Silphedosuchus	73.17499238338338	73.09528530830829
0.0	Silphoictidoides	82.53696751451452	80.36101633533534
0.0	Sinoconodon	31.07145765865866	30.56566513813814
0.0	Sinognathus	69.88885477377377	69.60505593993993
0.0	Sinokannemeyeria	71.43241114314313	65.83400692192193
0.0	Sinophoneus	97.77043197997999	92.63384978378379
0.0	Sintocephalus	82.94053776576577	82.74705463763765
0.0	Siriusgnathus	60.490911672672674	33.03134987887888
0.0	Sludica	89.02567884284284	84.93602806806807
0.0	Smilesaurus	86.17014496996998	78.98340187187188
0.0	Sphenacodon	124.14742210310311	110.33566584884885
0.0	Stahleckeria	70.07288511711711	59.00198091991992
0.0	Stereophallodon	118.20969418318317	117.68703413413415
0.0	Struthiocephaloides	88.07977885185184	85.40701807707707
0.0	Struthiocephalus	89.29103165665666	84.690551996997
0.0	Styracocephalus	87.90385549649649	85.5034557007007
0.0	Suchogorgon	88.58530351451451	84.8662692052052
0.0	Suminia	89.18776224124124	84.56669684984986
0.0	Sungeodon	73.39302876476476	73.31210938238239
0.0	Sycosaurus	85.57747090290292	79.08206487887887
0.0	Syodon	100.9818683993994	84.72577162562563
0.0	Syops	84.35020509609609	79.53414106906907
0.0	Sysphinctostoma	69.75573431831832	67.57081370870871
0.0	Tambacarnifex	111.32265874874875	110.90694246546546
0.0	Tamboeria	86.95069411211212	86.16536503403402
0.0	Taoheodon	79.59461962862864	79.46908366666666
0.0	Tapinocaninus	90.66330648848849	90.23191631331332
0.0	Tapinocephalus	88.68025711411411	85.41537952452452
0.0	Taurocephalus	86.82820485985987	86.09749078278277
0.0	Tessellatia	43.10315503503504	42.25358653953955
0.0	Tetraceratops	104.45222528628628	104.1460078078078
0.0	Tetracynodon	86.1212698168168	72.27082580980979
0.0	Tetragonias	70.91257528128128	68.64339795595596
0.0	Theriognathus	84.91748862562562	68.76660489989989
0.0	Therioides	87.5887812972973	86.76031478478478
0.0	Theroteinus	29.70746175075075	29.256564683683685
0.0	Thliptosaurus	81.03564524124126	80.86694147147148
0.0	Thomasia	33.50543154554555	26.485741496496495
0.0	Thrinaxodon	76.91089556356356	71.70875033933935
0.0	Tigrisuchus	83.31238717617619	80.93032516916918
0.0	Tikitherium	58.45853847547548	57.15255344944946
0.0	Titanogomphodon	66.89478147447448	66.70308821321322
0.0	Titanophoneus	92.13422856856857	85.23364693993993
0.0	Titanosuchus	89.18424123723723	84.58018893493494
0.0	Traversodon	66.57253589289289	62.6419085055055
0.0	Traversodontoides	70.0012745945946	69.71778177577578
0.0	Trichasaurus	102.95773782882883	102.55166439039039
0.0	Tricuspes	41.117013634634645	26.4067102972973
0.0	Trirachodon	71.75957789989991	63.41168154254254
0.0	Trochorhinus	87.61803335335335	86.72213046046046
0.0	Trochosaurus	88.76429325725725	85.40498607207206
0.0	Trochosuchus	86.9767926956957	86.38423905505506
0.0	Tropidostoma	88.31746315715716	79.06389702102102
0.0	Trucidocynodon	59.97788071071071	37.28358518118119
0.0	Turfanodon	84.58794840240239	76.76190292692692
0.0	Ufudocyclops	71.03869901601601	63.36413178078078
0.0	Ulemica	92.15202645645645	84.99737845145145
0.0	Ulemosaurus	91.7458219109109	85.10586675775775
0.0	Uniserium	29.783373447447445	29.33495223123123
0.0	Uralocynodon	84.76068189189189	84.41757388188189
0.0	Uralokannemeyeria	71.1147044134134	67.81641508108109
0.0	Urumchia	76.5550655075075	76.44769981481483
0.0	Ustia	87.72444443443443	87.28614194294295
0.0	Varanodon	94.76206821221221	94.33043162562562
0.0	Varanops	114.98870928328327	100.38147922422424
0.0	Varanosaurus	115.19421079079079	99.36440024024024
0.0	Vaughnictis	120.17029852552554	114.76716446746747
0.0	Venyukovia	90.7262483983984	90.31909846646647
0.0	Vetusodon	80.81356225825826	80.62932548548548
0.0	Viatkogorgon	87.9281966156156	85.43168467967966
0.0	Viatkosuchus	88.08700317817818	86.21085751951952
0.0	Vinceria	70.45788052652652	67.550190002002
0.0	Vivaxosaurus	90.21477385585585	81.46020949649649
0.0	Wadiasaurus	69.10517948848849	68.8735515145145
0.0	Walteria	86.7619135995996	86.06695609509511
0.0	Watongia	93.10123076076077	92.67058657357357
0.0	Woutersia	32.67703032332332	28.289166207207206
0.0	Woznikella	59.63045347047047	54.0449354064064
0.0	Xiyukannemeyeria	71.32119142042042	62.08053184284284
0.0	Yikezhaogia	70.41573726026026	70.14938857057057
0.0	Zambiasaurus	69.9031731961962	69.70160334734734
