Time	mat_z_trans	map_z_trans	wmm_z_trans	cmm_z_trans	wmmcmm_z_trans	wetmon_z_trans	drymon_z_trans	wetdry_z_trans
199.3	0.636282831	-0.125708183	0.935990845	0.23202465	0.315160617	-0.214917596	-0.605214952	-0.006092633
199.4	0.636282831	-0.125708183	0.935990845	0.23202465	0.315160617	-0.214917596	-0.605214952	-0.006092633
199.5	0.636282831	-0.125708183	0.935990845	0.23202465	0.315160617	-0.214917596	-0.605214952	-0.006092633
199.6	0.636282831	-0.125708183	0.935990845	0.23202465	0.315160617	-0.214917596	-0.605214952	-0.006092633
199.7	0.636282831	-0.125708183	0.935990845	0.23202465	0.315160617	-0.214917596	-0.605214952	-0.006092633
199.8	0.636282831	-0.125708183	0.935990845	0.23202465	0.315160617	-0.214917596	-0.605214952	-0.006092633
199.9	0.636282831	-0.125708183	0.935990845	0.23202465	0.315160617	-0.214917596	-0.605214952	-0.006092633
200	0.636282831	-0.125708183	0.935990845	0.23202465	0.315160617	-0.214917596	-0.605214952	-0.006092633
200.1	0.636282831	-0.125708183	0.935990845	0.23202465	0.315160617	-0.214917596	-0.605214952	-0.006092633
200.2	0.636282831	-0.125708183	0.935990845	0.23202465	0.315160617	-0.214917596	-0.605214952	-0.006092633
200.3	0.636282831	-0.125708183	0.935990845	0.23202465	0.315160617	-0.214917596	-0.605214952	-0.006092633
200.4	0.636282831	-0.125708183	0.935990845	0.23202465	0.315160617	-0.214917596	-0.605214952	-0.006092633
200.5	0.636282831	-0.125708183	0.935990845	0.23202465	0.315160617	-0.214917596	-0.605214952	-0.006092633
200.6	0.636282831	-0.125708183	0.935990845	0.23202465	0.315160617	-0.214917596	-0.605214952	-0.006092633
200.7	0.636282831	-0.125708183	0.935990845	0.23202465	0.315160617	-0.214917596	-0.605214952	-0.006092633
200.8	0.636282831	-0.125708183	0.935990845	0.23202465	0.315160617	-0.214917596	-0.605214952	-0.006092633
200.9	0.636282831	-0.125708183	0.935990845	0.23202465	0.315160617	-0.214917596	-0.605214952	-0.006092633
201	0.636282831	-0.125708183	0.935990845	0.23202465	0.315160617	-0.214917596	-0.605214952	-0.006092633
201.1	0.636282831	-0.125708183	0.935990845	0.23202465	0.315160617	-0.214917596	-0.605214952	-0.006092633
201.2	0.636282831	-0.125708183	0.935990845	0.23202465	0.315160617	-0.214917596	-0.605214952	-0.006092633
201.3	0.932414708	1.167003166	0.905312061	0.558768521	0.004693377	1.556154685	0.380521132	1.689356665
201.4	0.932414708	1.167003166	0.905312061	0.558768521	0.004693377	1.556154685	0.380521132	1.689356665
201.5	0.932414708	1.167003166	0.905312061	0.558768521	0.004693377	1.556154685	0.380521132	1.689356665
201.6	0.932414708	1.167003166	0.905312061	0.558768521	0.004693377	1.556154685	0.380521132	1.689356665
201.7	0.932414708	1.167003166	0.905312061	0.558768521	0.004693377	1.556154685	0.380521132	1.689356665
201.8	0.932414708	1.167003166	0.905312061	0.558768521	0.004693377	1.556154685	0.380521132	1.689356665
201.9	0.932414708	1.167003166	0.905312061	0.558768521	0.004693377	1.556154685	0.380521132	1.689356665
202	0.932414708	1.167003166	0.905312061	0.558768521	0.004693377	1.556154685	0.380521132	1.689356665
202.1	0.932414708	1.167003166	0.905312061	0.558768521	0.004693377	1.556154685	0.380521132	1.689356665
202.2	0.932414708	1.167003166	0.905312061	0.558768521	0.004693377	1.556154685	0.380521132	1.689356665
202.3	0.932414708	1.167003166	0.905312061	0.558768521	0.004693377	1.556154685	0.380521132	1.689356665
202.4	0.932414708	1.167003166	0.905312061	0.558768521	0.004693377	1.556154685	0.380521132	1.689356665
202.5	0.932414708	1.167003166	0.905312061	0.558768521	0.004693377	1.556154685	0.380521132	1.689356665
202.6	0.932414708	1.167003166	0.905312061	0.558768521	0.004693377	1.556154685	0.380521132	1.689356665
202.7	0.932414708	1.167003166	0.905312061	0.558768521	0.004693377	1.556154685	0.380521132	1.689356665
202.8	0.932414708	1.167003166	0.905312061	0.558768521	0.004693377	1.556154685	0.380521132	1.689356665
202.9	0.932414708	1.167003166	0.905312061	0.558768521	0.004693377	1.556154685	0.380521132	1.689356665
203	0.932414708	1.167003166	0.905312061	0.558768521	0.004693377	1.556154685	0.380521132	1.689356665
203.1	0.932414708	1.167003166	0.905312061	0.558768521	0.004693377	1.556154685	0.380521132	1.689356665
203.2	0.932414708	1.167003166	0.905312061	0.558768521	0.004693377	1.556154685	0.380521132	1.689356665
203.3	0.932414708	1.167003166	0.905312061	0.558768521	0.004693377	1.556154685	0.380521132	1.689356665
203.4	0.932414708	1.167003166	0.905312061	0.558768521	0.004693377	1.556154685	0.380521132	1.689356665
203.5	0.932414708	1.167003166	0.905312061	0.558768521	0.004693377	1.556154685	0.380521132	1.689356665
203.6	0.932414708	1.167003166	0.905312061	0.558768521	0.004693377	1.556154685	0.380521132	1.689356665
203.7	0.932414708	1.167003166	0.905312061	0.558768521	0.004693377	1.556154685	0.380521132	1.689356665
203.8	0.932414708	1.167003166	0.905312061	0.558768521	0.004693377	1.556154685	0.380521132	1.689356665
203.9	0.932414708	1.167003166	0.905312061	0.558768521	0.004693377	1.556154685	0.380521132	1.689356665
204	0.932414708	1.167003166	0.905312061	0.558768521	0.004693377	1.556154685	0.380521132	1.689356665
204.1	0.932414708	1.167003166	0.905312061	0.558768521	0.004693377	1.556154685	0.380521132	1.689356665
204.2	0.932414708	1.167003166	0.905312061	0.558768521	0.004693377	1.556154685	0.380521132	1.689356665
204.3	0.932414708	1.167003166	0.905312061	0.558768521	0.004693377	1.556154685	0.380521132	1.689356665
204.4	0.932414708	1.167003166	0.905312061	0.558768521	0.004693377	1.556154685	0.380521132	1.689356665
204.5	0.932414708	1.167003166	0.905312061	0.558768521	0.004693377	1.556154685	0.380521132	1.689356665
204.6	0.932414708	1.167003166	0.905312061	0.558768521	0.004693377	1.556154685	0.380521132	1.689356665
204.7	0.932414708	1.167003166	0.905312061	0.558768521	0.004693377	1.556154685	0.380521132	1.689356665
204.8	0.932414708	1.167003166	0.905312061	0.558768521	0.004693377	1.556154685	0.380521132	1.689356665
204.9	0.932414708	1.167003166	0.905312061	0.558768521	0.004693377	1.556154685	0.380521132	1.689356665
205	0.932414708	1.167003166	0.905312061	0.558768521	0.004693377	1.556154685	0.380521132	1.689356665
205.1	0.932414708	1.167003166	0.905312061	0.558768521	0.004693377	1.556154685	0.380521132	1.689356665
205.2	0.932414708	1.167003166	0.905312061	0.558768521	0.004693377	1.556154685	0.380521132	1.689356665
205.3	0.932414708	1.167003166	0.905312061	0.558768521	0.004693377	1.556154685	0.380521132	1.689356665
205.4	0.932414708	1.167003166	0.905312061	0.558768521	0.004693377	1.556154685	0.380521132	1.689356665
205.5	0.932414708	1.167003166	0.905312061	0.558768521	0.004693377	1.556154685	0.380521132	1.689356665
205.6	0.932414708	1.167003166	0.905312061	0.558768521	0.004693377	1.556154685	0.380521132	1.689356665
205.7	0.932414708	1.167003166	0.905312061	0.558768521	0.004693377	1.556154685	0.380521132	1.689356665
205.8	0.932414708	1.167003166	0.905312061	0.558768521	0.004693377	1.556154685	0.380521132	1.689356665
205.9	0.932414708	1.167003166	0.905312061	0.558768521	0.004693377	1.556154685	0.380521132	1.689356665
206	0.932414708	1.167003166	0.905312061	0.558768521	0.004693377	1.556154685	0.380521132	1.689356665
206.1	0.932414708	1.167003166	0.905312061	0.558768521	0.004693377	1.556154685	0.380521132	1.689356665
206.2	0.932414708	1.167003166	0.905312061	0.558768521	0.004693377	1.556154685	0.380521132	1.689356665
206.3	0.932414708	1.167003166	0.905312061	0.558768521	0.004693377	1.556154685	0.380521132	1.689356665
206.4	0.932414708	1.167003166	0.905312061	0.558768521	0.004693377	1.556154685	0.380521132	1.689356665
206.5	0.932414708	1.167003166	0.905312061	0.558768521	0.004693377	1.556154685	0.380521132	1.689356665
206.6	0.932414708	1.167003166	0.905312061	0.558768521	0.004693377	1.556154685	0.380521132	1.689356665
206.7	0.932414708	1.167003166	0.905312061	0.558768521	0.004693377	1.556154685	0.380521132	1.689356665
206.8	0.932414708	1.167003166	0.905312061	0.558768521	0.004693377	1.556154685	0.380521132	1.689356665
206.9	0.932414708	1.167003166	0.905312061	0.558768521	0.004693377	1.556154685	0.380521132	1.689356665
207	0.932414708	1.167003166	0.905312061	0.558768521	0.004693377	1.556154685	0.380521132	1.689356665
207.1	0.932414708	1.167003166	0.905312061	0.558768521	0.004693377	1.556154685	0.380521132	1.689356665
207.2	0.932414708	1.167003166	0.905312061	0.558768521	0.004693377	1.556154685	0.380521132	1.689356665
207.3	0.932414708	1.167003166	0.905312061	0.558768521	0.004693377	1.556154685	0.380521132	1.689356665
207.4	0.932414708	1.167003166	0.905312061	0.558768521	0.004693377	1.556154685	0.380521132	1.689356665
207.5	0.932414708	1.167003166	0.905312061	0.558768521	0.004693377	1.556154685	0.380521132	1.689356665
207.6	0.932414708	1.167003166	0.905312061	0.558768521	0.004693377	1.556154685	0.380521132	1.689356665
207.7	0.932414708	1.167003166	0.905312061	0.558768521	0.004693377	1.556154685	0.380521132	1.689356665
207.8	0.932414708	1.167003166	0.905312061	0.558768521	0.004693377	1.556154685	0.380521132	1.689356665
207.9	0.932414708	1.167003166	0.905312061	0.558768521	0.004693377	1.556154685	0.380521132	1.689356665
208	0.932414708	1.167003166	0.905312061	0.558768521	0.004693377	1.556154685	0.380521132	1.689356665
208.1	0.932414708	1.167003166	0.905312061	0.558768521	0.004693377	1.556154685	0.380521132	1.689356665
208.2	0.932414708	1.167003166	0.905312061	0.558768521	0.004693377	1.556154685	0.380521132	1.689356665
208.3	0.932414708	1.167003166	0.905312061	0.558768521	0.004693377	1.556154685	0.380521132	1.689356665
208.4	0.932414708	1.167003166	0.905312061	0.558768521	0.004693377	1.556154685	0.380521132	1.689356665
208.5	1.193377754	0.479843264	0.666223052	1.147751381	-0.657731143	0.593073361	-0.392123629	0.864680548
208.6	1.193377754	0.479843264	0.666223052	1.147751381	-0.657731143	0.593073361	-0.392123629	0.864680548
208.7	1.193377754	0.479843264	0.666223052	1.147751381	-0.657731143	0.593073361	-0.392123629	0.864680548
208.8	1.193377754	0.479843264	0.666223052	1.147751381	-0.657731143	0.593073361	-0.392123629	0.864680548
208.9	1.193377754	0.479843264	0.666223052	1.147751381	-0.657731143	0.593073361	-0.392123629	0.864680548
209	1.193377754	0.479843264	0.666223052	1.147751381	-0.657731143	0.593073361	-0.392123629	0.864680548
209.1	1.193377754	0.479843264	0.666223052	1.147751381	-0.657731143	0.593073361	-0.392123629	0.864680548
209.2	1.193377754	0.479843264	0.666223052	1.147751381	-0.657731143	0.593073361	-0.392123629	0.864680548
209.3	1.193377754	0.479843264	0.666223052	1.147751381	-0.657731143	0.593073361	-0.392123629	0.864680548
209.4	1.193377754	0.479843264	0.666223052	1.147751381	-0.657731143	0.593073361	-0.392123629	0.864680548
209.5	1.193377754	0.479843264	0.666223052	1.147751381	-0.657731143	0.593073361	-0.392123629	0.864680548
209.6	1.193377754	0.479843264	0.666223052	1.147751381	-0.657731143	0.593073361	-0.392123629	0.864680548
209.7	1.193377754	0.479843264	0.666223052	1.147751381	-0.657731143	0.593073361	-0.392123629	0.864680548
209.8	1.193377754	0.479843264	0.666223052	1.147751381	-0.657731143	0.593073361	-0.392123629	0.864680548
209.9	1.193377754	0.479843264	0.666223052	1.147751381	-0.657731143	0.593073361	-0.392123629	0.864680548
210	1.193377754	0.479843264	0.666223052	1.147751381	-0.657731143	0.593073361	-0.392123629	0.864680548
210.1	1.193377754	0.479843264	0.666223052	1.147751381	-0.657731143	0.593073361	-0.392123629	0.864680548
210.2	1.193377754	0.479843264	0.666223052	1.147751381	-0.657731143	0.593073361	-0.392123629	0.864680548
210.3	1.193377754	0.479843264	0.666223052	1.147751381	-0.657731143	0.593073361	-0.392123629	0.864680548
210.4	1.193377754	0.479843264	0.666223052	1.147751381	-0.657731143	0.593073361	-0.392123629	0.864680548
210.5	1.193377754	0.479843264	0.666223052	1.147751381	-0.657731143	0.593073361	-0.392123629	0.864680548
210.6	1.193377754	0.479843264	0.666223052	1.147751381	-0.657731143	0.593073361	-0.392123629	0.864680548
210.7	1.193377754	0.479843264	0.666223052	1.147751381	-0.657731143	0.593073361	-0.392123629	0.864680548
210.8	1.193377754	0.479843264	0.666223052	1.147751381	-0.657731143	0.593073361	-0.392123629	0.864680548
210.9	1.193377754	0.479843264	0.666223052	1.147751381	-0.657731143	0.593073361	-0.392123629	0.864680548
211	1.193377754	0.479843264	0.666223052	1.147751381	-0.657731143	0.593073361	-0.392123629	0.864680548
211.1	1.193377754	0.479843264	0.666223052	1.147751381	-0.657731143	0.593073361	-0.392123629	0.864680548
211.2	1.193377754	0.479843264	0.666223052	1.147751381	-0.657731143	0.593073361	-0.392123629	0.864680548
211.3	1.193377754	0.479843264	0.666223052	1.147751381	-0.657731143	0.593073361	-0.392123629	0.864680548
211.4	1.193377754	0.479843264	0.666223052	1.147751381	-0.657731143	0.593073361	-0.392123629	0.864680548
211.5	1.193377754	0.479843264	0.666223052	1.147751381	-0.657731143	0.593073361	-0.392123629	0.864680548
211.6	1.193377754	0.479843264	0.666223052	1.147751381	-0.657731143	0.593073361	-0.392123629	0.864680548
211.7	1.193377754	0.479843264	0.666223052	1.147751381	-0.657731143	0.593073361	-0.392123629	0.864680548
211.8	1.193377754	0.479843264	0.666223052	1.147751381	-0.657731143	0.593073361	-0.392123629	0.864680548
211.9	1.193377754	0.479843264	0.666223052	1.147751381	-0.657731143	0.593073361	-0.392123629	0.864680548
212	1.193377754	0.479843264	0.666223052	1.147751381	-0.657731143	0.593073361	-0.392123629	0.864680548
212.1	1.193377754	0.479843264	0.666223052	1.147751381	-0.657731143	0.593073361	-0.392123629	0.864680548
212.2	1.193377754	0.479843264	0.666223052	1.147751381	-0.657731143	0.593073361	-0.392123629	0.864680548
212.3	1.193377754	0.479843264	0.666223052	1.147751381	-0.657731143	0.593073361	-0.392123629	0.864680548
212.4	1.193377754	0.479843264	0.666223052	1.147751381	-0.657731143	0.593073361	-0.392123629	0.864680548
212.5	1.193377754	0.479843264	0.666223052	1.147751381	-0.657731143	0.593073361	-0.392123629	0.864680548
212.6	1.193377754	0.479843264	0.666223052	1.147751381	-0.657731143	0.593073361	-0.392123629	0.864680548
212.7	1.193377754	0.479843264	0.666223052	1.147751381	-0.657731143	0.593073361	-0.392123629	0.864680548
212.8	1.193377754	0.479843264	0.666223052	1.147751381	-0.657731143	0.593073361	-0.392123629	0.864680548
212.9	1.193377754	0.479843264	0.666223052	1.147751381	-0.657731143	0.593073361	-0.392123629	0.864680548
213	1.193377754	0.479843264	0.666223052	1.147751381	-0.657731143	0.593073361	-0.392123629	0.864680548
213.1	1.193377754	0.479843264	0.666223052	1.147751381	-0.657731143	0.593073361	-0.392123629	0.864680548
213.2	1.193377754	0.479843264	0.666223052	1.147751381	-0.657731143	0.593073361	-0.392123629	0.864680548
213.3	1.193377754	0.479843264	0.666223052	1.147751381	-0.657731143	0.593073361	-0.392123629	0.864680548
213.4	1.193377754	0.479843264	0.666223052	1.147751381	-0.657731143	0.593073361	-0.392123629	0.864680548
213.5	1.193377754	0.479843264	0.666223052	1.147751381	-0.657731143	0.593073361	-0.392123629	0.864680548
213.6	1.193377754	0.479843264	0.666223052	1.147751381	-0.657731143	0.593073361	-0.392123629	0.864680548
213.7	1.193377754	0.479843264	0.666223052	1.147751381	-0.657731143	0.593073361	-0.392123629	0.864680548
213.8	1.193377754	0.479843264	0.666223052	1.147751381	-0.657731143	0.593073361	-0.392123629	0.864680548
213.9	1.193377754	0.479843264	0.666223052	1.147751381	-0.657731143	0.593073361	-0.392123629	0.864680548
214	1.193377754	0.479843264	0.666223052	1.147751381	-0.657731143	0.593073361	-0.392123629	0.864680548
214.1	1.193377754	0.479843264	0.666223052	1.147751381	-0.657731143	0.593073361	-0.392123629	0.864680548
214.2	1.193377754	0.479843264	0.666223052	1.147751381	-0.657731143	0.593073361	-0.392123629	0.864680548
214.3	1.193377754	0.479843264	0.666223052	1.147751381	-0.657731143	0.593073361	-0.392123629	0.864680548
214.4	1.193377754	0.479843264	0.666223052	1.147751381	-0.657731143	0.593073361	-0.392123629	0.864680548
214.5	1.193377754	0.479843264	0.666223052	1.147751381	-0.657731143	0.593073361	-0.392123629	0.864680548
214.6	1.193377754	0.479843264	0.666223052	1.147751381	-0.657731143	0.593073361	-0.392123629	0.864680548
214.7	1.193377754	0.479843264	0.666223052	1.147751381	-0.657731143	0.593073361	-0.392123629	0.864680548
214.8	1.193377754	0.479843264	0.666223052	1.147751381	-0.657731143	0.593073361	-0.392123629	0.864680548
214.9	1.193377754	0.479843264	0.666223052	1.147751381	-0.657731143	0.593073361	-0.392123629	0.864680548
215	1.193377754	0.479843264	0.666223052	1.147751381	-0.657731143	0.593073361	-0.392123629	0.864680548
215.1	1.193377754	0.479843264	0.666223052	1.147751381	-0.657731143	0.593073361	-0.392123629	0.864680548
215.2	1.193377754	0.479843264	0.666223052	1.147751381	-0.657731143	0.593073361	-0.392123629	0.864680548
215.3	1.193377754	0.479843264	0.666223052	1.147751381	-0.657731143	0.593073361	-0.392123629	0.864680548
215.4	1.193377754	0.479843264	0.666223052	1.147751381	-0.657731143	0.593073361	-0.392123629	0.864680548
215.5	1.193377754	0.479843264	0.666223052	1.147751381	-0.657731143	0.593073361	-0.392123629	0.864680548
215.6	1.193377754	0.479843264	0.666223052	1.147751381	-0.657731143	0.593073361	-0.392123629	0.864680548
215.7	1.193377754	0.479843264	0.666223052	1.147751381	-0.657731143	0.593073361	-0.392123629	0.864680548
215.8	1.193377754	0.479843264	0.666223052	1.147751381	-0.657731143	0.593073361	-0.392123629	0.864680548
215.9	1.193377754	0.479843264	0.666223052	1.147751381	-0.657731143	0.593073361	-0.392123629	0.864680548
216	1.193377754	0.479843264	0.666223052	1.147751381	-0.657731143	0.593073361	-0.392123629	0.864680548
216.1	1.193377754	0.479843264	0.666223052	1.147751381	-0.657731143	0.593073361	-0.392123629	0.864680548
216.2	1.193377754	0.479843264	0.666223052	1.147751381	-0.657731143	0.593073361	-0.392123629	0.864680548
216.3	1.193377754	0.479843264	0.666223052	1.147751381	-0.657731143	0.593073361	-0.392123629	0.864680548
216.4	1.193377754	0.479843264	0.666223052	1.147751381	-0.657731143	0.593073361	-0.392123629	0.864680548
216.5	1.193377754	0.479843264	0.666223052	1.147751381	-0.657731143	0.593073361	-0.392123629	0.864680548
216.6	1.193377754	0.479843264	0.666223052	1.147751381	-0.657731143	0.593073361	-0.392123629	0.864680548
216.7	1.193377754	0.479843264	0.666223052	1.147751381	-0.657731143	0.593073361	-0.392123629	0.864680548
216.8	1.193377754	0.479843264	0.666223052	1.147751381	-0.657731143	0.593073361	-0.392123629	0.864680548
216.9	1.193377754	0.479843264	0.666223052	1.147751381	-0.657731143	0.593073361	-0.392123629	0.864680548
217	1.193377754	0.479843264	0.666223052	1.147751381	-0.657731143	0.593073361	-0.392123629	0.864680548
217.1	1.193377754	0.479843264	0.666223052	1.147751381	-0.657731143	0.593073361	-0.392123629	0.864680548
217.2	1.193377754	0.479843264	0.666223052	1.147751381	-0.657731143	0.593073361	-0.392123629	0.864680548
217.3	1.193377754	0.479843264	0.666223052	1.147751381	-0.657731143	0.593073361	-0.392123629	0.864680548
217.4	1.193377754	0.479843264	0.666223052	1.147751381	-0.657731143	0.593073361	-0.392123629	0.864680548
217.5	1.193377754	0.479843264	0.666223052	1.147751381	-0.657731143	0.593073361	-0.392123629	0.864680548
217.6	1.193377754	0.479843264	0.666223052	1.147751381	-0.657731143	0.593073361	-0.392123629	0.864680548
217.7	1.193377754	0.479843264	0.666223052	1.147751381	-0.657731143	0.593073361	-0.392123629	0.864680548
217.8	1.193377754	0.479843264	0.666223052	1.147751381	-0.657731143	0.593073361	-0.392123629	0.864680548
217.9	1.193377754	0.479843264	0.666223052	1.147751381	-0.657731143	0.593073361	-0.392123629	0.864680548
218	1.193377754	0.479843264	0.666223052	1.147751381	-0.657731143	0.593073361	-0.392123629	0.864680548
218.1	1.193377754	0.479843264	0.666223052	1.147751381	-0.657731143	0.593073361	-0.392123629	0.864680548
218.2	1.193377754	0.479843264	0.666223052	1.147751381	-0.657731143	0.593073361	-0.392123629	0.864680548
218.3	1.193377754	0.479843264	0.666223052	1.147751381	-0.657731143	0.593073361	-0.392123629	0.864680548
218.4	1.193377754	0.479843264	0.666223052	1.147751381	-0.657731143	0.593073361	-0.392123629	0.864680548
218.5	1.193377754	0.479843264	0.666223052	1.147751381	-0.657731143	0.593073361	-0.392123629	0.864680548
218.6	1.193377754	0.479843264	0.666223052	1.147751381	-0.657731143	0.593073361	-0.392123629	0.864680548
218.7	1.193377754	0.479843264	0.666223052	1.147751381	-0.657731143	0.593073361	-0.392123629	0.864680548
218.8	1.193377754	0.479843264	0.666223052	1.147751381	-0.657731143	0.593073361	-0.392123629	0.864680548
218.9	1.193377754	0.479843264	0.666223052	1.147751381	-0.657731143	0.593073361	-0.392123629	0.864680548
219	1.193377754	0.479843264	0.666223052	1.147751381	-0.657731143	0.593073361	-0.392123629	0.864680548
219.1	1.193377754	0.479843264	0.666223052	1.147751381	-0.657731143	0.593073361	-0.392123629	0.864680548
219.2	1.193377754	0.479843264	0.666223052	1.147751381	-0.657731143	0.593073361	-0.392123629	0.864680548
219.3	1.193377754	0.479843264	0.666223052	1.147751381	-0.657731143	0.593073361	-0.392123629	0.864680548
219.4	1.193377754	0.479843264	0.666223052	1.147751381	-0.657731143	0.593073361	-0.392123629	0.864680548
219.5	1.193377754	0.479843264	0.666223052	1.147751381	-0.657731143	0.593073361	-0.392123629	0.864680548
219.6	1.193377754	0.479843264	0.666223052	1.147751381	-0.657731143	0.593073361	-0.392123629	0.864680548
219.7	1.193377754	0.479843264	0.666223052	1.147751381	-0.657731143	0.593073361	-0.392123629	0.864680548
219.8	1.193377754	0.479843264	0.666223052	1.147751381	-0.657731143	0.593073361	-0.392123629	0.864680548
219.9	1.193377754	0.479843264	0.666223052	1.147751381	-0.657731143	0.593073361	-0.392123629	0.864680548
220	1.193377754	0.479843264	0.666223052	1.147751381	-0.657731143	0.593073361	-0.392123629	0.864680548
220.1	1.193377754	0.479843264	0.666223052	1.147751381	-0.657731143	0.593073361	-0.392123629	0.864680548
220.2	1.193377754	0.479843264	0.666223052	1.147751381	-0.657731143	0.593073361	-0.392123629	0.864680548
220.3	1.193377754	0.479843264	0.666223052	1.147751381	-0.657731143	0.593073361	-0.392123629	0.864680548
220.4	1.193377754	0.479843264	0.666223052	1.147751381	-0.657731143	0.593073361	-0.392123629	0.864680548
220.5	1.193377754	0.479843264	0.666223052	1.147751381	-0.657731143	0.593073361	-0.392123629	0.864680548
220.6	1.193377754	0.479843264	0.666223052	1.147751381	-0.657731143	0.593073361	-0.392123629	0.864680548
220.7	1.193377754	0.479843264	0.666223052	1.147751381	-0.657731143	0.593073361	-0.392123629	0.864680548
220.8	1.193377754	0.479843264	0.666223052	1.147751381	-0.657731143	0.593073361	-0.392123629	0.864680548
220.9	1.193377754	0.479843264	0.666223052	1.147751381	-0.657731143	0.593073361	-0.392123629	0.864680548
221	1.193377754	0.479843264	0.666223052	1.147751381	-0.657731143	0.593073361	-0.392123629	0.864680548
221.1	1.193377754	0.479843264	0.666223052	1.147751381	-0.657731143	0.593073361	-0.392123629	0.864680548
221.2	1.193377754	0.479843264	0.666223052	1.147751381	-0.657731143	0.593073361	-0.392123629	0.864680548
221.3	1.193377754	0.479843264	0.666223052	1.147751381	-0.657731143	0.593073361	-0.392123629	0.864680548
221.4	1.193377754	0.479843264	0.666223052	1.147751381	-0.657731143	0.593073361	-0.392123629	0.864680548
221.5	1.193377754	0.479843264	0.666223052	1.147751381	-0.657731143	0.593073361	-0.392123629	0.864680548
221.6	1.193377754	0.479843264	0.666223052	1.147751381	-0.657731143	0.593073361	-0.392123629	0.864680548
221.7	1.193377754	0.479843264	0.666223052	1.147751381	-0.657731143	0.593073361	-0.392123629	0.864680548
221.8	1.193377754	0.479843264	0.666223052	1.147751381	-0.657731143	0.593073361	-0.392123629	0.864680548
221.9	1.193377754	0.479843264	0.666223052	1.147751381	-0.657731143	0.593073361	-0.392123629	0.864680548
222	1.193377754	0.479843264	0.666223052	1.147751381	-0.657731143	0.593073361	-0.392123629	0.864680548
222.1	1.193377754	0.479843264	0.666223052	1.147751381	-0.657731143	0.593073361	-0.392123629	0.864680548
222.2	1.193377754	0.479843264	0.666223052	1.147751381	-0.657731143	0.593073361	-0.392123629	0.864680548
222.3	1.193377754	0.479843264	0.666223052	1.147751381	-0.657731143	0.593073361	-0.392123629	0.864680548
222.4	1.193377754	0.479843264	0.666223052	1.147751381	-0.657731143	0.593073361	-0.392123629	0.864680548
222.5	1.193377754	0.479843264	0.666223052	1.147751381	-0.657731143	0.593073361	-0.392123629	0.864680548
222.6	1.193377754	0.479843264	0.666223052	1.147751381	-0.657731143	0.593073361	-0.392123629	0.864680548
222.7	1.193377754	0.479843264	0.666223052	1.147751381	-0.657731143	0.593073361	-0.392123629	0.864680548
222.8	1.193377754	0.479843264	0.666223052	1.147751381	-0.657731143	0.593073361	-0.392123629	0.864680548
222.9	1.193377754	0.479843264	0.666223052	1.147751381	-0.657731143	0.593073361	-0.392123629	0.864680548
223	1.193377754	0.479843264	0.666223052	1.147751381	-0.657731143	0.593073361	-0.392123629	0.864680548
223.1	1.193377754	0.479843264	0.666223052	1.147751381	-0.657731143	0.593073361	-0.392123629	0.864680548
223.2	1.193377754	0.479843264	0.666223052	1.147751381	-0.657731143	0.593073361	-0.392123629	0.864680548
223.3	1.193377754	0.479843264	0.666223052	1.147751381	-0.657731143	0.593073361	-0.392123629	0.864680548
223.4	1.193377754	0.479843264	0.666223052	1.147751381	-0.657731143	0.593073361	-0.392123629	0.864680548
223.5	1.193377754	0.479843264	0.666223052	1.147751381	-0.657731143	0.593073361	-0.392123629	0.864680548
223.6	1.193377754	0.479843264	0.666223052	1.147751381	-0.657731143	0.593073361	-0.392123629	0.864680548
223.7	1.193377754	0.479843264	0.666223052	1.147751381	-0.657731143	0.593073361	-0.392123629	0.864680548
223.8	1.193377754	0.479843264	0.666223052	1.147751381	-0.657731143	0.593073361	-0.392123629	0.864680548
223.9	1.193377754	0.479843264	0.666223052	1.147751381	-0.657731143	0.593073361	-0.392123629	0.864680548
224	1.193377754	0.479843264	0.666223052	1.147751381	-0.657731143	0.593073361	-0.392123629	0.864680548
224.1	1.193377754	0.479843264	0.666223052	1.147751381	-0.657731143	0.593073361	-0.392123629	0.864680548
224.2	1.193377754	0.479843264	0.666223052	1.147751381	-0.657731143	0.593073361	-0.392123629	0.864680548
224.3	1.193377754	0.479843264	0.666223052	1.147751381	-0.657731143	0.593073361	-0.392123629	0.864680548
224.4	1.193377754	0.479843264	0.666223052	1.147751381	-0.657731143	0.593073361	-0.392123629	0.864680548
224.5	1.193377754	0.479843264	0.666223052	1.147751381	-0.657731143	0.593073361	-0.392123629	0.864680548
224.6	1.193377754	0.479843264	0.666223052	1.147751381	-0.657731143	0.593073361	-0.392123629	0.864680548
224.7	1.193377754	0.479843264	0.666223052	1.147751381	-0.657731143	0.593073361	-0.392123629	0.864680548
224.8	1.193377754	0.479843264	0.666223052	1.147751381	-0.657731143	0.593073361	-0.392123629	0.864680548
224.9	1.193377754	0.479843264	0.666223052	1.147751381	-0.657731143	0.593073361	-0.392123629	0.864680548
225	1.193377754	0.479843264	0.666223052	1.147751381	-0.657731143	0.593073361	-0.392123629	0.864680548
225.1	1.193377754	0.479843264	0.666223052	1.147751381	-0.657731143	0.593073361	-0.392123629	0.864680548
225.2	1.193377754	0.479843264	0.666223052	1.147751381	-0.657731143	0.593073361	-0.392123629	0.864680548
225.3	1.193377754	0.479843264	0.666223052	1.147751381	-0.657731143	0.593073361	-0.392123629	0.864680548
225.4	1.193377754	0.479843264	0.666223052	1.147751381	-0.657731143	0.593073361	-0.392123629	0.864680548
225.5	1.193377754	0.479843264	0.666223052	1.147751381	-0.657731143	0.593073361	-0.392123629	0.864680548
225.6	1.193377754	0.479843264	0.666223052	1.147751381	-0.657731143	0.593073361	-0.392123629	0.864680548
225.7	1.193377754	0.479843264	0.666223052	1.147751381	-0.657731143	0.593073361	-0.392123629	0.864680548
225.8	1.193377754	0.479843264	0.666223052	1.147751381	-0.657731143	0.593073361	-0.392123629	0.864680548
225.9	1.193377754	0.479843264	0.666223052	1.147751381	-0.657731143	0.593073361	-0.392123629	0.864680548
226	1.193377754	0.479843264	0.666223052	1.147751381	-0.657731143	0.593073361	-0.392123629	0.864680548
226.1	1.193377754	0.479843264	0.666223052	1.147751381	-0.657731143	0.593073361	-0.392123629	0.864680548
226.2	1.193377754	0.479843264	0.666223052	1.147751381	-0.657731143	0.593073361	-0.392123629	0.864680548
226.3	1.193377754	0.479843264	0.666223052	1.147751381	-0.657731143	0.593073361	-0.392123629	0.864680548
226.4	1.193377754	0.479843264	0.666223052	1.147751381	-0.657731143	0.593073361	-0.392123629	0.864680548
226.5	1.193377754	0.479843264	0.666223052	1.147751381	-0.657731143	0.593073361	-0.392123629	0.864680548
226.6	1.193377754	0.479843264	0.666223052	1.147751381	-0.657731143	0.593073361	-0.392123629	0.864680548
226.7	1.193377754	0.479843264	0.666223052	1.147751381	-0.657731143	0.593073361	-0.392123629	0.864680548
226.8	1.193377754	0.479843264	0.666223052	1.147751381	-0.657731143	0.593073361	-0.392123629	0.864680548
226.9	1.193377754	0.479843264	0.666223052	1.147751381	-0.657731143	0.593073361	-0.392123629	0.864680548
227	0.900076196	0.506931675	0.34512828	0.919133473	-0.632075257	0.663140243	-0.338950471	0.925927484
227.1	0.900076196	0.506931675	0.34512828	0.919133473	-0.632075257	0.663140243	-0.338950471	0.925927484
227.2	0.900076196	0.506931675	0.34512828	0.919133473	-0.632075257	0.663140243	-0.338950471	0.925927484
227.3	0.900076196	0.506931675	0.34512828	0.919133473	-0.632075257	0.663140243	-0.338950471	0.925927484
227.4	0.900076196	0.506931675	0.34512828	0.919133473	-0.632075257	0.663140243	-0.338950471	0.925927484
227.5	0.900076196	0.506931675	0.34512828	0.919133473	-0.632075257	0.663140243	-0.338950471	0.925927484
227.6	0.900076196	0.506931675	0.34512828	0.919133473	-0.632075257	0.663140243	-0.338950471	0.925927484
227.7	0.900076196	0.506931675	0.34512828	0.919133473	-0.632075257	0.663140243	-0.338950471	0.925927484
227.8	0.900076196	0.506931675	0.34512828	0.919133473	-0.632075257	0.663140243	-0.338950471	0.925927484
227.9	0.900076196	0.506931675	0.34512828	0.919133473	-0.632075257	0.663140243	-0.338950471	0.925927484
228	0.900076196	0.506931675	0.34512828	0.919133473	-0.632075257	0.663140243	-0.338950471	0.925927484
228.1	0.900076196	0.506931675	0.34512828	0.919133473	-0.632075257	0.663140243	-0.338950471	0.925927484
228.2	0.900076196	0.506931675	0.34512828	0.919133473	-0.632075257	0.663140243	-0.338950471	0.925927484
228.3	0.900076196	0.506931675	0.34512828	0.919133473	-0.632075257	0.663140243	-0.338950471	0.925927484
228.4	0.900076196	0.506931675	0.34512828	0.919133473	-0.632075257	0.663140243	-0.338950471	0.925927484
228.5	0.900076196	0.506931675	0.34512828	0.919133473	-0.632075257	0.663140243	-0.338950471	0.925927484
228.6	0.900076196	0.506931675	0.34512828	0.919133473	-0.632075257	0.663140243	-0.338950471	0.925927484
228.7	0.900076196	0.506931675	0.34512828	0.919133473	-0.632075257	0.663140243	-0.338950471	0.925927484
228.8	0.900076196	0.506931675	0.34512828	0.919133473	-0.632075257	0.663140243	-0.338950471	0.925927484
228.9	0.900076196	0.506931675	0.34512828	0.919133473	-0.632075257	0.663140243	-0.338950471	0.925927484
229	0.900076196	0.506931675	0.34512828	0.919133473	-0.632075257	0.663140243	-0.338950471	0.925927484
229.1	0.900076196	0.506931675	0.34512828	0.919133473	-0.632075257	0.663140243	-0.338950471	0.925927484
229.2	0.900076196	0.506931675	0.34512828	0.919133473	-0.632075257	0.663140243	-0.338950471	0.925927484
229.3	0.900076196	0.506931675	0.34512828	0.919133473	-0.632075257	0.663140243	-0.338950471	0.925927484
229.4	0.900076196	0.506931675	0.34512828	0.919133473	-0.632075257	0.663140243	-0.338950471	0.925927484
229.5	0.900076196	0.506931675	0.34512828	0.919133473	-0.632075257	0.663140243	-0.338950471	0.925927484
229.6	0.900076196	0.506931675	0.34512828	0.919133473	-0.632075257	0.663140243	-0.338950471	0.925927484
229.7	0.900076196	0.506931675	0.34512828	0.919133473	-0.632075257	0.663140243	-0.338950471	0.925927484
229.8	0.900076196	0.506931675	0.34512828	0.919133473	-0.632075257	0.663140243	-0.338950471	0.925927484
229.9	0.900076196	0.506931675	0.34512828	0.919133473	-0.632075257	0.663140243	-0.338950471	0.925927484
230	0.900076196	0.506931675	0.34512828	0.919133473	-0.632075257	0.663140243	-0.338950471	0.925927484
230.1	0.900076196	0.506931675	0.34512828	0.919133473	-0.632075257	0.663140243	-0.338950471	0.925927484
230.2	0.900076196	0.506931675	0.34512828	0.919133473	-0.632075257	0.663140243	-0.338950471	0.925927484
230.3	0.900076196	0.506931675	0.34512828	0.919133473	-0.632075257	0.663140243	-0.338950471	0.925927484
230.4	0.900076196	0.506931675	0.34512828	0.919133473	-0.632075257	0.663140243	-0.338950471	0.925927484
230.5	0.900076196	0.506931675	0.34512828	0.919133473	-0.632075257	0.663140243	-0.338950471	0.925927484
230.6	0.900076196	0.506931675	0.34512828	0.919133473	-0.632075257	0.663140243	-0.338950471	0.925927484
230.7	0.900076196	0.506931675	0.34512828	0.919133473	-0.632075257	0.663140243	-0.338950471	0.925927484
230.8	0.900076196	0.506931675	0.34512828	0.919133473	-0.632075257	0.663140243	-0.338950471	0.925927484
230.9	0.900076196	0.506931675	0.34512828	0.919133473	-0.632075257	0.663140243	-0.338950471	0.925927484
231	0.900076196	0.506931675	0.34512828	0.919133473	-0.632075257	0.663140243	-0.338950471	0.925927484
231.1	0.900076196	0.506931675	0.34512828	0.919133473	-0.632075257	0.663140243	-0.338950471	0.925927484
231.2	0.900076196	0.506931675	0.34512828	0.919133473	-0.632075257	0.663140243	-0.338950471	0.925927484
231.3	0.900076196	0.506931675	0.34512828	0.919133473	-0.632075257	0.663140243	-0.338950471	0.925927484
231.4	0.900076196	0.506931675	0.34512828	0.919133473	-0.632075257	0.663140243	-0.338950471	0.925927484
231.5	0.900076196	0.506931675	0.34512828	0.919133473	-0.632075257	0.663140243	-0.338950471	0.925927484
231.6	0.900076196	0.506931675	0.34512828	0.919133473	-0.632075257	0.663140243	-0.338950471	0.925927484
231.7	0.900076196	0.506931675	0.34512828	0.919133473	-0.632075257	0.663140243	-0.338950471	0.925927484
231.8	0.900076196	0.506931675	0.34512828	0.919133473	-0.632075257	0.663140243	-0.338950471	0.925927484
231.9	0.900076196	0.506931675	0.34512828	0.919133473	-0.632075257	0.663140243	-0.338950471	0.925927484
232	0.900076196	0.506931675	0.34512828	0.919133473	-0.632075257	0.663140243	-0.338950471	0.925927484
232.1	0.900076196	0.506931675	0.34512828	0.919133473	-0.632075257	0.663140243	-0.338950471	0.925927484
232.2	0.900076196	0.506931675	0.34512828	0.919133473	-0.632075257	0.663140243	-0.338950471	0.925927484
232.3	0.900076196	0.506931675	0.34512828	0.919133473	-0.632075257	0.663140243	-0.338950471	0.925927484
232.4	0.900076196	0.506931675	0.34512828	0.919133473	-0.632075257	0.663140243	-0.338950471	0.925927484
232.5	0.900076196	0.506931675	0.34512828	0.919133473	-0.632075257	0.663140243	-0.338950471	0.925927484
232.6	0.900076196	0.506931675	0.34512828	0.919133473	-0.632075257	0.663140243	-0.338950471	0.925927484
232.7	0.900076196	0.506931675	0.34512828	0.919133473	-0.632075257	0.663140243	-0.338950471	0.925927484
232.8	0.900076196	0.506931675	0.34512828	0.919133473	-0.632075257	0.663140243	-0.338950471	0.925927484
232.9	0.900076196	0.506931675	0.34512828	0.919133473	-0.632075257	0.663140243	-0.338950471	0.925927484
233	0.900076196	0.506931675	0.34512828	0.919133473	-0.632075257	0.663140243	-0.338950471	0.925927484
233.1	0.900076196	0.506931675	0.34512828	0.919133473	-0.632075257	0.663140243	-0.338950471	0.925927484
233.2	0.900076196	0.506931675	0.34512828	0.919133473	-0.632075257	0.663140243	-0.338950471	0.925927484
233.3	0.900076196	0.506931675	0.34512828	0.919133473	-0.632075257	0.663140243	-0.338950471	0.925927484
233.4	0.900076196	0.506931675	0.34512828	0.919133473	-0.632075257	0.663140243	-0.338950471	0.925927484
233.5	0.900076196	0.506931675	0.34512828	0.919133473	-0.632075257	0.663140243	-0.338950471	0.925927484
233.6	0.900076196	0.506931675	0.34512828	0.919133473	-0.632075257	0.663140243	-0.338950471	0.925927484
233.7	0.900076196	0.506931675	0.34512828	0.919133473	-0.632075257	0.663140243	-0.338950471	0.925927484
233.8	0.900076196	0.506931675	0.34512828	0.919133473	-0.632075257	0.663140243	-0.338950471	0.925927484
233.9	0.900076196	0.506931675	0.34512828	0.919133473	-0.632075257	0.663140243	-0.338950471	0.925927484
234	0.900076196	0.506931675	0.34512828	0.919133473	-0.632075257	0.663140243	-0.338950471	0.925927484
234.1	0.900076196	0.506931675	0.34512828	0.919133473	-0.632075257	0.663140243	-0.338950471	0.925927484
234.2	0.900076196	0.506931675	0.34512828	0.919133473	-0.632075257	0.663140243	-0.338950471	0.925927484
234.3	0.900076196	0.506931675	0.34512828	0.919133473	-0.632075257	0.663140243	-0.338950471	0.925927484
234.4	0.900076196	0.506931675	0.34512828	0.919133473	-0.632075257	0.663140243	-0.338950471	0.925927484
234.5	0.900076196	0.506931675	0.34512828	0.919133473	-0.632075257	0.663140243	-0.338950471	0.925927484
234.6	0.900076196	0.506931675	0.34512828	0.919133473	-0.632075257	0.663140243	-0.338950471	0.925927484
234.7	0.900076196	0.506931675	0.34512828	0.919133473	-0.632075257	0.663140243	-0.338950471	0.925927484
234.8	0.900076196	0.506931675	0.34512828	0.919133473	-0.632075257	0.663140243	-0.338950471	0.925927484
234.9	0.900076196	0.506931675	0.34512828	0.919133473	-0.632075257	0.663140243	-0.338950471	0.925927484
235	0.900076196	0.506931675	0.34512828	0.919133473	-0.632075257	0.663140243	-0.338950471	0.925927484
235.1	0.900076196	0.506931675	0.34512828	0.919133473	-0.632075257	0.663140243	-0.338950471	0.925927484
235.2	0.900076196	0.506931675	0.34512828	0.919133473	-0.632075257	0.663140243	-0.338950471	0.925927484
235.3	0.900076196	0.506931675	0.34512828	0.919133473	-0.632075257	0.663140243	-0.338950471	0.925927484
235.4	0.900076196	0.506931675	0.34512828	0.919133473	-0.632075257	0.663140243	-0.338950471	0.925927484
235.5	0.900076196	0.506931675	0.34512828	0.919133473	-0.632075257	0.663140243	-0.338950471	0.925927484
235.6	0.900076196	0.506931675	0.34512828	0.919133473	-0.632075257	0.663140243	-0.338950471	0.925927484
235.7	0.900076196	0.506931675	0.34512828	0.919133473	-0.632075257	0.663140243	-0.338950471	0.925927484
235.8	0.900076196	0.506931675	0.34512828	0.919133473	-0.632075257	0.663140243	-0.338950471	0.925927484
235.9	0.900076196	0.506931675	0.34512828	0.919133473	-0.632075257	0.663140243	-0.338950471	0.925927484
236	0.900076196	0.506931675	0.34512828	0.919133473	-0.632075257	0.663140243	-0.338950471	0.925927484
236.1	0.900076196	0.506931675	0.34512828	0.919133473	-0.632075257	0.663140243	-0.338950471	0.925927484
236.2	0.900076196	0.506931675	0.34512828	0.919133473	-0.632075257	0.663140243	-0.338950471	0.925927484
236.3	0.900076196	0.506931675	0.34512828	0.919133473	-0.632075257	0.663140243	-0.338950471	0.925927484
236.4	0.900076196	0.506931675	0.34512828	0.919133473	-0.632075257	0.663140243	-0.338950471	0.925927484
236.5	0.900076196	0.506931675	0.34512828	0.919133473	-0.632075257	0.663140243	-0.338950471	0.925927484
236.6	0.900076196	0.506931675	0.34512828	0.919133473	-0.632075257	0.663140243	-0.338950471	0.925927484
236.7	0.900076196	0.506931675	0.34512828	0.919133473	-0.632075257	0.663140243	-0.338950471	0.925927484
236.8	0.900076196	0.506931675	0.34512828	0.919133473	-0.632075257	0.663140243	-0.338950471	0.925927484
236.9	0.900076196	0.506931675	0.34512828	0.919133473	-0.632075257	0.663140243	-0.338950471	0.925927484
237	-0.237793233	0.247215242	0.337867573	-0.40831515	0.55548424	-0.067271449	-0.344019845	0.06164743
237.1	-0.237793233	0.247215242	0.337867573	-0.40831515	0.55548424	-0.067271449	-0.344019845	0.06164743
237.2	-0.237793233	0.247215242	0.337867573	-0.40831515	0.55548424	-0.067271449	-0.344019845	0.06164743
237.3	-0.237793233	0.247215242	0.337867573	-0.40831515	0.55548424	-0.067271449	-0.344019845	0.06164743
237.4	-0.237793233	0.247215242	0.337867573	-0.40831515	0.55548424	-0.067271449	-0.344019845	0.06164743
237.5	-0.237793233	0.247215242	0.337867573	-0.40831515	0.55548424	-0.067271449	-0.344019845	0.06164743
237.6	-0.237793233	0.247215242	0.337867573	-0.40831515	0.55548424	-0.067271449	-0.344019845	0.06164743
237.7	-0.237793233	0.247215242	0.337867573	-0.40831515	0.55548424	-0.067271449	-0.344019845	0.06164743
237.8	-0.237793233	0.247215242	0.337867573	-0.40831515	0.55548424	-0.067271449	-0.344019845	0.06164743
237.9	-0.237793233	0.247215242	0.337867573	-0.40831515	0.55548424	-0.067271449	-0.344019845	0.06164743
238	-0.237793233	0.247215242	0.337867573	-0.40831515	0.55548424	-0.067271449	-0.344019845	0.06164743
238.1	-0.237793233	0.247215242	0.337867573	-0.40831515	0.55548424	-0.067271449	-0.344019845	0.06164743
238.2	-0.237793233	0.247215242	0.337867573	-0.40831515	0.55548424	-0.067271449	-0.344019845	0.06164743
238.3	-0.237793233	0.247215242	0.337867573	-0.40831515	0.55548424	-0.067271449	-0.344019845	0.06164743
238.4	-0.237793233	0.247215242	0.337867573	-0.40831515	0.55548424	-0.067271449	-0.344019845	0.06164743
238.5	-0.237793233	0.247215242	0.337867573	-0.40831515	0.55548424	-0.067271449	-0.344019845	0.06164743
238.6	-0.237793233	0.247215242	0.337867573	-0.40831515	0.55548424	-0.067271449	-0.344019845	0.06164743
238.7	-0.237793233	0.247215242	0.337867573	-0.40831515	0.55548424	-0.067271449	-0.344019845	0.06164743
238.8	-0.237793233	0.247215242	0.337867573	-0.40831515	0.55548424	-0.067271449	-0.344019845	0.06164743
238.9	-0.237793233	0.247215242	0.337867573	-0.40831515	0.55548424	-0.067271449	-0.344019845	0.06164743
239	-0.237793233	0.247215242	0.337867573	-0.40831515	0.55548424	-0.067271449	-0.344019845	0.06164743
239.1	-0.237793233	0.247215242	0.337867573	-0.40831515	0.55548424	-0.067271449	-0.344019845	0.06164743
239.2	-0.237793233	0.247215242	0.337867573	-0.40831515	0.55548424	-0.067271449	-0.344019845	0.06164743
239.3	-0.237793233	0.247215242	0.337867573	-0.40831515	0.55548424	-0.067271449	-0.344019845	0.06164743
239.4	-0.237793233	0.247215242	0.337867573	-0.40831515	0.55548424	-0.067271449	-0.344019845	0.06164743
239.5	-0.237793233	0.247215242	0.337867573	-0.40831515	0.55548424	-0.067271449	-0.344019845	0.06164743
239.6	-0.237793233	0.247215242	0.337867573	-0.40831515	0.55548424	-0.067271449	-0.344019845	0.06164743
239.7	-0.237793233	0.247215242	0.337867573	-0.40831515	0.55548424	-0.067271449	-0.344019845	0.06164743
239.8	-0.237793233	0.247215242	0.337867573	-0.40831515	0.55548424	-0.067271449	-0.344019845	0.06164743
239.9	-0.237793233	0.247215242	0.337867573	-0.40831515	0.55548424	-0.067271449	-0.344019845	0.06164743
240	-0.237793233	0.247215242	0.337867573	-0.40831515	0.55548424	-0.067271449	-0.344019845	0.06164743
240.1	-0.237793233	0.247215242	0.337867573	-0.40831515	0.55548424	-0.067271449	-0.344019845	0.06164743
240.2	-0.237793233	0.247215242	0.337867573	-0.40831515	0.55548424	-0.067271449	-0.344019845	0.06164743
240.3	-0.237793233	0.247215242	0.337867573	-0.40831515	0.55548424	-0.067271449	-0.344019845	0.06164743
240.4	-0.237793233	0.247215242	0.337867573	-0.40831515	0.55548424	-0.067271449	-0.344019845	0.06164743
240.5	-0.237793233	0.247215242	0.337867573	-0.40831515	0.55548424	-0.067271449	-0.344019845	0.06164743
240.6	-0.237793233	0.247215242	0.337867573	-0.40831515	0.55548424	-0.067271449	-0.344019845	0.06164743
240.7	-0.237793233	0.247215242	0.337867573	-0.40831515	0.55548424	-0.067271449	-0.344019845	0.06164743
240.8	-0.237793233	0.247215242	0.337867573	-0.40831515	0.55548424	-0.067271449	-0.344019845	0.06164743
240.9	-0.237793233	0.247215242	0.337867573	-0.40831515	0.55548424	-0.067271449	-0.344019845	0.06164743
241	-0.237793233	0.247215242	0.337867573	-0.40831515	0.55548424	-0.067271449	-0.344019845	0.06164743
241.1	-0.237793233	0.247215242	0.337867573	-0.40831515	0.55548424	-0.067271449	-0.344019845	0.06164743
241.2	-0.237793233	0.247215242	0.337867573	-0.40831515	0.55548424	-0.067271449	-0.344019845	0.06164743
241.3	-0.237793233	0.247215242	0.337867573	-0.40831515	0.55548424	-0.067271449	-0.344019845	0.06164743
241.4	-0.237793233	0.247215242	0.337867573	-0.40831515	0.55548424	-0.067271449	-0.344019845	0.06164743
241.5	-0.237793233	0.247215242	0.337867573	-0.40831515	0.55548424	-0.067271449	-0.344019845	0.06164743
241.6	-0.237793233	0.247215242	0.337867573	-0.40831515	0.55548424	-0.067271449	-0.344019845	0.06164743
241.7	-0.237793233	0.247215242	0.337867573	-0.40831515	0.55548424	-0.067271449	-0.344019845	0.06164743
241.8	-0.237793233	0.247215242	0.337867573	-0.40831515	0.55548424	-0.067271449	-0.344019845	0.06164743
241.9	-0.237793233	0.247215242	0.337867573	-0.40831515	0.55548424	-0.067271449	-0.344019845	0.06164743
242	-0.188571064	-0.643099228	-0.22335913	-0.084157458	-0.049365216	-0.769319312	-0.227658904	-0.818914215
242.1	-0.188571064	-0.643099228	-0.22335913	-0.084157458	-0.049365216	-0.769319312	-0.227658904	-0.818914215
242.2	-0.188571064	-0.643099228	-0.22335913	-0.084157458	-0.049365216	-0.769319312	-0.227658904	-0.818914215
242.3	-0.188571064	-0.643099228	-0.22335913	-0.084157458	-0.049365216	-0.769319312	-0.227658904	-0.818914215
242.4	-0.188571064	-0.643099228	-0.22335913	-0.084157458	-0.049365216	-0.769319312	-0.227658904	-0.818914215
242.5	-0.188571064	-0.643099228	-0.22335913	-0.084157458	-0.049365216	-0.769319312	-0.227658904	-0.818914215
242.6	-0.188571064	-0.643099228	-0.22335913	-0.084157458	-0.049365216	-0.769319312	-0.227658904	-0.818914215
242.7	-0.188571064	-0.643099228	-0.22335913	-0.084157458	-0.049365216	-0.769319312	-0.227658904	-0.818914215
242.8	-0.188571064	-0.643099228	-0.22335913	-0.084157458	-0.049365216	-0.769319312	-0.227658904	-0.818914215
242.9	-0.188571064	-0.643099228	-0.22335913	-0.084157458	-0.049365216	-0.769319312	-0.227658904	-0.818914215
243	-0.188571064	-0.643099228	-0.22335913	-0.084157458	-0.049365216	-0.769319312	-0.227658904	-0.818914215
243.1	-0.188571064	-0.643099228	-0.22335913	-0.084157458	-0.049365216	-0.769319312	-0.227658904	-0.818914215
243.2	-0.188571064	-0.643099228	-0.22335913	-0.084157458	-0.049365216	-0.769319312	-0.227658904	-0.818914215
243.3	-0.188571064	-0.643099228	-0.22335913	-0.084157458	-0.049365216	-0.769319312	-0.227658904	-0.818914215
243.4	-0.188571064	-0.643099228	-0.22335913	-0.084157458	-0.049365216	-0.769319312	-0.227658904	-0.818914215
243.5	-0.188571064	-0.643099228	-0.22335913	-0.084157458	-0.049365216	-0.769319312	-0.227658904	-0.818914215
243.6	-0.188571064	-0.643099228	-0.22335913	-0.084157458	-0.049365216	-0.769319312	-0.227658904	-0.818914215
243.7	-0.188571064	-0.643099228	-0.22335913	-0.084157458	-0.049365216	-0.769319312	-0.227658904	-0.818914215
243.8	-0.188571064	-0.643099228	-0.22335913	-0.084157458	-0.049365216	-0.769319312	-0.227658904	-0.818914215
243.9	-0.188571064	-0.643099228	-0.22335913	-0.084157458	-0.049365216	-0.769319312	-0.227658904	-0.818914215
244	-0.188571064	-0.643099228	-0.22335913	-0.084157458	-0.049365216	-0.769319312	-0.227658904	-0.818914215
244.1	-0.188571064	-0.643099228	-0.22335913	-0.084157458	-0.049365216	-0.769319312	-0.227658904	-0.818914215
244.2	-0.188571064	-0.643099228	-0.22335913	-0.084157458	-0.049365216	-0.769319312	-0.227658904	-0.818914215
244.3	-0.188571064	-0.643099228	-0.22335913	-0.084157458	-0.049365216	-0.769319312	-0.227658904	-0.818914215
244.4	-0.188571064	-0.643099228	-0.22335913	-0.084157458	-0.049365216	-0.769319312	-0.227658904	-0.818914215
244.5	-0.188571064	-0.643099228	-0.22335913	-0.084157458	-0.049365216	-0.769319312	-0.227658904	-0.818914215
244.6	-0.188571064	-0.643099228	-0.22335913	-0.084157458	-0.049365216	-0.769319312	-0.227658904	-0.818914215
244.7	-0.188571064	-0.643099228	-0.22335913	-0.084157458	-0.049365216	-0.769319312	-0.227658904	-0.818914215
244.8	-0.188571064	-0.643099228	-0.22335913	-0.084157458	-0.049365216	-0.769319312	-0.227658904	-0.818914215
244.9	-0.188571064	-0.643099228	-0.22335913	-0.084157458	-0.049365216	-0.769319312	-0.227658904	-0.818914215
245	-0.188571064	-0.643099228	-0.22335913	-0.084157458	-0.049365216	-0.769319312	-0.227658904	-0.818914215
245.1	-0.188571064	-0.643099228	-0.22335913	-0.084157458	-0.049365216	-0.769319312	-0.227658904	-0.818914215
245.2	-0.188571064	-0.643099228	-0.22335913	-0.084157458	-0.049365216	-0.769319312	-0.227658904	-0.818914215
245.3	-0.188571064	-0.643099228	-0.22335913	-0.084157458	-0.049365216	-0.769319312	-0.227658904	-0.818914215
245.4	-0.188571064	-0.643099228	-0.22335913	-0.084157458	-0.049365216	-0.769319312	-0.227658904	-0.818914215
245.5	-0.188571064	-0.643099228	-0.22335913	-0.084157458	-0.049365216	-0.769319312	-0.227658904	-0.818914215
245.6	-0.188571064	-0.643099228	-0.22335913	-0.084157458	-0.049365216	-0.769319312	-0.227658904	-0.818914215
245.7	-0.188571064	-0.643099228	-0.22335913	-0.084157458	-0.049365216	-0.769319312	-0.227658904	-0.818914215
245.8	-0.188571064	-0.643099228	-0.22335913	-0.084157458	-0.049365216	-0.769319312	-0.227658904	-0.818914215
245.9	-0.188571064	-0.643099228	-0.22335913	-0.084157458	-0.049365216	-0.769319312	-0.227658904	-0.818914215
246	-0.188571064	-0.643099228	-0.22335913	-0.084157458	-0.049365216	-0.769319312	-0.227658904	-0.818914215
246.1	-0.188571064	-0.643099228	-0.22335913	-0.084157458	-0.049365216	-0.769319312	-0.227658904	-0.818914215
246.2	-0.188571064	-0.643099228	-0.22335913	-0.084157458	-0.049365216	-0.769319312	-0.227658904	-0.818914215
246.3	-0.188571064	-0.643099228	-0.22335913	-0.084157458	-0.049365216	-0.769319312	-0.227658904	-0.818914215
246.4	-0.188571064	-0.643099228	-0.22335913	-0.084157458	-0.049365216	-0.769319312	-0.227658904	-0.818914215
246.5	-0.188571064	-0.643099228	-0.22335913	-0.084157458	-0.049365216	-0.769319312	-0.227658904	-0.818914215
246.6	-0.188571064	-0.643099228	-0.22335913	-0.084157458	-0.049365216	-0.769319312	-0.227658904	-0.818914215
246.7	-0.188571064	-0.643099228	-0.22335913	-0.084157458	-0.049365216	-0.769319312	-0.227658904	-0.818914215
246.8	-0.188571064	-0.643099228	-0.22335913	-0.084157458	-0.049365216	-0.769319312	-0.227658904	-0.818914215
246.9	-0.188571064	-0.643099228	-0.22335913	-0.084157458	-0.049365216	-0.769319312	-0.227658904	-0.818914215
247	-0.188571064	-0.643099228	-0.22335913	-0.084157458	-0.049365216	-0.769319312	-0.227658904	-0.818914215
247.1	-0.188571064	-0.643099228	-0.22335913	-0.084157458	-0.049365216	-0.769319312	-0.227658904	-0.818914215
247.2	-0.668289252	-0.025101059	-1.503622264	-0.074726635	-0.77380577	-0.151211719	0.361305958	-0.327904194
247.3	-0.668289252	-0.025101059	-1.503622264	-0.074726635	-0.77380577	-0.151211719	0.361305958	-0.327904194
247.4	-0.668289252	-0.025101059	-1.503622264	-0.074726635	-0.77380577	-0.151211719	0.361305958	-0.327904194
247.5	-0.668289252	-0.025101059	-1.503622264	-0.074726635	-0.77380577	-0.151211719	0.361305958	-0.327904194
247.6	-0.668289252	-0.025101059	-1.503622264	-0.074726635	-0.77380577	-0.151211719	0.361305958	-0.327904194
247.7	-0.668289252	-0.025101059	-1.503622264	-0.074726635	-0.77380577	-0.151211719	0.361305958	-0.327904194
247.8	-0.668289252	-0.025101059	-1.503622264	-0.074726635	-0.77380577	-0.151211719	0.361305958	-0.327904194
247.9	-0.668289252	-0.025101059	-1.503622264	-0.074726635	-0.77380577	-0.151211719	0.361305958	-0.327904194
248	-0.668289252	-0.025101059	-1.503622264	-0.074726635	-0.77380577	-0.151211719	0.361305958	-0.327904194
248.1	-0.668289252	-0.025101059	-1.503622264	-0.074726635	-0.77380577	-0.151211719	0.361305958	-0.327904194
248.2	-0.668289252	-0.025101059	-1.503622264	-0.074726635	-0.77380577	-0.151211719	0.361305958	-0.327904194
248.3	-0.668289252	-0.025101059	-1.503622264	-0.074726635	-0.77380577	-0.151211719	0.361305958	-0.327904194
248.4	-0.668289252	-0.025101059	-1.503622264	-0.074726635	-0.77380577	-0.151211719	0.361305958	-0.327904194
248.5	-0.668289252	-0.025101059	-1.503622264	-0.074726635	-0.77380577	-0.151211719	0.361305958	-0.327904194
248.6	-0.668289252	-0.025101059	-1.503622264	-0.074726635	-0.77380577	-0.151211719	0.361305958	-0.327904194
248.7	-0.668289252	-0.025101059	-1.503622264	-0.074726635	-0.77380577	-0.151211719	0.361305958	-0.327904194
248.8	-0.668289252	-0.025101059	-1.503622264	-0.074726635	-0.77380577	-0.151211719	0.361305958	-0.327904194
248.9	-0.668289252	-0.025101059	-1.503622264	-0.074726635	-0.77380577	-0.151211719	0.361305958	-0.327904194
249	-0.668289252	-0.025101059	-1.503622264	-0.074726635	-0.77380577	-0.151211719	0.361305958	-0.327904194
249.1	-0.668289252	-0.025101059	-1.503622264	-0.074726635	-0.77380577	-0.151211719	0.361305958	-0.327904194
249.2	-0.668289252	-0.025101059	-1.503622264	-0.074726635	-0.77380577	-0.151211719	0.361305958	-0.327904194
249.3	-0.668289252	-0.025101059	-1.503622264	-0.074726635	-0.77380577	-0.151211719	0.361305958	-0.327904194
249.4	-0.668289252	-0.025101059	-1.503622264	-0.074726635	-0.77380577	-0.151211719	0.361305958	-0.327904194
249.5	-0.668289252	-0.025101059	-1.503622264	-0.074726635	-0.77380577	-0.151211719	0.361305958	-0.327904194
249.6	-0.668289252	-0.025101059	-1.503622264	-0.074726635	-0.77380577	-0.151211719	0.361305958	-0.327904194
249.7	-0.668289252	-0.025101059	-1.503622264	-0.074726635	-0.77380577	-0.151211719	0.361305958	-0.327904194
249.8	-0.668289252	-0.025101059	-1.503622264	-0.074726635	-0.77380577	-0.151211719	0.361305958	-0.327904194
249.9	-0.668289252	-0.025101059	-1.503622264	-0.074726635	-0.77380577	-0.151211719	0.361305958	-0.327904194
250	-0.668289252	-0.025101059	-1.503622264	-0.074726635	-0.77380577	-0.151211719	0.361305958	-0.327904194
250.1	-0.668289252	-0.025101059	-1.503622264	-0.074726635	-0.77380577	-0.151211719	0.361305958	-0.327904194
250.2	-0.668289252	-0.025101059	-1.503622264	-0.074726635	-0.77380577	-0.151211719	0.361305958	-0.327904194
250.3	-0.668289252	-0.025101059	-1.503622264	-0.074726635	-0.77380577	-0.151211719	0.361305958	-0.327904194
250.4	-0.668289252	-0.025101059	-1.503622264	-0.074726635	-0.77380577	-0.151211719	0.361305958	-0.327904194
250.5	-0.668289252	-0.025101059	-1.503622264	-0.074726635	-0.77380577	-0.151211719	0.361305958	-0.327904194
250.6	-0.668289252	-0.025101059	-1.503622264	-0.074726635	-0.77380577	-0.151211719	0.361305958	-0.327904194
250.7	-0.668289252	-0.025101059	-1.503622264	-0.074726635	-0.77380577	-0.151211719	0.361305958	-0.327904194
250.8	-0.668289252	-0.025101059	-1.503622264	-0.074726635	-0.77380577	-0.151211719	0.361305958	-0.327904194
250.9	-0.668289252	-0.025101059	-1.503622264	-0.074726635	-0.77380577	-0.151211719	0.361305958	-0.327904194
251	-0.668289252	-0.025101059	-1.503622264	-0.074726635	-0.77380577	-0.151211719	0.361305958	-0.327904194
251.1	-0.668289252	-0.025101059	-1.503622264	-0.074726635	-0.77380577	-0.151211719	0.361305958	-0.327904194
251.2	-1.743744482	-0.676594417	0.269638942	-2.255303398	2.175326743	-0.431060027	-0.737230785	-0.208189018
251.3	-1.743744482	-0.676594417	0.269638942	-2.255303398	2.175326743	-0.431060027	-0.737230785	-0.208189018
251.4	-1.743744482	-0.676594417	0.269638942	-2.255303398	2.175326743	-0.431060027	-0.737230785	-0.208189018
251.5	-1.743744482	-0.676594417	0.269638942	-2.255303398	2.175326743	-0.431060027	-0.737230785	-0.208189018
251.6	-1.743744482	-0.676594417	0.269638942	-2.255303398	2.175326743	-0.431060027	-0.737230785	-0.208189018
251.7	-1.743744482	-0.676594417	0.269638942	-2.255303398	2.175326743	-0.431060027	-0.737230785	-0.208189018
251.8	-1.743744482	-0.676594417	0.269638942	-2.255303398	2.175326743	-0.431060027	-0.737230785	-0.208189018
251.9	-1.743744482	-0.676594417	0.269638942	-2.255303398	2.175326743	-0.431060027	-0.737230785	-0.208189018
251.902	0.641031213	-0.85783329	0.400081183	0.601602015	-0.316302722	-1.156699075	-0.045629679	-1.353236972
252	0.641031213	-0.85783329	0.400081183	0.601602015	-0.316302722	-1.156699075	-0.045629679	-1.353236972
252.1	0.641031213	-0.85783329	0.400081183	0.601602015	-0.316302722	-1.156699075	-0.045629679	-1.353236972
252.2	0.641031213	-0.85783329	0.400081183	0.601602015	-0.316302722	-1.156699075	-0.045629679	-1.353236972
252.3	0.641031213	-0.85783329	0.400081183	0.601602015	-0.316302722	-1.156699075	-0.045629679	-1.353236972
252.4	0.641031213	-0.85783329	0.400081183	0.601602015	-0.316302722	-1.156699075	-0.045629679	-1.353236972
252.5	0.641031213	-0.85783329	0.400081183	0.601602015	-0.316302722	-1.156699075	-0.045629679	-1.353236972
252.6	0.641031213	-0.85783329	0.400081183	0.601602015	-0.316302722	-1.156699075	-0.045629679	-1.353236972
252.7	0.641031213	-0.85783329	0.400081183	0.601602015	-0.316302722	-1.156699075	-0.045629679	-1.353236972
252.8	0.641031213	-0.85783329	0.400081183	0.601602015	-0.316302722	-1.156699075	-0.045629679	-1.353236972
252.9	0.641031213	-0.85783329	0.400081183	0.601602015	-0.316302722	-1.156699075	-0.045629679	-1.353236972
253	0.641031213	-0.85783329	0.400081183	0.601602015	-0.316302722	-1.156699075	-0.045629679	-1.353236972
253.1	0.641031213	-0.85783329	0.400081183	0.601602015	-0.316302722	-1.156699075	-0.045629679	-1.353236972
253.2	0.641031213	-0.85783329	0.400081183	0.601602015	-0.316302722	-1.156699075	-0.045629679	-1.353236972
253.3	0.641031213	-0.85783329	0.400081183	0.601602015	-0.316302722	-1.156699075	-0.045629679	-1.353236972
253.4	0.641031213	-0.85783329	0.400081183	0.601602015	-0.316302722	-1.156699075	-0.045629679	-1.353236972
253.5	0.641031213	-0.85783329	0.400081183	0.601602015	-0.316302722	-1.156699075	-0.045629679	-1.353236972
253.6	0.641031213	-0.85783329	0.400081183	0.601602015	-0.316302722	-1.156699075	-0.045629679	-1.353236972
253.7	0.641031213	-0.85783329	0.400081183	0.601602015	-0.316302722	-1.156699075	-0.045629679	-1.353236972
253.8	0.641031213	-0.85783329	0.400081183	0.601602015	-0.316302722	-1.156699075	-0.045629679	-1.353236972
253.9	0.641031213	-0.85783329	0.400081183	0.601602015	-0.316302722	-1.156699075	-0.045629679	-1.353236972
254	0.641031213	-0.85783329	0.400081183	0.601602015	-0.316302722	-1.156699075	-0.045629679	-1.353236972
254.1	0.641031213	-0.85783329	0.400081183	0.601602015	-0.316302722	-1.156699075	-0.045629679	-1.353236972
254.14	-0.766473746	-0.046076107	1.691979582	-1.769321822	2.534502489	-0.505604034	0.987962875	-1.00590359
254.2	-0.766473746	-0.046076107	1.691979582	-1.769321822	2.534502489	-0.505604034	0.987962875	-1.00590359
254.3	-0.766473746	-0.046076107	1.691979582	-1.769321822	2.534502489	-0.505604034	0.987962875	-1.00590359
254.4	-0.766473746	-0.046076107	1.691979582	-1.769321822	2.534502489	-0.505604034	0.987962875	-1.00590359
254.5	-0.766473746	-0.046076107	1.691979582	-1.769321822	2.534502489	-0.505604034	0.987962875	-1.00590359
254.6	-0.766473746	-0.046076107	1.691979582	-1.769321822	2.534502489	-0.505604034	0.987962875	-1.00590359
254.7	-0.766473746	-0.046076107	1.691979582	-1.769321822	2.534502489	-0.505604034	0.987962875	-1.00590359
254.8	-0.766473746	-0.046076107	1.691979582	-1.769321822	2.534502489	-0.505604034	0.987962875	-1.00590359
254.9	-0.766473746	-0.046076107	1.691979582	-1.769321822	2.534502489	-0.505604034	0.987962875	-1.00590359
255	-0.766473746	-0.046076107	1.691979582	-1.769321822	2.534502489	-0.505604034	0.987962875	-1.00590359
255.1	-0.766473746	-0.046076107	1.691979582	-1.769321822	2.534502489	-0.505604034	0.987962875	-1.00590359
255.2	-0.766473746	-0.046076107	1.691979582	-1.769321822	2.534502489	-0.505604034	0.987962875	-1.00590359
255.3	-0.766473746	-0.046076107	1.691979582	-1.769321822	2.534502489	-0.505604034	0.987962875	-1.00590359
255.4	-0.766473746	-0.046076107	1.691979582	-1.769321822	2.534502489	-0.505604034	0.987962875	-1.00590359
255.5	-0.766473746	-0.046076107	1.691979582	-1.769321822	2.534502489	-0.505604034	0.987962875	-1.00590359
255.6	-0.766473746	-0.046076107	1.691979582	-1.769321822	2.534502489	-0.505604034	0.987962875	-1.00590359
255.7	-0.766473746	-0.046076107	1.691979582	-1.769321822	2.534502489	-0.505604034	0.987962875	-1.00590359
255.8	-0.766473746	-0.046076107	1.691979582	-1.769321822	2.534502489	-0.505604034	0.987962875	-1.00590359
255.9	-0.766473746	-0.046076107	1.691979582	-1.769321822	2.534502489	-0.505604034	0.987962875	-1.00590359
256	-0.766473746	-0.046076107	1.691979582	-1.769321822	2.534502489	-0.505604034	0.987962875	-1.00590359
256.1	-0.766473746	-0.046076107	1.691979582	-1.769321822	2.534502489	-0.505604034	0.987962875	-1.00590359
256.2	-0.766473746	-0.046076107	1.691979582	-1.769321822	2.534502489	-0.505604034	0.987962875	-1.00590359
256.3	-0.766473746	-0.046076107	1.691979582	-1.769321822	2.534502489	-0.505604034	0.987962875	-1.00590359
256.4	-0.766473746	-0.046076107	1.691979582	-1.769321822	2.534502489	-0.505604034	0.987962875	-1.00590359
256.5	-0.766473746	-0.046076107	1.691979582	-1.769321822	2.534502489	-0.505604034	0.987962875	-1.00590359
256.6	-0.766473746	-0.046076107	1.691979582	-1.769321822	2.534502489	-0.505604034	0.987962875	-1.00590359
256.7	-0.766473746	-0.046076107	1.691979582	-1.769321822	2.534502489	-0.505604034	0.987962875	-1.00590359
256.8	-0.766473746	-0.046076107	1.691979582	-1.769321822	2.534502489	-0.505604034	0.987962875	-1.00590359
256.9	-0.766473746	-0.046076107	1.691979582	-1.769321822	2.534502489	-0.505604034	0.987962875	-1.00590359
257	-0.766473746	-0.046076107	1.691979582	-1.769321822	2.534502489	-0.505604034	0.987962875	-1.00590359
257.1	-0.766473746	-0.046076107	1.691979582	-1.769321822	2.534502489	-0.505604034	0.987962875	-1.00590359
257.2	-0.766473746	-0.046076107	1.691979582	-1.769321822	2.534502489	-0.505604034	0.987962875	-1.00590359
257.3	-0.766473746	-0.046076107	1.691979582	-1.769321822	2.534502489	-0.505604034	0.987962875	-1.00590359
257.4	-0.766473746	-0.046076107	1.691979582	-1.769321822	2.534502489	-0.505604034	0.987962875	-1.00590359
257.5	-0.766473746	-0.046076107	1.691979582	-1.769321822	2.534502489	-0.505604034	0.987962875	-1.00590359
257.6	-0.766473746	-0.046076107	1.691979582	-1.769321822	2.534502489	-0.505604034	0.987962875	-1.00590359
257.7	-0.766473746	-0.046076107	1.691979582	-1.769321822	2.534502489	-0.505604034	0.987962875	-1.00590359
257.8	-0.766473746	-0.046076107	1.691979582	-1.769321822	2.534502489	-0.505604034	0.987962875	-1.00590359
257.9	-0.766473746	-0.046076107	1.691979582	-1.769321822	2.534502489	-0.505604034	0.987962875	-1.00590359
258	-0.766473746	-0.046076107	1.691979582	-1.769321822	2.534502489	-0.505604034	0.987962875	-1.00590359
258.1	-0.766473746	-0.046076107	1.691979582	-1.769321822	2.534502489	-0.505604034	0.987962875	-1.00590359
258.2	-0.766473746	-0.046076107	1.691979582	-1.769321822	2.534502489	-0.505604034	0.987962875	-1.00590359
258.3	-0.766473746	-0.046076107	1.691979582	-1.769321822	2.534502489	-0.505604034	0.987962875	-1.00590359
258.4	-0.766473746	-0.046076107	1.691979582	-1.769321822	2.534502489	-0.505604034	0.987962875	-1.00590359
258.5	-0.766473746	-0.046076107	1.691979582	-1.769321822	2.534502489	-0.505604034	0.987962875	-1.00590359
258.6	-0.766473746	-0.046076107	1.691979582	-1.769321822	2.534502489	-0.505604034	0.987962875	-1.00590359
258.7	-0.766473746	-0.046076107	1.691979582	-1.769321822	2.534502489	-0.505604034	0.987962875	-1.00590359
258.8	-0.766473746	-0.046076107	1.691979582	-1.769321822	2.534502489	-0.505604034	0.987962875	-1.00590359
258.9	-0.766473746	-0.046076107	1.691979582	-1.769321822	2.534502489	-0.505604034	0.987962875	-1.00590359
259	-0.766473746	-0.046076107	1.691979582	-1.769321822	2.534502489	-0.505604034	0.987962875	-1.00590359
259.1	-1.833262318	-0.389622535	-1.423499545	-1.369112213	0.432942128	-0.333411258	0.330369084	-0.531297419
259.2	-1.833262318	-0.389622535	-1.423499545	-1.369112213	0.432942128	-0.333411258	0.330369084	-0.531297419
259.3	-1.833262318	-0.389622535	-1.423499545	-1.369112213	0.432942128	-0.333411258	0.330369084	-0.531297419
259.4	-1.833262318	-0.389622535	-1.423499545	-1.369112213	0.432942128	-0.333411258	0.330369084	-0.531297419
259.5	-1.833262318	-0.389622535	-1.423499545	-1.369112213	0.432942128	-0.333411258	0.330369084	-0.531297419
259.6	-1.833262318	-0.389622535	-1.423499545	-1.369112213	0.432942128	-0.333411258	0.330369084	-0.531297419
259.7	-1.833262318	-0.389622535	-1.423499545	-1.369112213	0.432942128	-0.333411258	0.330369084	-0.531297419
259.8	-1.833262318	-0.389622535	-1.423499545	-1.369112213	0.432942128	-0.333411258	0.330369084	-0.531297419
259.9	-1.833262318	-0.389622535	-1.423499545	-1.369112213	0.432942128	-0.333411258	0.330369084	-0.531297419
260	-1.833262318	-0.389622535	-1.423499545	-1.369112213	0.432942128	-0.333411258	0.330369084	-0.531297419
260.1	-1.833262318	-0.389622535	-1.423499545	-1.369112213	0.432942128	-0.333411258	0.330369084	-0.531297419
260.2	-1.833262318	-0.389622535	-1.423499545	-1.369112213	0.432942128	-0.333411258	0.330369084	-0.531297419
260.3	-1.833262318	-0.389622535	-1.423499545	-1.369112213	0.432942128	-0.333411258	0.330369084	-0.531297419
260.4	-1.833262318	-0.389622535	-1.423499545	-1.369112213	0.432942128	-0.333411258	0.330369084	-0.531297419
260.5	-1.833262318	-0.389622535	-1.423499545	-1.369112213	0.432942128	-0.333411258	0.330369084	-0.531297419
260.6	-1.833262318	-0.389622535	-1.423499545	-1.369112213	0.432942128	-0.333411258	0.330369084	-0.531297419
260.7	-1.833262318	-0.389622535	-1.423499545	-1.369112213	0.432942128	-0.333411258	0.330369084	-0.531297419
260.8	-1.833262318	-0.389622535	-1.423499545	-1.369112213	0.432942128	-0.333411258	0.330369084	-0.531297419
260.9	-1.833262318	-0.389622535	-1.423499545	-1.369112213	0.432942128	-0.333411258	0.330369084	-0.531297419
261	-1.833262318	-0.389622535	-1.423499545	-1.369112213	0.432942128	-0.333411258	0.330369084	-0.531297419
261.1	-1.833262318	-0.389622535	-1.423499545	-1.369112213	0.432942128	-0.333411258	0.330369084	-0.531297419
261.2	-1.833262318	-0.389622535	-1.423499545	-1.369112213	0.432942128	-0.333411258	0.330369084	-0.531297419
261.3	-1.833262318	-0.389622535	-1.423499545	-1.369112213	0.432942128	-0.333411258	0.330369084	-0.531297419
261.4	-1.833262318	-0.389622535	-1.423499545	-1.369112213	0.432942128	-0.333411258	0.330369084	-0.531297419
261.5	-1.833262318	-0.389622535	-1.423499545	-1.369112213	0.432942128	-0.333411258	0.330369084	-0.531297419
261.6	-1.833262318	-0.389622535	-1.423499545	-1.369112213	0.432942128	-0.333411258	0.330369084	-0.531297419
261.7	-1.833262318	-0.389622535	-1.423499545	-1.369112213	0.432942128	-0.333411258	0.330369084	-0.531297419
261.8	-1.833262318	-0.389622535	-1.423499545	-1.369112213	0.432942128	-0.333411258	0.330369084	-0.531297419
261.9	-1.833262318	-0.389622535	-1.423499545	-1.369112213	0.432942128	-0.333411258	0.330369084	-0.531297419
262	-1.833262318	-0.389622535	-1.423499545	-1.369112213	0.432942128	-0.333411258	0.330369084	-0.531297419
262.1	-1.833262318	-0.389622535	-1.423499545	-1.369112213	0.432942128	-0.333411258	0.330369084	-0.531297419
262.2	-1.833262318	-0.389622535	-1.423499545	-1.369112213	0.432942128	-0.333411258	0.330369084	-0.531297419
262.3	-1.833262318	-0.389622535	-1.423499545	-1.369112213	0.432942128	-0.333411258	0.330369084	-0.531297419
262.4	-1.833262318	-0.389622535	-1.423499545	-1.369112213	0.432942128	-0.333411258	0.330369084	-0.531297419
262.5	-1.833262318	-0.389622535	-1.423499545	-1.369112213	0.432942128	-0.333411258	0.330369084	-0.531297419
262.6	-1.833262318	-0.389622535	-1.423499545	-1.369112213	0.432942128	-0.333411258	0.330369084	-0.531297419
262.7	-1.833262318	-0.389622535	-1.423499545	-1.369112213	0.432942128	-0.333411258	0.330369084	-0.531297419
262.8	-1.833262318	-0.389622535	-1.423499545	-1.369112213	0.432942128	-0.333411258	0.330369084	-0.531297419
262.9	-1.833262318	-0.389622535	-1.423499545	-1.369112213	0.432942128	-0.333411258	0.330369084	-0.531297419
263	-1.833262318	-0.389622535	-1.423499545	-1.369112213	0.432942128	-0.333411258	0.330369084	-0.531297419
263.1	-1.833262318	-0.389622535	-1.423499545	-1.369112213	0.432942128	-0.333411258	0.330369084	-0.531297419
263.2	-1.833262318	-0.389622535	-1.423499545	-1.369112213	0.432942128	-0.333411258	0.330369084	-0.531297419
263.3	-1.833262318	-0.389622535	-1.423499545	-1.369112213	0.432942128	-0.333411258	0.330369084	-0.531297419
263.4	-1.833262318	-0.389622535	-1.423499545	-1.369112213	0.432942128	-0.333411258	0.330369084	-0.531297419
263.5	-1.833262318	-0.389622535	-1.423499545	-1.369112213	0.432942128	-0.333411258	0.330369084	-0.531297419
263.6	-1.833262318	-0.389622535	-1.423499545	-1.369112213	0.432942128	-0.333411258	0.330369084	-0.531297419
263.7	-1.833262318	-0.389622535	-1.423499545	-1.369112213	0.432942128	-0.333411258	0.330369084	-0.531297419
263.8	-1.833262318	-0.389622535	-1.423499545	-1.369112213	0.432942128	-0.333411258	0.330369084	-0.531297419
263.9	-1.833262318	-0.389622535	-1.423499545	-1.369112213	0.432942128	-0.333411258	0.330369084	-0.531297419
264	-1.833262318	-0.389622535	-1.423499545	-1.369112213	0.432942128	-0.333411258	0.330369084	-0.531297419
264.1	-1.833262318	-0.389622535	-1.423499545	-1.369112213	0.432942128	-0.333411258	0.330369084	-0.531297419
264.2	-1.833262318	-0.389622535	-1.423499545	-1.369112213	0.432942128	-0.333411258	0.330369084	-0.531297419
264.3	-1.833262318	-0.389622535	-1.423499545	-1.369112213	0.432942128	-0.333411258	0.330369084	-0.531297419
264.4	-1.833262318	-0.389622535	-1.423499545	-1.369112213	0.432942128	-0.333411258	0.330369084	-0.531297419
264.5	-1.833262318	-0.389622535	-1.423499545	-1.369112213	0.432942128	-0.333411258	0.330369084	-0.531297419
264.6	-1.833262318	-0.389622535	-1.423499545	-1.369112213	0.432942128	-0.333411258	0.330369084	-0.531297419
264.7	-1.833262318	-0.389622535	-1.423499545	-1.369112213	0.432942128	-0.333411258	0.330369084	-0.531297419
264.8	-1.833262318	-0.389622535	-1.423499545	-1.369112213	0.432942128	-0.333411258	0.330369084	-0.531297419
264.9	-1.833262318	-0.389622535	-1.423499545	-1.369112213	0.432942128	-0.333411258	0.330369084	-0.531297419
265	-1.833262318	-0.389622535	-1.423499545	-1.369112213	0.432942128	-0.333411258	0.330369084	-0.531297419
265.1	-1.255380968	0.839680695	-2.049837442	-0.396711451	-0.790232968	0.26010497	1.898150236	-0.47188621
265.2	-1.255380968	0.839680695	-2.049837442	-0.396711451	-0.790232968	0.26010497	1.898150236	-0.47188621
265.3	-1.255380968	0.839680695	-2.049837442	-0.396711451	-0.790232968	0.26010497	1.898150236	-0.47188621
265.4	-1.255380968	0.839680695	-2.049837442	-0.396711451	-0.790232968	0.26010497	1.898150236	-0.47188621
265.5	-1.255380968	0.839680695	-2.049837442	-0.396711451	-0.790232968	0.26010497	1.898150236	-0.47188621
265.6	-1.255380968	0.839680695	-2.049837442	-0.396711451	-0.790232968	0.26010497	1.898150236	-0.47188621
265.7	-1.255380968	0.839680695	-2.049837442	-0.396711451	-0.790232968	0.26010497	1.898150236	-0.47188621
265.8	-1.255380968	0.839680695	-2.049837442	-0.396711451	-0.790232968	0.26010497	1.898150236	-0.47188621
265.9	-1.255380968	0.839680695	-2.049837442	-0.396711451	-0.790232968	0.26010497	1.898150236	-0.47188621
266	-1.255380968	0.839680695	-2.049837442	-0.396711451	-0.790232968	0.26010497	1.898150236	-0.47188621
266.1	-1.255380968	0.839680695	-2.049837442	-0.396711451	-0.790232968	0.26010497	1.898150236	-0.47188621
266.2	-1.255380968	0.839680695	-2.049837442	-0.396711451	-0.790232968	0.26010497	1.898150236	-0.47188621
266.3	-1.255380968	0.839680695	-2.049837442	-0.396711451	-0.790232968	0.26010497	1.898150236	-0.47188621
266.4	-1.255380968	0.839680695	-2.049837442	-0.396711451	-0.790232968	0.26010497	1.898150236	-0.47188621
266.5	-1.255380968	0.839680695	-2.049837442	-0.396711451	-0.790232968	0.26010497	1.898150236	-0.47188621
266.6	-1.255380968	0.839680695	-2.049837442	-0.396711451	-0.790232968	0.26010497	1.898150236	-0.47188621
266.7	-1.255380968	0.839680695	-2.049837442	-0.396711451	-0.790232968	0.26010497	1.898150236	-0.47188621
266.8	-1.255380968	0.839680695	-2.049837442	-0.396711451	-0.790232968	0.26010497	1.898150236	-0.47188621
266.9	-1.255380968	0.839680695	-2.049837442	-0.396711451	-0.790232968	0.26010497	1.898150236	-0.47188621
267	-1.255380968	0.839680695	-2.049837442	-0.396711451	-0.790232968	0.26010497	1.898150236	-0.47188621
267.1	-1.255380968	0.839680695	-2.049837442	-0.396711451	-0.790232968	0.26010497	1.898150236	-0.47188621
267.2	-1.255380968	0.839680695	-2.049837442	-0.396711451	-0.790232968	0.26010497	1.898150236	-0.47188621
267.3	-1.255380968	0.839680695	-2.049837442	-0.396711451	-0.790232968	0.26010497	1.898150236	-0.47188621
267.4	-1.255380968	0.839680695	-2.049837442	-0.396711451	-0.790232968	0.26010497	1.898150236	-0.47188621
267.5	-1.255380968	0.839680695	-2.049837442	-0.396711451	-0.790232968	0.26010497	1.898150236	-0.47188621
267.6	-1.255380968	0.839680695	-2.049837442	-0.396711451	-0.790232968	0.26010497	1.898150236	-0.47188621
267.7	-1.255380968	0.839680695	-2.049837442	-0.396711451	-0.790232968	0.26010497	1.898150236	-0.47188621
267.8	-1.255380968	0.839680695	-2.049837442	-0.396711451	-0.790232968	0.26010497	1.898150236	-0.47188621
267.9	-1.255380968	0.839680695	-2.049837442	-0.396711451	-0.790232968	0.26010497	1.898150236	-0.47188621
268	-1.255380968	0.839680695	-2.049837442	-0.396711451	-0.790232968	0.26010497	1.898150236	-0.47188621
268.1	-1.255380968	0.839680695	-2.049837442	-0.396711451	-0.790232968	0.26010497	1.898150236	-0.47188621
268.2	-1.255380968	0.839680695	-2.049837442	-0.396711451	-0.790232968	0.26010497	1.898150236	-0.47188621
268.3	-1.255380968	0.839680695	-2.049837442	-0.396711451	-0.790232968	0.26010497	1.898150236	-0.47188621
268.4	-1.255380968	0.839680695	-2.049837442	-0.396711451	-0.790232968	0.26010497	1.898150236	-0.47188621
268.5	-1.255380968	0.839680695	-2.049837442	-0.396711451	-0.790232968	0.26010497	1.898150236	-0.47188621
268.6	-1.255380968	0.839680695	-2.049837442	-0.396711451	-0.790232968	0.26010497	1.898150236	-0.47188621
268.7	-1.255380968	0.839680695	-2.049837442	-0.396711451	-0.790232968	0.26010497	1.898150236	-0.47188621
268.8	0.606329388	-0.140761456	0.170636888	0.563065201	-0.410023608	0.015811136	0.542254147	-0.204188114
268.9	0.606329388	-0.140761456	0.170636888	0.563065201	-0.410023608	0.015811136	0.542254147	-0.204188114
269	0.606329388	-0.140761456	0.170636888	0.563065201	-0.410023608	0.015811136	0.542254147	-0.204188114
269.1	0.606329388	-0.140761456	0.170636888	0.563065201	-0.410023608	0.015811136	0.542254147	-0.204188114
269.2	0.606329388	-0.140761456	0.170636888	0.563065201	-0.410023608	0.015811136	0.542254147	-0.204188114
269.3	0.606329388	-0.140761456	0.170636888	0.563065201	-0.410023608	0.015811136	0.542254147	-0.204188114
269.4	0.606329388	-0.140761456	0.170636888	0.563065201	-0.410023608	0.015811136	0.542254147	-0.204188114
269.5	0.606329388	-0.140761456	0.170636888	0.563065201	-0.410023608	0.015811136	0.542254147	-0.204188114
269.6	0.606329388	-0.140761456	0.170636888	0.563065201	-0.410023608	0.015811136	0.542254147	-0.204188114
269.7	0.606329388	-0.140761456	0.170636888	0.563065201	-0.410023608	0.015811136	0.542254147	-0.204188114
269.8	0.606329388	-0.140761456	0.170636888	0.563065201	-0.410023608	0.015811136	0.542254147	-0.204188114
269.9	0.606329388	-0.140761456	0.170636888	0.563065201	-0.410023608	0.015811136	0.542254147	-0.204188114
270	0.606329388	-0.140761456	0.170636888	0.563065201	-0.410023608	0.015811136	0.542254147	-0.204188114
270.1	0.606329388	-0.140761456	0.170636888	0.563065201	-0.410023608	0.015811136	0.542254147	-0.204188114
270.2	0.606329388	-0.140761456	0.170636888	0.563065201	-0.410023608	0.015811136	0.542254147	-0.204188114
270.3	0.606329388	-0.140761456	0.170636888	0.563065201	-0.410023608	0.015811136	0.542254147	-0.204188114
270.4	0.606329388	-0.140761456	0.170636888	0.563065201	-0.410023608	0.015811136	0.542254147	-0.204188114
270.5	0.606329388	-0.140761456	0.170636888	0.563065201	-0.410023608	0.015811136	0.542254147	-0.204188114
270.6	0.606329388	-0.140761456	0.170636888	0.563065201	-0.410023608	0.015811136	0.542254147	-0.204188114
270.7	0.606329388	-0.140761456	0.170636888	0.563065201	-0.410023608	0.015811136	0.542254147	-0.204188114
270.8	0.606329388	-0.140761456	0.170636888	0.563065201	-0.410023608	0.015811136	0.542254147	-0.204188114
270.9	0.606329388	-0.140761456	0.170636888	0.563065201	-0.410023608	0.015811136	0.542254147	-0.204188114
271	0.606329388	-0.140761456	0.170636888	0.563065201	-0.410023608	0.015811136	0.542254147	-0.204188114
271.1	0.606329388	-0.140761456	0.170636888	0.563065201	-0.410023608	0.015811136	0.542254147	-0.204188114
271.2	0.606329388	-0.140761456	0.170636888	0.563065201	-0.410023608	0.015811136	0.542254147	-0.204188114
271.3	0.606329388	-0.140761456	0.170636888	0.563065201	-0.410023608	0.015811136	0.542254147	-0.204188114
271.4	0.606329388	-0.140761456	0.170636888	0.563065201	-0.410023608	0.015811136	0.542254147	-0.204188114
271.5	0.606329388	-0.140761456	0.170636888	0.563065201	-0.410023608	0.015811136	0.542254147	-0.204188114
271.6	0.606329388	-0.140761456	0.170636888	0.563065201	-0.410023608	0.015811136	0.542254147	-0.204188114
271.7	0.606329388	-0.140761456	0.170636888	0.563065201	-0.410023608	0.015811136	0.542254147	-0.204188114
271.8	0.606329388	-0.140761456	0.170636888	0.563065201	-0.410023608	0.015811136	0.542254147	-0.204188114
271.9	0.606329388	-0.140761456	0.170636888	0.563065201	-0.410023608	0.015811136	0.542254147	-0.204188114
272	0.606329388	-0.140761456	0.170636888	0.563065201	-0.410023608	0.015811136	0.542254147	-0.204188114
272.1	0.606329388	-0.140761456	0.170636888	0.563065201	-0.410023608	0.015811136	0.542254147	-0.204188114
272.2	0.606329388	-0.140761456	0.170636888	0.563065201	-0.410023608	0.015811136	0.542254147	-0.204188114
272.3	0.606329388	-0.140761456	0.170636888	0.563065201	-0.410023608	0.015811136	0.542254147	-0.204188114
272.4	0.606329388	-0.140761456	0.170636888	0.563065201	-0.410023608	0.015811136	0.542254147	-0.204188114
272.5	0.606329388	-0.140761456	0.170636888	0.563065201	-0.410023608	0.015811136	0.542254147	-0.204188114
272.6	0.606329388	-0.140761456	0.170636888	0.563065201	-0.410023608	0.015811136	0.542254147	-0.204188114
272.7	0.606329388	-0.140761456	0.170636888	0.563065201	-0.410023608	0.015811136	0.542254147	-0.204188114
272.8	0.606329388	-0.140761456	0.170636888	0.563065201	-0.410023608	0.015811136	0.542254147	-0.204188114
272.9	0.606329388	-0.140761456	0.170636888	0.563065201	-0.410023608	0.015811136	0.542254147	-0.204188114
272.95	0.822347339	-1.32411463	0.110798469	0.845616325	-0.697127282	-0.871430848	-1.748380345	-0.314802983
273	0.822347339	-1.32411463	0.110798469	0.845616325	-0.697127282	-0.871430848	-1.748380345	-0.314802983
273.1	0.822347339	-1.32411463	0.110798469	0.845616325	-0.697127282	-0.871430848	-1.748380345	-0.314802983
273.2	0.822347339	-1.32411463	0.110798469	0.845616325	-0.697127282	-0.871430848	-1.748380345	-0.314802983
273.3	0.822347339	-1.32411463	0.110798469	0.845616325	-0.697127282	-0.871430848	-1.748380345	-0.314802983
273.4	0.822347339	-1.32411463	0.110798469	0.845616325	-0.697127282	-0.871430848	-1.748380345	-0.314802983
273.5	0.822347339	-1.32411463	0.110798469	0.845616325	-0.697127282	-0.871430848	-1.748380345	-0.314802983
273.6	0.822347339	-1.32411463	0.110798469	0.845616325	-0.697127282	-0.871430848	-1.748380345	-0.314802983
273.7	0.822347339	-1.32411463	0.110798469	0.845616325	-0.697127282	-0.871430848	-1.748380345	-0.314802983
273.8	0.822347339	-1.32411463	0.110798469	0.845616325	-0.697127282	-0.871430848	-1.748380345	-0.314802983
273.9	0.822347339	-1.32411463	0.110798469	0.845616325	-0.697127282	-0.871430848	-1.748380345	-0.314802983
274	0.822347339	-1.32411463	0.110798469	0.845616325	-0.697127282	-0.871430848	-1.748380345	-0.314802983
274.1	0.822347339	-1.32411463	0.110798469	0.845616325	-0.697127282	-0.871430848	-1.748380345	-0.314802983
274.2	0.822347339	-1.32411463	0.110798469	0.845616325	-0.697127282	-0.871430848	-1.748380345	-0.314802983
274.3	0.822347339	-1.32411463	0.110798469	0.845616325	-0.697127282	-0.871430848	-1.748380345	-0.314802983
274.4	0.822347339	-1.32411463	0.110798469	0.845616325	-0.697127282	-0.871430848	-1.748380345	-0.314802983
274.5	0.822347339	-1.32411463	0.110798469	0.845616325	-0.697127282	-0.871430848	-1.748380345	-0.314802983
274.6	0.822347339	-1.32411463	0.110798469	0.845616325	-0.697127282	-0.871430848	-1.748380345	-0.314802983
274.7	0.822347339	-1.32411463	0.110798469	0.845616325	-0.697127282	-0.871430848	-1.748380345	-0.314802983
274.8	0.822347339	-1.32411463	0.110798469	0.845616325	-0.697127282	-0.871430848	-1.748380345	-0.314802983
274.9	0.822347339	-1.32411463	0.110798469	0.845616325	-0.697127282	-0.871430848	-1.748380345	-0.314802983
275	0.822347339	-1.32411463	0.110798469	0.845616325	-0.697127282	-0.871430848	-1.748380345	-0.314802983
275.1	0.822347339	-1.32411463	0.110798469	0.845616325	-0.697127282	-0.871430848	-1.748380345	-0.314802983
275.2	0.822347339	-1.32411463	0.110798469	0.845616325	-0.697127282	-0.871430848	-1.748380345	-0.314802983
275.3	0.822347339	-1.32411463	0.110798469	0.845616325	-0.697127282	-0.871430848	-1.748380345	-0.314802983
275.4	0.822347339	-1.32411463	0.110798469	0.845616325	-0.697127282	-0.871430848	-1.748380345	-0.314802983
275.5	0.822347339	-1.32411463	0.110798469	0.845616325	-0.697127282	-0.871430848	-1.748380345	-0.314802983
275.6	0.822347339	-1.32411463	0.110798469	0.845616325	-0.697127282	-0.871430848	-1.748380345	-0.314802983
275.7	0.822347339	-1.32411463	0.110798469	0.845616325	-0.697127282	-0.871430848	-1.748380345	-0.314802983
275.8	0.822347339	-1.32411463	0.110798469	0.845616325	-0.697127282	-0.871430848	-1.748380345	-0.314802983
275.9	0.822347339	-1.32411463	0.110798469	0.845616325	-0.697127282	-0.871430848	-1.748380345	-0.314802983
276	0.822347339	-1.32411463	0.110798469	0.845616325	-0.697127282	-0.871430848	-1.748380345	-0.314802983
276.1	0.822347339	-1.32411463	0.110798469	0.845616325	-0.697127282	-0.871430848	-1.748380345	-0.314802983
276.2	0.822347339	-1.32411463	0.110798469	0.845616325	-0.697127282	-0.871430848	-1.748380345	-0.314802983
276.3	0.822347339	-1.32411463	0.110798469	0.845616325	-0.697127282	-0.871430848	-1.748380345	-0.314802983
276.4	0.822347339	-1.32411463	0.110798469	0.845616325	-0.697127282	-0.871430848	-1.748380345	-0.314802983
276.5	0.822347339	-1.32411463	0.110798469	0.845616325	-0.697127282	-0.871430848	-1.748380345	-0.314802983
276.6	0.822347339	-1.32411463	0.110798469	0.845616325	-0.697127282	-0.871430848	-1.748380345	-0.314802983
276.7	0.822347339	-1.32411463	0.110798469	0.845616325	-0.697127282	-0.871430848	-1.748380345	-0.314802983
276.8	0.822347339	-1.32411463	0.110798469	0.845616325	-0.697127282	-0.871430848	-1.748380345	-0.314802983
276.9	0.822347339	-1.32411463	0.110798469	0.845616325	-0.697127282	-0.871430848	-1.748380345	-0.314802983
277	0.822347339	-1.32411463	0.110798469	0.845616325	-0.697127282	-0.871430848	-1.748380345	-0.314802983
277.1	0.822347339	-1.32411463	0.110798469	0.845616325	-0.697127282	-0.871430848	-1.748380345	-0.314802983
277.2	0.822347339	-1.32411463	0.110798469	0.845616325	-0.697127282	-0.871430848	-1.748380345	-0.314802983
277.3	0.822347339	-1.32411463	0.110798469	0.845616325	-0.697127282	-0.871430848	-1.748380345	-0.314802983
277.4	0.822347339	-1.32411463	0.110798469	0.845616325	-0.697127282	-0.871430848	-1.748380345	-0.314802983
277.5	0.822347339	-1.32411463	0.110798469	0.845616325	-0.697127282	-0.871430848	-1.748380345	-0.314802983
277.6	0.822347339	-1.32411463	0.110798469	0.845616325	-0.697127282	-0.871430848	-1.748380345	-0.314802983
277.7	0.822347339	-1.32411463	0.110798469	0.845616325	-0.697127282	-0.871430848	-1.748380345	-0.314802983
277.8	0.822347339	-1.32411463	0.110798469	0.845616325	-0.697127282	-0.871430848	-1.748380345	-0.314802983
277.9	0.822347339	-1.32411463	0.110798469	0.845616325	-0.697127282	-0.871430848	-1.748380345	-0.314802983
278	0.822347339	-1.32411463	0.110798469	0.845616325	-0.697127282	-0.871430848	-1.748380345	-0.314802983
278.1	0.822347339	-1.32411463	0.110798469	0.845616325	-0.697127282	-0.871430848	-1.748380345	-0.314802983
278.2	0.822347339	-1.32411463	0.110798469	0.845616325	-0.697127282	-0.871430848	-1.748380345	-0.314802983
278.3	0.822347339	-1.32411463	0.110798469	0.845616325	-0.697127282	-0.871430848	-1.748380345	-0.314802983
278.4	0.822347339	-1.32411463	0.110798469	0.845616325	-0.697127282	-0.871430848	-1.748380345	-0.314802983
278.5	0.822347339	-1.32411463	0.110798469	0.845616325	-0.697127282	-0.871430848	-1.748380345	-0.314802983
278.6	0.822347339	-1.32411463	0.110798469	0.845616325	-0.697127282	-0.871430848	-1.748380345	-0.314802983
278.7	0.822347339	-1.32411463	0.110798469	0.845616325	-0.697127282	-0.871430848	-1.748380345	-0.314802983
278.8	0.822347339	-1.32411463	0.110798469	0.845616325	-0.697127282	-0.871430848	-1.748380345	-0.314802983
278.9	0.822347339	-1.32411463	0.110798469	0.845616325	-0.697127282	-0.871430848	-1.748380345	-0.314802983
279	0.822347339	-1.32411463	0.110798469	0.845616325	-0.697127282	-0.871430848	-1.748380345	-0.314802983
279.1	0.822347339	-1.32411463	0.110798469	0.845616325	-0.697127282	-0.871430848	-1.748380345	-0.314802983
279.2	0.822347339	-1.32411463	0.110798469	0.845616325	-0.697127282	-0.871430848	-1.748380345	-0.314802983
279.3	0.822347339	-1.32411463	0.110798469	0.845616325	-0.697127282	-0.871430848	-1.748380345	-0.314802983
279.4	0.822347339	-1.32411463	0.110798469	0.845616325	-0.697127282	-0.871430848	-1.748380345	-0.314802983
279.5	0.822347339	-1.32411463	0.110798469	0.845616325	-0.697127282	-0.871430848	-1.748380345	-0.314802983
279.6	0.822347339	-1.32411463	0.110798469	0.845616325	-0.697127282	-0.871430848	-1.748380345	-0.314802983
279.7	0.822347339	-1.32411463	0.110798469	0.845616325	-0.697127282	-0.871430848	-1.748380345	-0.314802983
279.8	0.822347339	-1.32411463	0.110798469	0.845616325	-0.697127282	-0.871430848	-1.748380345	-0.314802983
279.9	0.822347339	-1.32411463	0.110798469	0.845616325	-0.697127282	-0.871430848	-1.748380345	-0.314802983
280	0.822347339	-1.32411463	0.110798469	0.845616325	-0.697127282	-0.871430848	-1.748380345	-0.314802983
280.1	0.822347339	-1.32411463	0.110798469	0.845616325	-0.697127282	-0.871430848	-1.748380345	-0.314802983
280.2	0.822347339	-1.32411463	0.110798469	0.845616325	-0.697127282	-0.871430848	-1.748380345	-0.314802983
280.3	0.822347339	-1.32411463	0.110798469	0.845616325	-0.697127282	-0.871430848	-1.748380345	-0.314802983
280.4	0.822347339	-1.32411463	0.110798469	0.845616325	-0.697127282	-0.871430848	-1.748380345	-0.314802983
280.5	0.822347339	-1.32411463	0.110798469	0.845616325	-0.697127282	-0.871430848	-1.748380345	-0.314802983
280.6	0.822347339	-1.32411463	0.110798469	0.845616325	-0.697127282	-0.871430848	-1.748380345	-0.314802983
280.7	0.822347339	-1.32411463	0.110798469	0.845616325	-0.697127282	-0.871430848	-1.748380345	-0.314802983
280.8	0.822347339	-1.32411463	0.110798469	0.845616325	-0.697127282	-0.871430848	-1.748380345	-0.314802983
280.9	0.822347339	-1.32411463	0.110798469	0.845616325	-0.697127282	-0.871430848	-1.748380345	-0.314802983
281	0.822347339	-1.32411463	0.110798469	0.845616325	-0.697127282	-0.871430848	-1.748380345	-0.314802983
281.1	0.822347339	-1.32411463	0.110798469	0.845616325	-0.697127282	-0.871430848	-1.748380345	-0.314802983
281.2	0.822347339	-1.32411463	0.110798469	0.845616325	-0.697127282	-0.871430848	-1.748380345	-0.314802983
281.3	0.822347339	-1.32411463	0.110798469	0.845616325	-0.697127282	-0.871430848	-1.748380345	-0.314802983
281.4	0.822347339	-1.32411463	0.110798469	0.845616325	-0.697127282	-0.871430848	-1.748380345	-0.314802983
281.5	0.822347339	-1.32411463	0.110798469	0.845616325	-0.697127282	-0.871430848	-1.748380345	-0.314802983
281.6	0.822347339	-1.32411463	0.110798469	0.845616325	-0.697127282	-0.871430848	-1.748380345	-0.314802983
281.7	0.822347339	-1.32411463	0.110798469	0.845616325	-0.697127282	-0.871430848	-1.748380345	-0.314802983
281.8	0.822347339	-1.32411463	0.110798469	0.845616325	-0.697127282	-0.871430848	-1.748380345	-0.314802983
281.9	0.822347339	-1.32411463	0.110798469	0.845616325	-0.697127282	-0.871430848	-1.748380345	-0.314802983
282	0.822347339	-1.32411463	0.110798469	0.845616325	-0.697127282	-0.871430848	-1.748380345	-0.314802983
282.1	0.822347339	-1.32411463	0.110798469	0.845616325	-0.697127282	-0.871430848	-1.748380345	-0.314802983
282.2	0.822347339	-1.32411463	0.110798469	0.845616325	-0.697127282	-0.871430848	-1.748380345	-0.314802983
282.3	0.822347339	-1.32411463	0.110798469	0.845616325	-0.697127282	-0.871430848	-1.748380345	-0.314802983
282.4	0.822347339	-1.32411463	0.110798469	0.845616325	-0.697127282	-0.871430848	-1.748380345	-0.314802983
282.5	0.822347339	-1.32411463	0.110798469	0.845616325	-0.697127282	-0.871430848	-1.748380345	-0.314802983
282.6	0.822347339	-1.32411463	0.110798469	0.845616325	-0.697127282	-0.871430848	-1.748380345	-0.314802983
282.7	0.822347339	-1.32411463	0.110798469	0.845616325	-0.697127282	-0.871430848	-1.748380345	-0.314802983
282.8	0.822347339	-1.32411463	0.110798469	0.845616325	-0.697127282	-0.871430848	-1.748380345	-0.314802983
282.9	0.822347339	-1.32411463	0.110798469	0.845616325	-0.697127282	-0.871430848	-1.748380345	-0.314802983
283	0.822347339	-1.32411463	0.110798469	0.845616325	-0.697127282	-0.871430848	-1.748380345	-0.314802983
283.1	0.822347339	-1.32411463	0.110798469	0.845616325	-0.697127282	-0.871430848	-1.748380345	-0.314802983
283.2	0.822347339	-1.32411463	0.110798469	0.845616325	-0.697127282	-0.871430848	-1.748380345	-0.314802983
283.3	0.822347339	-1.32411463	0.110798469	0.845616325	-0.697127282	-0.871430848	-1.748380345	-0.314802983
283.4	0.822347339	-1.32411463	0.110798469	0.845616325	-0.697127282	-0.871430848	-1.748380345	-0.314802983
283.5	1.338319205	-1.667559157	0.618942645	1.264485545	-0.788961814	-1.343779767	-1.810145641	-0.849676723
283.6	1.338319205	-1.667559157	0.618942645	1.264485545	-0.788961814	-1.343779767	-1.810145641	-0.849676723
283.7	1.338319205	-1.667559157	0.618942645	1.264485545	-0.788961814	-1.343779767	-1.810145641	-0.849676723
283.8	1.338319205	-1.667559157	0.618942645	1.264485545	-0.788961814	-1.343779767	-1.810145641	-0.849676723
283.9	1.338319205	-1.667559157	0.618942645	1.264485545	-0.788961814	-1.343779767	-1.810145641	-0.849676723
284	1.338319205	-1.667559157	0.618942645	1.264485545	-0.788961814	-1.343779767	-1.810145641	-0.849676723
284.1	1.338319205	-1.667559157	0.618942645	1.264485545	-0.788961814	-1.343779767	-1.810145641	-0.849676723
284.2	1.338319205	-1.667559157	0.618942645	1.264485545	-0.788961814	-1.343779767	-1.810145641	-0.849676723
284.3	1.338319205	-1.667559157	0.618942645	1.264485545	-0.788961814	-1.343779767	-1.810145641	-0.849676723
284.4	1.338319205	-1.667559157	0.618942645	1.264485545	-0.788961814	-1.343779767	-1.810145641	-0.849676723
284.5	1.338319205	-1.667559157	0.618942645	1.264485545	-0.788961814	-1.343779767	-1.810145641	-0.849676723
284.6	1.338319205	-1.667559157	0.618942645	1.264485545	-0.788961814	-1.343779767	-1.810145641	-0.849676723
284.7	1.338319205	-1.667559157	0.618942645	1.264485545	-0.788961814	-1.343779767	-1.810145641	-0.849676723
284.8	1.338319205	-1.667559157	0.618942645	1.264485545	-0.788961814	-1.343779767	-1.810145641	-0.849676723
284.9	1.338319205	-1.667559157	0.618942645	1.264485545	-0.788961814	-1.343779767	-1.810145641	-0.849676723
285	1.338319205	-1.667559157	0.618942645	1.264485545	-0.788961814	-1.343779767	-1.810145641	-0.849676723
285.1	1.338319205	-1.667559157	0.618942645	1.264485545	-0.788961814	-1.343779767	-1.810145641	-0.849676723
285.2	1.338319205	-1.667559157	0.618942645	1.264485545	-0.788961814	-1.343779767	-1.810145641	-0.849676723
285.3	1.338319205	-1.667559157	0.618942645	1.264485545	-0.788961814	-1.343779767	-1.810145641	-0.849676723
285.4	1.338319205	-1.667559157	0.618942645	1.264485545	-0.788961814	-1.343779767	-1.810145641	-0.849676723
285.5	1.338319205	-1.667559157	0.618942645	1.264485545	-0.788961814	-1.343779767	-1.810145641	-0.849676723
285.6	1.338319205	-1.667559157	0.618942645	1.264485545	-0.788961814	-1.343779767	-1.810145641	-0.849676723
285.7	1.338319205	-1.667559157	0.618942645	1.264485545	-0.788961814	-1.343779767	-1.810145641	-0.849676723
285.8	1.338319205	-1.667559157	0.618942645	1.264485545	-0.788961814	-1.343779767	-1.810145641	-0.849676723
285.9	1.338319205	-1.667559157	0.618942645	1.264485545	-0.788961814	-1.343779767	-1.810145641	-0.849676723
286	1.338319205	-1.667559157	0.618942645	1.264485545	-0.788961814	-1.343779767	-1.810145641	-0.849676723
286.1	1.338319205	-1.667559157	0.618942645	1.264485545	-0.788961814	-1.343779767	-1.810145641	-0.849676723
286.2	1.338319205	-1.667559157	0.618942645	1.264485545	-0.788961814	-1.343779767	-1.810145641	-0.849676723
286.3	1.338319205	-1.667559157	0.618942645	1.264485545	-0.788961814	-1.343779767	-1.810145641	-0.849676723
286.4	1.338319205	-1.667559157	0.618942645	1.264485545	-0.788961814	-1.343779767	-1.810145641	-0.849676723
286.5	1.338319205	-1.667559157	0.618942645	1.264485545	-0.788961814	-1.343779767	-1.810145641	-0.849676723
286.6	1.338319205	-1.667559157	0.618942645	1.264485545	-0.788961814	-1.343779767	-1.810145641	-0.849676723
286.7	1.338319205	-1.667559157	0.618942645	1.264485545	-0.788961814	-1.343779767	-1.810145641	-0.849676723
286.8	1.338319205	-1.667559157	0.618942645	1.264485545	-0.788961814	-1.343779767	-1.810145641	-0.849676723
286.9	1.338319205	-1.667559157	0.618942645	1.264485545	-0.788961814	-1.343779767	-1.810145641	-0.849676723
287	1.338319205	-1.667559157	0.618942645	1.264485545	-0.788961814	-1.343779767	-1.810145641	-0.849676723
287.1	1.338319205	-1.667559157	0.618942645	1.264485545	-0.788961814	-1.343779767	-1.810145641	-0.849676723
287.2	1.338319205	-1.667559157	0.618942645	1.264485545	-0.788961814	-1.343779767	-1.810145641	-0.849676723
287.3	1.338319205	-1.667559157	0.618942645	1.264485545	-0.788961814	-1.343779767	-1.810145641	-0.849676723
287.4	1.338319205	-1.667559157	0.618942645	1.264485545	-0.788961814	-1.343779767	-1.810145641	-0.849676723
287.5	1.338319205	-1.667559157	0.618942645	1.264485545	-0.788961814	-1.343779767	-1.810145641	-0.849676723
287.6	1.338319205	-1.667559157	0.618942645	1.264485545	-0.788961814	-1.343779767	-1.810145641	-0.849676723
287.7	1.338319205	-1.667559157	0.618942645	1.264485545	-0.788961814	-1.343779767	-1.810145641	-0.849676723
287.8	1.338319205	-1.667559157	0.618942645	1.264485545	-0.788961814	-1.343779767	-1.810145641	-0.849676723
287.9	1.338319205	-1.667559157	0.618942645	1.264485545	-0.788961814	-1.343779767	-1.810145641	-0.849676723
288	1.338319205	-1.667559157	0.618942645	1.264485545	-0.788961814	-1.343779767	-1.810145641	-0.849676723
288.1	1.338319205	-1.667559157	0.618942645	1.264485545	-0.788961814	-1.343779767	-1.810145641	-0.849676723
288.2	1.338319205	-1.667559157	0.618942645	1.264485545	-0.788961814	-1.343779767	-1.810145641	-0.849676723
288.3	1.338319205	-1.667559157	0.618942645	1.264485545	-0.788961814	-1.343779767	-1.810145641	-0.849676723
288.4	1.338319205	-1.667559157	0.618942645	1.264485545	-0.788961814	-1.343779767	-1.810145641	-0.849676723
288.5	1.338319205	-1.667559157	0.618942645	1.264485545	-0.788961814	-1.343779767	-1.810145641	-0.849676723
288.6	1.338319205	-1.667559157	0.618942645	1.264485545	-0.788961814	-1.343779767	-1.810145641	-0.849676723
288.7	1.338319205	-1.667559157	0.618942645	1.264485545	-0.788961814	-1.343779767	-1.810145641	-0.849676723
288.8	1.338319205	-1.667559157	0.618942645	1.264485545	-0.788961814	-1.343779767	-1.810145641	-0.849676723
288.9	1.338319205	-1.667559157	0.618942645	1.264485545	-0.788961814	-1.343779767	-1.810145641	-0.849676723
289	1.338319205	-1.667559157	0.618942645	1.264485545	-0.788961814	-1.343779767	-1.810145641	-0.849676723
289.1	1.338319205	-1.667559157	0.618942645	1.264485545	-0.788961814	-1.343779767	-1.810145641	-0.849676723
289.2	1.338319205	-1.667559157	0.618942645	1.264485545	-0.788961814	-1.343779767	-1.810145641	-0.849676723
289.3	1.338319205	-1.667559157	0.618942645	1.264485545	-0.788961814	-1.343779767	-1.810145641	-0.849676723
289.4	1.338319205	-1.667559157	0.618942645	1.264485545	-0.788961814	-1.343779767	-1.810145641	-0.849676723
289.5	1.338319205	-1.667559157	0.618942645	1.264485545	-0.788961814	-1.343779767	-1.810145641	-0.849676723
289.6	1.338319205	-1.667559157	0.618942645	1.264485545	-0.788961814	-1.343779767	-1.810145641	-0.849676723
289.7	1.338319205	-1.667559157	0.618942645	1.264485545	-0.788961814	-1.343779767	-1.810145641	-0.849676723
289.8	1.338319205	-1.667559157	0.618942645	1.264485545	-0.788961814	-1.343779767	-1.810145641	-0.849676723
289.9	1.338319205	-1.667559157	0.618942645	1.264485545	-0.788961814	-1.343779767	-1.810145641	-0.849676723
290	1.338319205	-1.667559157	0.618942645	1.264485545	-0.788961814	-1.343779767	-1.810145641	-0.849676723
290.1	1.338319205	-1.667559157	0.618942645	1.264485545	-0.788961814	-1.343779767	-1.810145641	-0.849676723
290.2	1.338319205	-1.667559157	0.618942645	1.264485545	-0.788961814	-1.343779767	-1.810145641	-0.849676723
290.3	1.338319205	-1.667559157	0.618942645	1.264485545	-0.788961814	-1.343779767	-1.810145641	-0.849676723
290.4	1.338319205	-1.667559157	0.618942645	1.264485545	-0.788961814	-1.343779767	-1.810145641	-0.849676723
290.5	1.338319205	-1.667559157	0.618942645	1.264485545	-0.788961814	-1.343779767	-1.810145641	-0.849676723
290.6	1.338319205	-1.667559157	0.618942645	1.264485545	-0.788961814	-1.343779767	-1.810145641	-0.849676723
290.7	1.338319205	-1.667559157	0.618942645	1.264485545	-0.788961814	-1.343779767	-1.810145641	-0.849676723
290.8	1.338319205	-1.667559157	0.618942645	1.264485545	-0.788961814	-1.343779767	-1.810145641	-0.849676723
290.9	1.338319205	-1.667559157	0.618942645	1.264485545	-0.788961814	-1.343779767	-1.810145641	-0.849676723
291	1.338319205	-1.667559157	0.618942645	1.264485545	-0.788961814	-1.343779767	-1.810145641	-0.849676723
291.1	1.338319205	-1.667559157	0.618942645	1.264485545	-0.788961814	-1.343779767	-1.810145641	-0.849676723
291.2	1.338319205	-1.667559157	0.618942645	1.264485545	-0.788961814	-1.343779767	-1.810145641	-0.849676723
291.3	1.338319205	-1.667559157	0.618942645	1.264485545	-0.788961814	-1.343779767	-1.810145641	-0.849676723
291.4	1.338319205	-1.667559157	0.618942645	1.264485545	-0.788961814	-1.343779767	-1.810145641	-0.849676723
291.5	1.338319205	-1.667559157	0.618942645	1.264485545	-0.788961814	-1.343779767	-1.810145641	-0.849676723
291.6	1.338319205	-1.667559157	0.618942645	1.264485545	-0.788961814	-1.343779767	-1.810145641	-0.849676723
291.7	1.338319205	-1.667559157	0.618942645	1.264485545	-0.788961814	-1.343779767	-1.810145641	-0.849676723
291.8	1.338319205	-1.667559157	0.618942645	1.264485545	-0.788961814	-1.343779767	-1.810145641	-0.849676723
291.9	1.338319205	-1.667559157	0.618942645	1.264485545	-0.788961814	-1.343779767	-1.810145641	-0.849676723
292	1.338319205	-1.667559157	0.618942645	1.264485545	-0.788961814	-1.343779767	-1.810145641	-0.849676723
292.1	1.338319205	-1.667559157	0.618942645	1.264485545	-0.788961814	-1.343779767	-1.810145641	-0.849676723
292.2	1.338319205	-1.667559157	0.618942645	1.264485545	-0.788961814	-1.343779767	-1.810145641	-0.849676723
292.3	1.338319205	-1.667559157	0.618942645	1.264485545	-0.788961814	-1.343779767	-1.810145641	-0.849676723
292.4	1.338319205	-1.667559157	0.618942645	1.264485545	-0.788961814	-1.343779767	-1.810145641	-0.849676723
292.5	1.338319205	-1.667559157	0.618942645	1.264485545	-0.788961814	-1.343779767	-1.810145641	-0.849676723
292.6	1.338319205	-1.667559157	0.618942645	1.264485545	-0.788961814	-1.343779767	-1.810145641	-0.849676723
292.7	1.338319205	-1.667559157	0.618942645	1.264485545	-0.788961814	-1.343779767	-1.810145641	-0.849676723
292.8	1.338319205	-1.667559157	0.618942645	1.264485545	-0.788961814	-1.343779767	-1.810145641	-0.849676723
292.9	1.338319205	-1.667559157	0.618942645	1.264485545	-0.788961814	-1.343779767	-1.810145641	-0.849676723
293	1.338319205	-1.667559157	0.618942645	1.264485545	-0.788961814	-1.343779767	-1.810145641	-0.849676723
293.1	1.338319205	-1.667559157	0.618942645	1.264485545	-0.788961814	-1.343779767	-1.810145641	-0.849676723
293.2	1.338319205	-1.667559157	0.618942645	1.264485545	-0.788961814	-1.343779767	-1.810145641	-0.849676723
293.3	1.338319205	-1.667559157	0.618942645	1.264485545	-0.788961814	-1.343779767	-1.810145641	-0.849676723
293.4	1.338319205	-1.667559157	0.618942645	1.264485545	-0.788961814	-1.343779767	-1.810145641	-0.849676723
293.5	1.338319205	-1.667559157	0.618942645	1.264485545	-0.788961814	-1.343779767	-1.810145641	-0.849676723
293.52	-0.376663572	2.655796018	-1.252281141	0.225201016	-0.902483815	2.75642069	1.748790818	2.550479943
