Time	mat_z_trans	map_z_trans	wmm_z_trans	cmm_z_trans	wmmcmm_z_trans	wetmon_z_trans	drymon_z_trans	wetdry_z_trans
201.3	1.030602746	1.929754138	0.88802512	0.620071778	-0.123821317	2.919458933	0.99288895	3.225504834
201.4	1.030602746	1.929754138	0.88802512	0.620071778	-0.123821317	2.919458933	0.99288895	3.225504834
201.5	1.030602746	1.929754138	0.88802512	0.620071778	-0.123821317	2.919458933	0.99288895	3.225504834
201.6	1.030602746	1.929754138	0.88802512	0.620071778	-0.123821317	2.919458933	0.99288895	3.225504834
201.7	1.030602746	1.929754138	0.88802512	0.620071778	-0.123821317	2.919458933	0.99288895	3.225504834
201.8	1.030602746	1.929754138	0.88802512	0.620071778	-0.123821317	2.919458933	0.99288895	3.225504834
201.9	1.030602746	1.929754138	0.88802512	0.620071778	-0.123821317	2.919458933	0.99288895	3.225504834
202	1.030602746	1.929754138	0.88802512	0.620071778	-0.123821317	2.919458933	0.99288895	3.225504834
202.1	1.030602746	1.929754138	0.88802512	0.620071778	-0.123821317	2.919458933	0.99288895	3.225504834
202.2	1.030602746	1.929754138	0.88802512	0.620071778	-0.123821317	2.919458933	0.99288895	3.225504834
202.3	1.030602746	1.929754138	0.88802512	0.620071778	-0.123821317	2.919458933	0.99288895	3.225504834
202.4	1.030602746	1.929754138	0.88802512	0.620071778	-0.123821317	2.919458933	0.99288895	3.225504834
202.5	1.030602746	1.929754138	0.88802512	0.620071778	-0.123821317	2.919458933	0.99288895	3.225504834
202.6	1.030602746	1.929754138	0.88802512	0.620071778	-0.123821317	2.919458933	0.99288895	3.225504834
202.7	1.030602746	1.929754138	0.88802512	0.620071778	-0.123821317	2.919458933	0.99288895	3.225504834
202.8	1.030602746	1.929754138	0.88802512	0.620071778	-0.123821317	2.919458933	0.99288895	3.225504834
202.9	1.030602746	1.929754138	0.88802512	0.620071778	-0.123821317	2.919458933	0.99288895	3.225504834
203	1.030602746	1.929754138	0.88802512	0.620071778	-0.123821317	2.919458933	0.99288895	3.225504834
203.1	1.030602746	1.929754138	0.88802512	0.620071778	-0.123821317	2.919458933	0.99288895	3.225504834
203.2	1.030602746	1.929754138	0.88802512	0.620071778	-0.123821317	2.919458933	0.99288895	3.225504834
203.3	1.030602746	1.929754138	0.88802512	0.620071778	-0.123821317	2.919458933	0.99288895	3.225504834
203.4	1.030602746	1.929754138	0.88802512	0.620071778	-0.123821317	2.919458933	0.99288895	3.225504834
203.5	1.030602746	1.929754138	0.88802512	0.620071778	-0.123821317	2.919458933	0.99288895	3.225504834
203.6	1.030602746	1.929754138	0.88802512	0.620071778	-0.123821317	2.919458933	0.99288895	3.225504834
203.7	1.030602746	1.929754138	0.88802512	0.620071778	-0.123821317	2.919458933	0.99288895	3.225504834
203.8	1.030602746	1.929754138	0.88802512	0.620071778	-0.123821317	2.919458933	0.99288895	3.225504834
203.9	1.030602746	1.929754138	0.88802512	0.620071778	-0.123821317	2.919458933	0.99288895	3.225504834
204	1.030602746	1.929754138	0.88802512	0.620071778	-0.123821317	2.919458933	0.99288895	3.225504834
204.1	1.030602746	1.929754138	0.88802512	0.620071778	-0.123821317	2.919458933	0.99288895	3.225504834
204.2	1.030602746	1.929754138	0.88802512	0.620071778	-0.123821317	2.919458933	0.99288895	3.225504834
204.3	1.030602746	1.929754138	0.88802512	0.620071778	-0.123821317	2.919458933	0.99288895	3.225504834
204.4	1.030602746	1.929754138	0.88802512	0.620071778	-0.123821317	2.919458933	0.99288895	3.225504834
204.5	1.030602746	1.929754138	0.88802512	0.620071778	-0.123821317	2.919458933	0.99288895	3.225504834
204.6	1.030602746	1.929754138	0.88802512	0.620071778	-0.123821317	2.919458933	0.99288895	3.225504834
204.7	1.030602746	1.929754138	0.88802512	0.620071778	-0.123821317	2.919458933	0.99288895	3.225504834
204.8	1.030602746	1.929754138	0.88802512	0.620071778	-0.123821317	2.919458933	0.99288895	3.225504834
204.9	1.030602746	1.929754138	0.88802512	0.620071778	-0.123821317	2.919458933	0.99288895	3.225504834
205	1.030602746	1.929754138	0.88802512	0.620071778	-0.123821317	2.919458933	0.99288895	3.225504834
205.1	1.030602746	1.929754138	0.88802512	0.620071778	-0.123821317	2.919458933	0.99288895	3.225504834
205.2	1.030602746	1.929754138	0.88802512	0.620071778	-0.123821317	2.919458933	0.99288895	3.225504834
205.3	1.030602746	1.929754138	0.88802512	0.620071778	-0.123821317	2.919458933	0.99288895	3.225504834
205.4	1.030602746	1.929754138	0.88802512	0.620071778	-0.123821317	2.919458933	0.99288895	3.225504834
205.5	1.030602746	1.929754138	0.88802512	0.620071778	-0.123821317	2.919458933	0.99288895	3.225504834
205.6	1.030602746	1.929754138	0.88802512	0.620071778	-0.123821317	2.919458933	0.99288895	3.225504834
205.7	1.030602746	1.929754138	0.88802512	0.620071778	-0.123821317	2.919458933	0.99288895	3.225504834
205.8	1.030602746	1.929754138	0.88802512	0.620071778	-0.123821317	2.919458933	0.99288895	3.225504834
205.9	1.030602746	1.929754138	0.88802512	0.620071778	-0.123821317	2.919458933	0.99288895	3.225504834
206	1.030602746	1.929754138	0.88802512	0.620071778	-0.123821317	2.919458933	0.99288895	3.225504834
206.1	1.030602746	1.929754138	0.88802512	0.620071778	-0.123821317	2.919458933	0.99288895	3.225504834
206.2	1.030602746	1.929754138	0.88802512	0.620071778	-0.123821317	2.919458933	0.99288895	3.225504834
206.3	1.030602746	1.929754138	0.88802512	0.620071778	-0.123821317	2.919458933	0.99288895	3.225504834
206.4	1.030602746	1.929754138	0.88802512	0.620071778	-0.123821317	2.919458933	0.99288895	3.225504834
206.5	1.030602746	1.929754138	0.88802512	0.620071778	-0.123821317	2.919458933	0.99288895	3.225504834
206.6	1.030602746	1.929754138	0.88802512	0.620071778	-0.123821317	2.919458933	0.99288895	3.225504834
206.7	1.030602746	1.929754138	0.88802512	0.620071778	-0.123821317	2.919458933	0.99288895	3.225504834
206.8	1.030602746	1.929754138	0.88802512	0.620071778	-0.123821317	2.919458933	0.99288895	3.225504834
206.9	1.030602746	1.929754138	0.88802512	0.620071778	-0.123821317	2.919458933	0.99288895	3.225504834
207	1.030602746	1.929754138	0.88802512	0.620071778	-0.123821317	2.919458933	0.99288895	3.225504834
207.1	1.030602746	1.929754138	0.88802512	0.620071778	-0.123821317	2.919458933	0.99288895	3.225504834
207.2	1.030602746	1.929754138	0.88802512	0.620071778	-0.123821317	2.919458933	0.99288895	3.225504834
207.3	1.030602746	1.929754138	0.88802512	0.620071778	-0.123821317	2.919458933	0.99288895	3.225504834
207.4	1.030602746	1.929754138	0.88802512	0.620071778	-0.123821317	2.919458933	0.99288895	3.225504834
207.5	1.030602746	1.929754138	0.88802512	0.620071778	-0.123821317	2.919458933	0.99288895	3.225504834
207.6	1.030602746	1.929754138	0.88802512	0.620071778	-0.123821317	2.919458933	0.99288895	3.225504834
207.7	1.030602746	1.929754138	0.88802512	0.620071778	-0.123821317	2.919458933	0.99288895	3.225504834
207.8	1.030602746	1.929754138	0.88802512	0.620071778	-0.123821317	2.919458933	0.99288895	3.225504834
207.9	1.030602746	1.929754138	0.88802512	0.620071778	-0.123821317	2.919458933	0.99288895	3.225504834
208	1.030602746	1.929754138	0.88802512	0.620071778	-0.123821317	2.919458933	0.99288895	3.225504834
208.1	1.030602746	1.929754138	0.88802512	0.620071778	-0.123821317	2.919458933	0.99288895	3.225504834
208.2	1.030602746	1.929754138	0.88802512	0.620071778	-0.123821317	2.919458933	0.99288895	3.225504834
208.3	1.030602746	1.929754138	0.88802512	0.620071778	-0.123821317	2.919458933	0.99288895	3.225504834
208.4	1.030602746	1.929754138	0.88802512	0.620071778	-0.123821317	2.919458933	0.99288895	3.225504834
208.5	0.825376907	-0.776212986	1.145625354	0.239216809	0.295842048	-1.013081904	-0.783552859	-0.79955166
208.6	0.825376907	-0.776212986	1.145625354	0.239216809	0.295842048	-1.013081904	-0.783552859	-0.79955166
208.7	0.825376907	-0.776212986	1.145625354	0.239216809	0.295842048	-1.013081904	-0.783552859	-0.79955166
208.8	0.825376907	-0.776212986	1.145625354	0.239216809	0.295842048	-1.013081904	-0.783552859	-0.79955166
208.9	0.825376907	-0.776212986	1.145625354	0.239216809	0.295842048	-1.013081904	-0.783552859	-0.79955166
209	0.825376907	-0.776212986	1.145625354	0.239216809	0.295842048	-1.013081904	-0.783552859	-0.79955166
209.1	0.825376907	-0.776212986	1.145625354	0.239216809	0.295842048	-1.013081904	-0.783552859	-0.79955166
209.2	0.825376907	-0.776212986	1.145625354	0.239216809	0.295842048	-1.013081904	-0.783552859	-0.79955166
209.3	0.825376907	-0.776212986	1.145625354	0.239216809	0.295842048	-1.013081904	-0.783552859	-0.79955166
209.4	0.825376907	-0.776212986	1.145625354	0.239216809	0.295842048	-1.013081904	-0.783552859	-0.79955166
209.5	0.825376907	-0.776212986	1.145625354	0.239216809	0.295842048	-1.013081904	-0.783552859	-0.79955166
209.6	0.825376907	-0.776212986	1.145625354	0.239216809	0.295842048	-1.013081904	-0.783552859	-0.79955166
209.7	0.825376907	-0.776212986	1.145625354	0.239216809	0.295842048	-1.013081904	-0.783552859	-0.79955166
209.8	0.825376907	-0.776212986	1.145625354	0.239216809	0.295842048	-1.013081904	-0.783552859	-0.79955166
209.9	0.825376907	-0.776212986	1.145625354	0.239216809	0.295842048	-1.013081904	-0.783552859	-0.79955166
210	0.825376907	-0.776212986	1.145625354	0.239216809	0.295842048	-1.013081904	-0.783552859	-0.79955166
210.1	0.825376907	-0.776212986	1.145625354	0.239216809	0.295842048	-1.013081904	-0.783552859	-0.79955166
210.2	0.825376907	-0.776212986	1.145625354	0.239216809	0.295842048	-1.013081904	-0.783552859	-0.79955166
210.3	0.825376907	-0.776212986	1.145625354	0.239216809	0.295842048	-1.013081904	-0.783552859	-0.79955166
210.4	0.825376907	-0.776212986	1.145625354	0.239216809	0.295842048	-1.013081904	-0.783552859	-0.79955166
210.5	0.825376907	-0.776212986	1.145625354	0.239216809	0.295842048	-1.013081904	-0.783552859	-0.79955166
210.6	0.825376907	-0.776212986	1.145625354	0.239216809	0.295842048	-1.013081904	-0.783552859	-0.79955166
210.7	0.825376907	-0.776212986	1.145625354	0.239216809	0.295842048	-1.013081904	-0.783552859	-0.79955166
210.8	0.825376907	-0.776212986	1.145625354	0.239216809	0.295842048	-1.013081904	-0.783552859	-0.79955166
210.9	0.825376907	-0.776212986	1.145625354	0.239216809	0.295842048	-1.013081904	-0.783552859	-0.79955166
211	0.825376907	-0.776212986	1.145625354	0.239216809	0.295842048	-1.013081904	-0.783552859	-0.79955166
211.1	0.825376907	-0.776212986	1.145625354	0.239216809	0.295842048	-1.013081904	-0.783552859	-0.79955166
211.2	0.825376907	-0.776212986	1.145625354	0.239216809	0.295842048	-1.013081904	-0.783552859	-0.79955166
211.3	0.825376907	-0.776212986	1.145625354	0.239216809	0.295842048	-1.013081904	-0.783552859	-0.79955166
211.4	0.825376907	-0.776212986	1.145625354	0.239216809	0.295842048	-1.013081904	-0.783552859	-0.79955166
211.5	0.825376907	-0.776212986	1.145625354	0.239216809	0.295842048	-1.013081904	-0.783552859	-0.79955166
211.6	0.825376907	-0.776212986	1.145625354	0.239216809	0.295842048	-1.013081904	-0.783552859	-0.79955166
211.7	0.825376907	-0.776212986	1.145625354	0.239216809	0.295842048	-1.013081904	-0.783552859	-0.79955166
211.8	0.825376907	-0.776212986	1.145625354	0.239216809	0.295842048	-1.013081904	-0.783552859	-0.79955166
211.9	0.825376907	-0.776212986	1.145625354	0.239216809	0.295842048	-1.013081904	-0.783552859	-0.79955166
212	0.825376907	-0.776212986	1.145625354	0.239216809	0.295842048	-1.013081904	-0.783552859	-0.79955166
212.1	0.825376907	-0.776212986	1.145625354	0.239216809	0.295842048	-1.013081904	-0.783552859	-0.79955166
212.2	0.825376907	-0.776212986	1.145625354	0.239216809	0.295842048	-1.013081904	-0.783552859	-0.79955166
212.3	0.825376907	-0.776212986	1.145625354	0.239216809	0.295842048	-1.013081904	-0.783552859	-0.79955166
212.4	0.825376907	-0.776212986	1.145625354	0.239216809	0.295842048	-1.013081904	-0.783552859	-0.79955166
212.5	0.825376907	-0.776212986	1.145625354	0.239216809	0.295842048	-1.013081904	-0.783552859	-0.79955166
212.6	0.825376907	-0.776212986	1.145625354	0.239216809	0.295842048	-1.013081904	-0.783552859	-0.79955166
212.7	0.825376907	-0.776212986	1.145625354	0.239216809	0.295842048	-1.013081904	-0.783552859	-0.79955166
212.8	0.825376907	-0.776212986	1.145625354	0.239216809	0.295842048	-1.013081904	-0.783552859	-0.79955166
212.9	0.825376907	-0.776212986	1.145625354	0.239216809	0.295842048	-1.013081904	-0.783552859	-0.79955166
213	0.825376907	-0.776212986	1.145625354	0.239216809	0.295842048	-1.013081904	-0.783552859	-0.79955166
213.1	0.825376907	-0.776212986	1.145625354	0.239216809	0.295842048	-1.013081904	-0.783552859	-0.79955166
213.2	0.825376907	-0.776212986	1.145625354	0.239216809	0.295842048	-1.013081904	-0.783552859	-0.79955166
213.3	0.825376907	-0.776212986	1.145625354	0.239216809	0.295842048	-1.013081904	-0.783552859	-0.79955166
213.4	0.825376907	-0.776212986	1.145625354	0.239216809	0.295842048	-1.013081904	-0.783552859	-0.79955166
213.5	0.825376907	-0.776212986	1.145625354	0.239216809	0.295842048	-1.013081904	-0.783552859	-0.79955166
213.6	0.825376907	-0.776212986	1.145625354	0.239216809	0.295842048	-1.013081904	-0.783552859	-0.79955166
213.7	0.825376907	-0.776212986	1.145625354	0.239216809	0.295842048	-1.013081904	-0.783552859	-0.79955166
213.8	0.825376907	-0.776212986	1.145625354	0.239216809	0.295842048	-1.013081904	-0.783552859	-0.79955166
213.9	0.825376907	-0.776212986	1.145625354	0.239216809	0.295842048	-1.013081904	-0.783552859	-0.79955166
214	0.825376907	-0.776212986	1.145625354	0.239216809	0.295842048	-1.013081904	-0.783552859	-0.79955166
214.1	0.825376907	-0.776212986	1.145625354	0.239216809	0.295842048	-1.013081904	-0.783552859	-0.79955166
214.2	0.825376907	-0.776212986	1.145625354	0.239216809	0.295842048	-1.013081904	-0.783552859	-0.79955166
214.3	0.825376907	-0.776212986	1.145625354	0.239216809	0.295842048	-1.013081904	-0.783552859	-0.79955166
214.4	0.825376907	-0.776212986	1.145625354	0.239216809	0.295842048	-1.013081904	-0.783552859	-0.79955166
214.5	0.825376907	-0.776212986	1.145625354	0.239216809	0.295842048	-1.013081904	-0.783552859	-0.79955166
214.6	0.825376907	-0.776212986	1.145625354	0.239216809	0.295842048	-1.013081904	-0.783552859	-0.79955166
214.7	0.825376907	-0.776212986	1.145625354	0.239216809	0.295842048	-1.013081904	-0.783552859	-0.79955166
214.8	0.825376907	-0.776212986	1.145625354	0.239216809	0.295842048	-1.013081904	-0.783552859	-0.79955166
214.9	0.825376907	-0.776212986	1.145625354	0.239216809	0.295842048	-1.013081904	-0.783552859	-0.79955166
215	0.825376907	-0.776212986	1.145625354	0.239216809	0.295842048	-1.013081904	-0.783552859	-0.79955166
215.1	0.825376907	-0.776212986	1.145625354	0.239216809	0.295842048	-1.013081904	-0.783552859	-0.79955166
215.2	0.825376907	-0.776212986	1.145625354	0.239216809	0.295842048	-1.013081904	-0.783552859	-0.79955166
215.3	0.825376907	-0.776212986	1.145625354	0.239216809	0.295842048	-1.013081904	-0.783552859	-0.79955166
215.4	0.825376907	-0.776212986	1.145625354	0.239216809	0.295842048	-1.013081904	-0.783552859	-0.79955166
215.5	0.825376907	-0.776212986	1.145625354	0.239216809	0.295842048	-1.013081904	-0.783552859	-0.79955166
215.6	0.825376907	-0.776212986	1.145625354	0.239216809	0.295842048	-1.013081904	-0.783552859	-0.79955166
215.7	0.825376907	-0.776212986	1.145625354	0.239216809	0.295842048	-1.013081904	-0.783552859	-0.79955166
215.8	0.825376907	-0.776212986	1.145625354	0.239216809	0.295842048	-1.013081904	-0.783552859	-0.79955166
215.9	0.825376907	-0.776212986	1.145625354	0.239216809	0.295842048	-1.013081904	-0.783552859	-0.79955166
216	0.825376907	-0.776212986	1.145625354	0.239216809	0.295842048	-1.013081904	-0.783552859	-0.79955166
216.1	0.825376907	-0.776212986	1.145625354	0.239216809	0.295842048	-1.013081904	-0.783552859	-0.79955166
216.2	0.825376907	-0.776212986	1.145625354	0.239216809	0.295842048	-1.013081904	-0.783552859	-0.79955166
216.3	0.825376907	-0.776212986	1.145625354	0.239216809	0.295842048	-1.013081904	-0.783552859	-0.79955166
216.4	0.825376907	-0.776212986	1.145625354	0.239216809	0.295842048	-1.013081904	-0.783552859	-0.79955166
216.5	0.825376907	-0.776212986	1.145625354	0.239216809	0.295842048	-1.013081904	-0.783552859	-0.79955166
216.6	0.825376907	-0.776212986	1.145625354	0.239216809	0.295842048	-1.013081904	-0.783552859	-0.79955166
216.7	0.825376907	-0.776212986	1.145625354	0.239216809	0.295842048	-1.013081904	-0.783552859	-0.79955166
216.8	0.825376907	-0.776212986	1.145625354	0.239216809	0.295842048	-1.013081904	-0.783552859	-0.79955166
216.9	0.825376907	-0.776212986	1.145625354	0.239216809	0.295842048	-1.013081904	-0.783552859	-0.79955166
217	0.825376907	-0.776212986	1.145625354	0.239216809	0.295842048	-1.013081904	-0.783552859	-0.79955166
217.1	0.825376907	-0.776212986	1.145625354	0.239216809	0.295842048	-1.013081904	-0.783552859	-0.79955166
217.2	0.825376907	-0.776212986	1.145625354	0.239216809	0.295842048	-1.013081904	-0.783552859	-0.79955166
217.3	0.825376907	-0.776212986	1.145625354	0.239216809	0.295842048	-1.013081904	-0.783552859	-0.79955166
217.4	0.825376907	-0.776212986	1.145625354	0.239216809	0.295842048	-1.013081904	-0.783552859	-0.79955166
217.5	0.825376907	-0.776212986	1.145625354	0.239216809	0.295842048	-1.013081904	-0.783552859	-0.79955166
217.6	0.825376907	-0.776212986	1.145625354	0.239216809	0.295842048	-1.013081904	-0.783552859	-0.79955166
217.7	0.825376907	-0.776212986	1.145625354	0.239216809	0.295842048	-1.013081904	-0.783552859	-0.79955166
217.8	0.825376907	-0.776212986	1.145625354	0.239216809	0.295842048	-1.013081904	-0.783552859	-0.79955166
217.9	0.825376907	-0.776212986	1.145625354	0.239216809	0.295842048	-1.013081904	-0.783552859	-0.79955166
218	0.825376907	-0.776212986	1.145625354	0.239216809	0.295842048	-1.013081904	-0.783552859	-0.79955166
218.1	0.825376907	-0.776212986	1.145625354	0.239216809	0.295842048	-1.013081904	-0.783552859	-0.79955166
218.2	0.825376907	-0.776212986	1.145625354	0.239216809	0.295842048	-1.013081904	-0.783552859	-0.79955166
218.3	0.825376907	-0.776212986	1.145625354	0.239216809	0.295842048	-1.013081904	-0.783552859	-0.79955166
218.4	0.825376907	-0.776212986	1.145625354	0.239216809	0.295842048	-1.013081904	-0.783552859	-0.79955166
218.5	0.825376907	-0.776212986	1.145625354	0.239216809	0.295842048	-1.013081904	-0.783552859	-0.79955166
218.6	0.825376907	-0.776212986	1.145625354	0.239216809	0.295842048	-1.013081904	-0.783552859	-0.79955166
218.7	0.825376907	-0.776212986	1.145625354	0.239216809	0.295842048	-1.013081904	-0.783552859	-0.79955166
218.8	0.825376907	-0.776212986	1.145625354	0.239216809	0.295842048	-1.013081904	-0.783552859	-0.79955166
218.9	0.825376907	-0.776212986	1.145625354	0.239216809	0.295842048	-1.013081904	-0.783552859	-0.79955166
219	0.825376907	-0.776212986	1.145625354	0.239216809	0.295842048	-1.013081904	-0.783552859	-0.79955166
219.1	0.825376907	-0.776212986	1.145625354	0.239216809	0.295842048	-1.013081904	-0.783552859	-0.79955166
219.2	0.825376907	-0.776212986	1.145625354	0.239216809	0.295842048	-1.013081904	-0.783552859	-0.79955166
219.3	0.825376907	-0.776212986	1.145625354	0.239216809	0.295842048	-1.013081904	-0.783552859	-0.79955166
219.4	0.825376907	-0.776212986	1.145625354	0.239216809	0.295842048	-1.013081904	-0.783552859	-0.79955166
219.5	0.825376907	-0.776212986	1.145625354	0.239216809	0.295842048	-1.013081904	-0.783552859	-0.79955166
219.6	0.825376907	-0.776212986	1.145625354	0.239216809	0.295842048	-1.013081904	-0.783552859	-0.79955166
219.7	0.825376907	-0.776212986	1.145625354	0.239216809	0.295842048	-1.013081904	-0.783552859	-0.79955166
219.8	0.825376907	-0.776212986	1.145625354	0.239216809	0.295842048	-1.013081904	-0.783552859	-0.79955166
219.9	0.825376907	-0.776212986	1.145625354	0.239216809	0.295842048	-1.013081904	-0.783552859	-0.79955166
220	0.825376907	-0.776212986	1.145625354	0.239216809	0.295842048	-1.013081904	-0.783552859	-0.79955166
220.1	0.825376907	-0.776212986	1.145625354	0.239216809	0.295842048	-1.013081904	-0.783552859	-0.79955166
220.2	0.825376907	-0.776212986	1.145625354	0.239216809	0.295842048	-1.013081904	-0.783552859	-0.79955166
220.3	0.825376907	-0.776212986	1.145625354	0.239216809	0.295842048	-1.013081904	-0.783552859	-0.79955166
220.4	0.825376907	-0.776212986	1.145625354	0.239216809	0.295842048	-1.013081904	-0.783552859	-0.79955166
220.5	0.825376907	-0.776212986	1.145625354	0.239216809	0.295842048	-1.013081904	-0.783552859	-0.79955166
220.6	0.825376907	-0.776212986	1.145625354	0.239216809	0.295842048	-1.013081904	-0.783552859	-0.79955166
220.7	0.825376907	-0.776212986	1.145625354	0.239216809	0.295842048	-1.013081904	-0.783552859	-0.79955166
220.8	0.825376907	-0.776212986	1.145625354	0.239216809	0.295842048	-1.013081904	-0.783552859	-0.79955166
220.9	0.825376907	-0.776212986	1.145625354	0.239216809	0.295842048	-1.013081904	-0.783552859	-0.79955166
221	0.825376907	-0.776212986	1.145625354	0.239216809	0.295842048	-1.013081904	-0.783552859	-0.79955166
221.1	0.825376907	-0.776212986	1.145625354	0.239216809	0.295842048	-1.013081904	-0.783552859	-0.79955166
221.2	0.825376907	-0.776212986	1.145625354	0.239216809	0.295842048	-1.013081904	-0.783552859	-0.79955166
221.3	0.825376907	-0.776212986	1.145625354	0.239216809	0.295842048	-1.013081904	-0.783552859	-0.79955166
221.4	0.825376907	-0.776212986	1.145625354	0.239216809	0.295842048	-1.013081904	-0.783552859	-0.79955166
221.5	0.825376907	-0.776212986	1.145625354	0.239216809	0.295842048	-1.013081904	-0.783552859	-0.79955166
221.6	0.825376907	-0.776212986	1.145625354	0.239216809	0.295842048	-1.013081904	-0.783552859	-0.79955166
221.7	0.825376907	-0.776212986	1.145625354	0.239216809	0.295842048	-1.013081904	-0.783552859	-0.79955166
221.8	0.825376907	-0.776212986	1.145625354	0.239216809	0.295842048	-1.013081904	-0.783552859	-0.79955166
221.9	0.825376907	-0.776212986	1.145625354	0.239216809	0.295842048	-1.013081904	-0.783552859	-0.79955166
222	0.825376907	-0.776212986	1.145625354	0.239216809	0.295842048	-1.013081904	-0.783552859	-0.79955166
222.1	0.825376907	-0.776212986	1.145625354	0.239216809	0.295842048	-1.013081904	-0.783552859	-0.79955166
222.2	0.825376907	-0.776212986	1.145625354	0.239216809	0.295842048	-1.013081904	-0.783552859	-0.79955166
222.3	0.825376907	-0.776212986	1.145625354	0.239216809	0.295842048	-1.013081904	-0.783552859	-0.79955166
222.4	0.825376907	-0.776212986	1.145625354	0.239216809	0.295842048	-1.013081904	-0.783552859	-0.79955166
222.5	0.825376907	-0.776212986	1.145625354	0.239216809	0.295842048	-1.013081904	-0.783552859	-0.79955166
222.6	0.825376907	-0.776212986	1.145625354	0.239216809	0.295842048	-1.013081904	-0.783552859	-0.79955166
222.7	0.825376907	-0.776212986	1.145625354	0.239216809	0.295842048	-1.013081904	-0.783552859	-0.79955166
222.8	0.825376907	-0.776212986	1.145625354	0.239216809	0.295842048	-1.013081904	-0.783552859	-0.79955166
222.9	0.825376907	-0.776212986	1.145625354	0.239216809	0.295842048	-1.013081904	-0.783552859	-0.79955166
223	0.825376907	-0.776212986	1.145625354	0.239216809	0.295842048	-1.013081904	-0.783552859	-0.79955166
223.1	0.825376907	-0.776212986	1.145625354	0.239216809	0.295842048	-1.013081904	-0.783552859	-0.79955166
223.2	0.825376907	-0.776212986	1.145625354	0.239216809	0.295842048	-1.013081904	-0.783552859	-0.79955166
223.3	0.825376907	-0.776212986	1.145625354	0.239216809	0.295842048	-1.013081904	-0.783552859	-0.79955166
223.4	0.825376907	-0.776212986	1.145625354	0.239216809	0.295842048	-1.013081904	-0.783552859	-0.79955166
223.5	0.825376907	-0.776212986	1.145625354	0.239216809	0.295842048	-1.013081904	-0.783552859	-0.79955166
223.6	0.825376907	-0.776212986	1.145625354	0.239216809	0.295842048	-1.013081904	-0.783552859	-0.79955166
223.7	0.825376907	-0.776212986	1.145625354	0.239216809	0.295842048	-1.013081904	-0.783552859	-0.79955166
223.8	0.825376907	-0.776212986	1.145625354	0.239216809	0.295842048	-1.013081904	-0.783552859	-0.79955166
223.9	0.825376907	-0.776212986	1.145625354	0.239216809	0.295842048	-1.013081904	-0.783552859	-0.79955166
224	0.825376907	-0.776212986	1.145625354	0.239216809	0.295842048	-1.013081904	-0.783552859	-0.79955166
224.1	0.825376907	-0.776212986	1.145625354	0.239216809	0.295842048	-1.013081904	-0.783552859	-0.79955166
224.2	0.825376907	-0.776212986	1.145625354	0.239216809	0.295842048	-1.013081904	-0.783552859	-0.79955166
224.3	0.825376907	-0.776212986	1.145625354	0.239216809	0.295842048	-1.013081904	-0.783552859	-0.79955166
224.4	0.825376907	-0.776212986	1.145625354	0.239216809	0.295842048	-1.013081904	-0.783552859	-0.79955166
224.5	0.825376907	-0.776212986	1.145625354	0.239216809	0.295842048	-1.013081904	-0.783552859	-0.79955166
224.6	0.825376907	-0.776212986	1.145625354	0.239216809	0.295842048	-1.013081904	-0.783552859	-0.79955166
224.7	0.825376907	-0.776212986	1.145625354	0.239216809	0.295842048	-1.013081904	-0.783552859	-0.79955166
224.8	0.825376907	-0.776212986	1.145625354	0.239216809	0.295842048	-1.013081904	-0.783552859	-0.79955166
224.9	0.825376907	-0.776212986	1.145625354	0.239216809	0.295842048	-1.013081904	-0.783552859	-0.79955166
225	0.825376907	-0.776212986	1.145625354	0.239216809	0.295842048	-1.013081904	-0.783552859	-0.79955166
225.1	0.825376907	-0.776212986	1.145625354	0.239216809	0.295842048	-1.013081904	-0.783552859	-0.79955166
225.2	0.825376907	-0.776212986	1.145625354	0.239216809	0.295842048	-1.013081904	-0.783552859	-0.79955166
225.3	0.825376907	-0.776212986	1.145625354	0.239216809	0.295842048	-1.013081904	-0.783552859	-0.79955166
225.4	0.825376907	-0.776212986	1.145625354	0.239216809	0.295842048	-1.013081904	-0.783552859	-0.79955166
225.5	0.825376907	-0.776212986	1.145625354	0.239216809	0.295842048	-1.013081904	-0.783552859	-0.79955166
225.6	0.825376907	-0.776212986	1.145625354	0.239216809	0.295842048	-1.013081904	-0.783552859	-0.79955166
225.7	0.825376907	-0.776212986	1.145625354	0.239216809	0.295842048	-1.013081904	-0.783552859	-0.79955166
225.8	0.825376907	-0.776212986	1.145625354	0.239216809	0.295842048	-1.013081904	-0.783552859	-0.79955166
225.9	0.825376907	-0.776212986	1.145625354	0.239216809	0.295842048	-1.013081904	-0.783552859	-0.79955166
226	0.825376907	-0.776212986	1.145625354	0.239216809	0.295842048	-1.013081904	-0.783552859	-0.79955166
226.1	0.825376907	-0.776212986	1.145625354	0.239216809	0.295842048	-1.013081904	-0.783552859	-0.79955166
226.2	0.825376907	-0.776212986	1.145625354	0.239216809	0.295842048	-1.013081904	-0.783552859	-0.79955166
226.3	0.825376907	-0.776212986	1.145625354	0.239216809	0.295842048	-1.013081904	-0.783552859	-0.79955166
226.4	0.825376907	-0.776212986	1.145625354	0.239216809	0.295842048	-1.013081904	-0.783552859	-0.79955166
226.5	0.825376907	-0.776212986	1.145625354	0.239216809	0.295842048	-1.013081904	-0.783552859	-0.79955166
226.6	0.825376907	-0.776212986	1.145625354	0.239216809	0.295842048	-1.013081904	-0.783552859	-0.79955166
226.7	0.825376907	-0.776212986	1.145625354	0.239216809	0.295842048	-1.013081904	-0.783552859	-0.79955166
226.8	0.825376907	-0.776212986	1.145625354	0.239216809	0.295842048	-1.013081904	-0.783552859	-0.79955166
226.9	0.825376907	-0.776212986	1.145625354	0.239216809	0.295842048	-1.013081904	-0.783552859	-0.79955166
227	0.17104384	1.635367202	0.051764128	0.122605971	-0.077466072	0.999466738	0.948073515	0.661316458
227.1	0.17104384	1.635367202	0.051764128	0.122605971	-0.077466072	0.999466738	0.948073515	0.661316458
227.2	0.17104384	1.635367202	0.051764128	0.122605971	-0.077466072	0.999466738	0.948073515	0.661316458
227.3	0.17104384	1.635367202	0.051764128	0.122605971	-0.077466072	0.999466738	0.948073515	0.661316458
227.4	0.17104384	1.635367202	0.051764128	0.122605971	-0.077466072	0.999466738	0.948073515	0.661316458
227.5	0.17104384	1.635367202	0.051764128	0.122605971	-0.077466072	0.999466738	0.948073515	0.661316458
227.6	0.17104384	1.635367202	0.051764128	0.122605971	-0.077466072	0.999466738	0.948073515	0.661316458
227.7	0.17104384	1.635367202	0.051764128	0.122605971	-0.077466072	0.999466738	0.948073515	0.661316458
227.8	0.17104384	1.635367202	0.051764128	0.122605971	-0.077466072	0.999466738	0.948073515	0.661316458
227.9	0.17104384	1.635367202	0.051764128	0.122605971	-0.077466072	0.999466738	0.948073515	0.661316458
228	0.17104384	1.635367202	0.051764128	0.122605971	-0.077466072	0.999466738	0.948073515	0.661316458
228.1	0.17104384	1.635367202	0.051764128	0.122605971	-0.077466072	0.999466738	0.948073515	0.661316458
228.2	0.17104384	1.635367202	0.051764128	0.122605971	-0.077466072	0.999466738	0.948073515	0.661316458
228.3	0.17104384	1.635367202	0.051764128	0.122605971	-0.077466072	0.999466738	0.948073515	0.661316458
228.4	0.17104384	1.635367202	0.051764128	0.122605971	-0.077466072	0.999466738	0.948073515	0.661316458
228.5	0.17104384	1.635367202	0.051764128	0.122605971	-0.077466072	0.999466738	0.948073515	0.661316458
228.6	0.17104384	1.635367202	0.051764128	0.122605971	-0.077466072	0.999466738	0.948073515	0.661316458
228.7	0.17104384	1.635367202	0.051764128	0.122605971	-0.077466072	0.999466738	0.948073515	0.661316458
228.8	0.17104384	1.635367202	0.051764128	0.122605971	-0.077466072	0.999466738	0.948073515	0.661316458
228.9	0.17104384	1.635367202	0.051764128	0.122605971	-0.077466072	0.999466738	0.948073515	0.661316458
229	0.17104384	1.635367202	0.051764128	0.122605971	-0.077466072	0.999466738	0.948073515	0.661316458
229.1	0.17104384	1.635367202	0.051764128	0.122605971	-0.077466072	0.999466738	0.948073515	0.661316458
229.2	0.17104384	1.635367202	0.051764128	0.122605971	-0.077466072	0.999466738	0.948073515	0.661316458
229.3	0.17104384	1.635367202	0.051764128	0.122605971	-0.077466072	0.999466738	0.948073515	0.661316458
229.4	0.17104384	1.635367202	0.051764128	0.122605971	-0.077466072	0.999466738	0.948073515	0.661316458
229.5	0.17104384	1.635367202	0.051764128	0.122605971	-0.077466072	0.999466738	0.948073515	0.661316458
229.6	0.17104384	1.635367202	0.051764128	0.122605971	-0.077466072	0.999466738	0.948073515	0.661316458
229.7	0.17104384	1.635367202	0.051764128	0.122605971	-0.077466072	0.999466738	0.948073515	0.661316458
229.8	0.17104384	1.635367202	0.051764128	0.122605971	-0.077466072	0.999466738	0.948073515	0.661316458
229.9	0.17104384	1.635367202	0.051764128	0.122605971	-0.077466072	0.999466738	0.948073515	0.661316458
230	0.17104384	1.635367202	0.051764128	0.122605971	-0.077466072	0.999466738	0.948073515	0.661316458
230.1	0.17104384	1.635367202	0.051764128	0.122605971	-0.077466072	0.999466738	0.948073515	0.661316458
230.2	0.17104384	1.635367202	0.051764128	0.122605971	-0.077466072	0.999466738	0.948073515	0.661316458
230.3	0.17104384	1.635367202	0.051764128	0.122605971	-0.077466072	0.999466738	0.948073515	0.661316458
230.4	0.17104384	1.635367202	0.051764128	0.122605971	-0.077466072	0.999466738	0.948073515	0.661316458
230.5	0.17104384	1.635367202	0.051764128	0.122605971	-0.077466072	0.999466738	0.948073515	0.661316458
230.6	0.17104384	1.635367202	0.051764128	0.122605971	-0.077466072	0.999466738	0.948073515	0.661316458
230.7	0.17104384	1.635367202	0.051764128	0.122605971	-0.077466072	0.999466738	0.948073515	0.661316458
230.8	0.17104384	1.635367202	0.051764128	0.122605971	-0.077466072	0.999466738	0.948073515	0.661316458
230.9	0.17104384	1.635367202	0.051764128	0.122605971	-0.077466072	0.999466738	0.948073515	0.661316458
231	0.17104384	1.635367202	0.051764128	0.122605971	-0.077466072	0.999466738	0.948073515	0.661316458
231.1	0.17104384	1.635367202	0.051764128	0.122605971	-0.077466072	0.999466738	0.948073515	0.661316458
231.2	0.17104384	1.635367202	0.051764128	0.122605971	-0.077466072	0.999466738	0.948073515	0.661316458
231.3	0.17104384	1.635367202	0.051764128	0.122605971	-0.077466072	0.999466738	0.948073515	0.661316458
231.4	0.17104384	1.635367202	0.051764128	0.122605971	-0.077466072	0.999466738	0.948073515	0.661316458
231.5	0.17104384	1.635367202	0.051764128	0.122605971	-0.077466072	0.999466738	0.948073515	0.661316458
231.6	0.17104384	1.635367202	0.051764128	0.122605971	-0.077466072	0.999466738	0.948073515	0.661316458
231.7	0.17104384	1.635367202	0.051764128	0.122605971	-0.077466072	0.999466738	0.948073515	0.661316458
231.8	0.17104384	1.635367202	0.051764128	0.122605971	-0.077466072	0.999466738	0.948073515	0.661316458
231.9	0.17104384	1.635367202	0.051764128	0.122605971	-0.077466072	0.999466738	0.948073515	0.661316458
232	0.17104384	1.635367202	0.051764128	0.122605971	-0.077466072	0.999466738	0.948073515	0.661316458
232.1	0.17104384	1.635367202	0.051764128	0.122605971	-0.077466072	0.999466738	0.948073515	0.661316458
232.2	0.17104384	1.635367202	0.051764128	0.122605971	-0.077466072	0.999466738	0.948073515	0.661316458
232.3	0.17104384	1.635367202	0.051764128	0.122605971	-0.077466072	0.999466738	0.948073515	0.661316458
232.4	0.17104384	1.635367202	0.051764128	0.122605971	-0.077466072	0.999466738	0.948073515	0.661316458
232.5	0.17104384	1.635367202	0.051764128	0.122605971	-0.077466072	0.999466738	0.948073515	0.661316458
232.6	0.17104384	1.635367202	0.051764128	0.122605971	-0.077466072	0.999466738	0.948073515	0.661316458
232.7	0.17104384	1.635367202	0.051764128	0.122605971	-0.077466072	0.999466738	0.948073515	0.661316458
232.8	0.17104384	1.635367202	0.051764128	0.122605971	-0.077466072	0.999466738	0.948073515	0.661316458
232.9	0.17104384	1.635367202	0.051764128	0.122605971	-0.077466072	0.999466738	0.948073515	0.661316458
233	0.17104384	1.635367202	0.051764128	0.122605971	-0.077466072	0.999466738	0.948073515	0.661316458
233.1	0.17104384	1.635367202	0.051764128	0.122605971	-0.077466072	0.999466738	0.948073515	0.661316458
233.2	0.17104384	1.635367202	0.051764128	0.122605971	-0.077466072	0.999466738	0.948073515	0.661316458
233.3	0.17104384	1.635367202	0.051764128	0.122605971	-0.077466072	0.999466738	0.948073515	0.661316458
233.4	0.17104384	1.635367202	0.051764128	0.122605971	-0.077466072	0.999466738	0.948073515	0.661316458
233.5	0.17104384	1.635367202	0.051764128	0.122605971	-0.077466072	0.999466738	0.948073515	0.661316458
233.6	0.17104384	1.635367202	0.051764128	0.122605971	-0.077466072	0.999466738	0.948073515	0.661316458
233.7	0.17104384	1.635367202	0.051764128	0.122605971	-0.077466072	0.999466738	0.948073515	0.661316458
233.8	0.17104384	1.635367202	0.051764128	0.122605971	-0.077466072	0.999466738	0.948073515	0.661316458
233.9	0.17104384	1.635367202	0.051764128	0.122605971	-0.077466072	0.999466738	0.948073515	0.661316458
234	0.17104384	1.635367202	0.051764128	0.122605971	-0.077466072	0.999466738	0.948073515	0.661316458
234.1	0.17104384	1.635367202	0.051764128	0.122605971	-0.077466072	0.999466738	0.948073515	0.661316458
234.2	0.17104384	1.635367202	0.051764128	0.122605971	-0.077466072	0.999466738	0.948073515	0.661316458
234.3	0.17104384	1.635367202	0.051764128	0.122605971	-0.077466072	0.999466738	0.948073515	0.661316458
234.4	0.17104384	1.635367202	0.051764128	0.122605971	-0.077466072	0.999466738	0.948073515	0.661316458
234.5	0.17104384	1.635367202	0.051764128	0.122605971	-0.077466072	0.999466738	0.948073515	0.661316458
234.6	0.17104384	1.635367202	0.051764128	0.122605971	-0.077466072	0.999466738	0.948073515	0.661316458
234.7	0.17104384	1.635367202	0.051764128	0.122605971	-0.077466072	0.999466738	0.948073515	0.661316458
234.8	0.17104384	1.635367202	0.051764128	0.122605971	-0.077466072	0.999466738	0.948073515	0.661316458
234.9	0.17104384	1.635367202	0.051764128	0.122605971	-0.077466072	0.999466738	0.948073515	0.661316458
235	0.17104384	1.635367202	0.051764128	0.122605971	-0.077466072	0.999466738	0.948073515	0.661316458
235.1	0.17104384	1.635367202	0.051764128	0.122605971	-0.077466072	0.999466738	0.948073515	0.661316458
235.2	0.17104384	1.635367202	0.051764128	0.122605971	-0.077466072	0.999466738	0.948073515	0.661316458
235.3	0.17104384	1.635367202	0.051764128	0.122605971	-0.077466072	0.999466738	0.948073515	0.661316458
235.4	0.17104384	1.635367202	0.051764128	0.122605971	-0.077466072	0.999466738	0.948073515	0.661316458
235.5	0.17104384	1.635367202	0.051764128	0.122605971	-0.077466072	0.999466738	0.948073515	0.661316458
235.6	0.17104384	1.635367202	0.051764128	0.122605971	-0.077466072	0.999466738	0.948073515	0.661316458
235.7	0.17104384	1.635367202	0.051764128	0.122605971	-0.077466072	0.999466738	0.948073515	0.661316458
235.8	0.17104384	1.635367202	0.051764128	0.122605971	-0.077466072	0.999466738	0.948073515	0.661316458
235.9	0.17104384	1.635367202	0.051764128	0.122605971	-0.077466072	0.999466738	0.948073515	0.661316458
236	0.17104384	1.635367202	0.051764128	0.122605971	-0.077466072	0.999466738	0.948073515	0.661316458
236.1	0.17104384	1.635367202	0.051764128	0.122605971	-0.077466072	0.999466738	0.948073515	0.661316458
236.2	0.17104384	1.635367202	0.051764128	0.122605971	-0.077466072	0.999466738	0.948073515	0.661316458
236.3	0.17104384	1.635367202	0.051764128	0.122605971	-0.077466072	0.999466738	0.948073515	0.661316458
236.4	0.17104384	1.635367202	0.051764128	0.122605971	-0.077466072	0.999466738	0.948073515	0.661316458
236.5	0.17104384	1.635367202	0.051764128	0.122605971	-0.077466072	0.999466738	0.948073515	0.661316458
236.6	0.17104384	1.635367202	0.051764128	0.122605971	-0.077466072	0.999466738	0.948073515	0.661316458
236.7	0.17104384	1.635367202	0.051764128	0.122605971	-0.077466072	0.999466738	0.948073515	0.661316458
236.8	0.17104384	1.635367202	0.051764128	0.122605971	-0.077466072	0.999466738	0.948073515	0.661316458
236.9	0.17104384	1.635367202	0.051764128	0.122605971	-0.077466072	0.999466738	0.948073515	0.661316458
237	0.002232871	-0.435903942	1.661886874	-0.859840872	1.409712574	-0.631854939	-0.805988657	-0.267594645
237.1	0.002232871	-0.435903942	1.661886874	-0.859840872	1.409712574	-0.631854939	-0.805988657	-0.267594645
237.2	0.002232871	-0.435903942	1.661886874	-0.859840872	1.409712574	-0.631854939	-0.805988657	-0.267594645
237.3	0.002232871	-0.435903942	1.661886874	-0.859840872	1.409712574	-0.631854939	-0.805988657	-0.267594645
237.4	0.002232871	-0.435903942	1.661886874	-0.859840872	1.409712574	-0.631854939	-0.805988657	-0.267594645
237.5	0.002232871	-0.435903942	1.661886874	-0.859840872	1.409712574	-0.631854939	-0.805988657	-0.267594645
237.6	0.002232871	-0.435903942	1.661886874	-0.859840872	1.409712574	-0.631854939	-0.805988657	-0.267594645
237.7	0.002232871	-0.435903942	1.661886874	-0.859840872	1.409712574	-0.631854939	-0.805988657	-0.267594645
237.8	0.002232871	-0.435903942	1.661886874	-0.859840872	1.409712574	-0.631854939	-0.805988657	-0.267594645
237.9	0.002232871	-0.435903942	1.661886874	-0.859840872	1.409712574	-0.631854939	-0.805988657	-0.267594645
238	0.002232871	-0.435903942	1.661886874	-0.859840872	1.409712574	-0.631854939	-0.805988657	-0.267594645
238.1	0.002232871	-0.435903942	1.661886874	-0.859840872	1.409712574	-0.631854939	-0.805988657	-0.267594645
238.2	0.002232871	-0.435903942	1.661886874	-0.859840872	1.409712574	-0.631854939	-0.805988657	-0.267594645
238.3	0.002232871	-0.435903942	1.661886874	-0.859840872	1.409712574	-0.631854939	-0.805988657	-0.267594645
238.4	0.002232871	-0.435903942	1.661886874	-0.859840872	1.409712574	-0.631854939	-0.805988657	-0.267594645
238.5	0.002232871	-0.435903942	1.661886874	-0.859840872	1.409712574	-0.631854939	-0.805988657	-0.267594645
238.6	0.002232871	-0.435903942	1.661886874	-0.859840872	1.409712574	-0.631854939	-0.805988657	-0.267594645
238.7	0.002232871	-0.435903942	1.661886874	-0.859840872	1.409712574	-0.631854939	-0.805988657	-0.267594645
238.8	0.002232871	-0.435903942	1.661886874	-0.859840872	1.409712574	-0.631854939	-0.805988657	-0.267594645
238.9	0.002232871	-0.435903942	1.661886874	-0.859840872	1.409712574	-0.631854939	-0.805988657	-0.267594645
239	0.002232871	-0.435903942	1.661886874	-0.859840872	1.409712574	-0.631854939	-0.805988657	-0.267594645
239.1	0.002232871	-0.435903942	1.661886874	-0.859840872	1.409712574	-0.631854939	-0.805988657	-0.267594645
239.2	0.002232871	-0.435903942	1.661886874	-0.859840872	1.409712574	-0.631854939	-0.805988657	-0.267594645
239.3	0.002232871	-0.435903942	1.661886874	-0.859840872	1.409712574	-0.631854939	-0.805988657	-0.267594645
239.4	0.002232871	-0.435903942	1.661886874	-0.859840872	1.409712574	-0.631854939	-0.805988657	-0.267594645
239.5	0.002232871	-0.435903942	1.661886874	-0.859840872	1.409712574	-0.631854939	-0.805988657	-0.267594645
239.6	0.002232871	-0.435903942	1.661886874	-0.859840872	1.409712574	-0.631854939	-0.805988657	-0.267594645
239.7	0.002232871	-0.435903942	1.661886874	-0.859840872	1.409712574	-0.631854939	-0.805988657	-0.267594645
239.8	0.002232871	-0.435903942	1.661886874	-0.859840872	1.409712574	-0.631854939	-0.805988657	-0.267594645
239.9	0.002232871	-0.435903942	1.661886874	-0.859840872	1.409712574	-0.631854939	-0.805988657	-0.267594645
240	0.002232871	-0.435903942	1.661886874	-0.859840872	1.409712574	-0.631854939	-0.805988657	-0.267594645
240.1	0.002232871	-0.435903942	1.661886874	-0.859840872	1.409712574	-0.631854939	-0.805988657	-0.267594645
240.2	0.002232871	-0.435903942	1.661886874	-0.859840872	1.409712574	-0.631854939	-0.805988657	-0.267594645
240.3	0.002232871	-0.435903942	1.661886874	-0.859840872	1.409712574	-0.631854939	-0.805988657	-0.267594645
240.4	0.002232871	-0.435903942	1.661886874	-0.859840872	1.409712574	-0.631854939	-0.805988657	-0.267594645
240.5	0.002232871	-0.435903942	1.661886874	-0.859840872	1.409712574	-0.631854939	-0.805988657	-0.267594645
240.6	0.002232871	-0.435903942	1.661886874	-0.859840872	1.409712574	-0.631854939	-0.805988657	-0.267594645
240.7	0.002232871	-0.435903942	1.661886874	-0.859840872	1.409712574	-0.631854939	-0.805988657	-0.267594645
240.8	0.002232871	-0.435903942	1.661886874	-0.859840872	1.409712574	-0.631854939	-0.805988657	-0.267594645
240.9	0.002232871	-0.435903942	1.661886874	-0.859840872	1.409712574	-0.631854939	-0.805988657	-0.267594645
241	0.002232871	-0.435903942	1.661886874	-0.859840872	1.409712574	-0.631854939	-0.805988657	-0.267594645
241.1	0.002232871	-0.435903942	1.661886874	-0.859840872	1.409712574	-0.631854939	-0.805988657	-0.267594645
241.2	0.002232871	-0.435903942	1.661886874	-0.859840872	1.409712574	-0.631854939	-0.805988657	-0.267594645
241.3	0.002232871	-0.435903942	1.661886874	-0.859840872	1.409712574	-0.631854939	-0.805988657	-0.267594645
241.4	0.002232871	-0.435903942	1.661886874	-0.859840872	1.409712574	-0.631854939	-0.805988657	-0.267594645
241.5	0.002232871	-0.435903942	1.661886874	-0.859840872	1.409712574	-0.631854939	-0.805988657	-0.267594645
241.6	0.002232871	-0.435903942	1.661886874	-0.859840872	1.409712574	-0.631854939	-0.805988657	-0.267594645
241.7	0.002232871	-0.435903942	1.661886874	-0.859840872	1.409712574	-0.631854939	-0.805988657	-0.267594645
241.8	0.002232871	-0.435903942	1.661886874	-0.859840872	1.409712574	-0.631854939	-0.805988657	-0.267594645
241.9	0.002232871	-0.435903942	1.661886874	-0.859840872	1.409712574	-0.631854939	-0.805988657	-0.267594645
242	-0.877202301	-0.085789517	-0.222667648	-0.773568899	0.533235343	-0.204664483	0.417469315	-0.58085574
242.1	-0.877202301	-0.085789517	-0.222667648	-0.773568899	0.533235343	-0.204664483	0.417469315	-0.58085574
242.2	-0.877202301	-0.085789517	-0.222667648	-0.773568899	0.533235343	-0.204664483	0.417469315	-0.58085574
242.3	-0.877202301	-0.085789517	-0.222667648	-0.773568899	0.533235343	-0.204664483	0.417469315	-0.58085574
242.4	-0.877202301	-0.085789517	-0.222667648	-0.773568899	0.533235343	-0.204664483	0.417469315	-0.58085574
242.5	-0.877202301	-0.085789517	-0.222667648	-0.773568899	0.533235343	-0.204664483	0.417469315	-0.58085574
242.6	-0.877202301	-0.085789517	-0.222667648	-0.773568899	0.533235343	-0.204664483	0.417469315	-0.58085574
242.7	-0.877202301	-0.085789517	-0.222667648	-0.773568899	0.533235343	-0.204664483	0.417469315	-0.58085574
242.8	-0.877202301	-0.085789517	-0.222667648	-0.773568899	0.533235343	-0.204664483	0.417469315	-0.58085574
242.9	-0.877202301	-0.085789517	-0.222667648	-0.773568899	0.533235343	-0.204664483	0.417469315	-0.58085574
243	-0.877202301	-0.085789517	-0.222667648	-0.773568899	0.533235343	-0.204664483	0.417469315	-0.58085574
243.1	-0.877202301	-0.085789517	-0.222667648	-0.773568899	0.533235343	-0.204664483	0.417469315	-0.58085574
243.2	-0.877202301	-0.085789517	-0.222667648	-0.773568899	0.533235343	-0.204664483	0.417469315	-0.58085574
243.3	-0.877202301	-0.085789517	-0.222667648	-0.773568899	0.533235343	-0.204664483	0.417469315	-0.58085574
243.4	-0.877202301	-0.085789517	-0.222667648	-0.773568899	0.533235343	-0.204664483	0.417469315	-0.58085574
243.5	-0.877202301	-0.085789517	-0.222667648	-0.773568899	0.533235343	-0.204664483	0.417469315	-0.58085574
243.6	-0.877202301	-0.085789517	-0.222667648	-0.773568899	0.533235343	-0.204664483	0.417469315	-0.58085574
243.7	-0.877202301	-0.085789517	-0.222667648	-0.773568899	0.533235343	-0.204664483	0.417469315	-0.58085574
243.8	-0.877202301	-0.085789517	-0.222667648	-0.773568899	0.533235343	-0.204664483	0.417469315	-0.58085574
243.9	-0.877202301	-0.085789517	-0.222667648	-0.773568899	0.533235343	-0.204664483	0.417469315	-0.58085574
244	-0.877202301	-0.085789517	-0.222667648	-0.773568899	0.533235343	-0.204664483	0.417469315	-0.58085574
244.1	-0.877202301	-0.085789517	-0.222667648	-0.773568899	0.533235343	-0.204664483	0.417469315	-0.58085574
244.2	-0.877202301	-0.085789517	-0.222667648	-0.773568899	0.533235343	-0.204664483	0.417469315	-0.58085574
244.3	-0.877202301	-0.085789517	-0.222667648	-0.773568899	0.533235343	-0.204664483	0.417469315	-0.58085574
244.4	-0.877202301	-0.085789517	-0.222667648	-0.773568899	0.533235343	-0.204664483	0.417469315	-0.58085574
244.5	-0.877202301	-0.085789517	-0.222667648	-0.773568899	0.533235343	-0.204664483	0.417469315	-0.58085574
244.6	-0.877202301	-0.085789517	-0.222667648	-0.773568899	0.533235343	-0.204664483	0.417469315	-0.58085574
244.7	-0.877202301	-0.085789517	-0.222667648	-0.773568899	0.533235343	-0.204664483	0.417469315	-0.58085574
244.8	-0.877202301	-0.085789517	-0.222667648	-0.773568899	0.533235343	-0.204664483	0.417469315	-0.58085574
244.9	-0.877202301	-0.085789517	-0.222667648	-0.773568899	0.533235343	-0.204664483	0.417469315	-0.58085574
245	-0.877202301	-0.085789517	-0.222667648	-0.773568899	0.533235343	-0.204664483	0.417469315	-0.58085574
245.1	-0.877202301	-0.085789517	-0.222667648	-0.773568899	0.533235343	-0.204664483	0.417469315	-0.58085574
245.2	-0.877202301	-0.085789517	-0.222667648	-0.773568899	0.533235343	-0.204664483	0.417469315	-0.58085574
245.3	-0.877202301	-0.085789517	-0.222667648	-0.773568899	0.533235343	-0.204664483	0.417469315	-0.58085574
245.4	-0.877202301	-0.085789517	-0.222667648	-0.773568899	0.533235343	-0.204664483	0.417469315	-0.58085574
245.5	-0.877202301	-0.085789517	-0.222667648	-0.773568899	0.533235343	-0.204664483	0.417469315	-0.58085574
245.6	-0.877202301	-0.085789517	-0.222667648	-0.773568899	0.533235343	-0.204664483	0.417469315	-0.58085574
245.7	-0.877202301	-0.085789517	-0.222667648	-0.773568899	0.533235343	-0.204664483	0.417469315	-0.58085574
245.8	-0.877202301	-0.085789517	-0.222667648	-0.773568899	0.533235343	-0.204664483	0.417469315	-0.58085574
245.9	-0.877202301	-0.085789517	-0.222667648	-0.773568899	0.533235343	-0.204664483	0.417469315	-0.58085574
246	-0.877202301	-0.085789517	-0.222667648	-0.773568899	0.533235343	-0.204664483	0.417469315	-0.58085574
246.1	-0.877202301	-0.085789517	-0.222667648	-0.773568899	0.533235343	-0.204664483	0.417469315	-0.58085574
246.2	-0.877202301	-0.085789517	-0.222667648	-0.773568899	0.533235343	-0.204664483	0.417469315	-0.58085574
246.3	-0.877202301	-0.085789517	-0.222667648	-0.773568899	0.533235343	-0.204664483	0.417469315	-0.58085574
246.4	-0.877202301	-0.085789517	-0.222667648	-0.773568899	0.533235343	-0.204664483	0.417469315	-0.58085574
246.5	-0.877202301	-0.085789517	-0.222667648	-0.773568899	0.533235343	-0.204664483	0.417469315	-0.58085574
246.6	-0.877202301	-0.085789517	-0.222667648	-0.773568899	0.533235343	-0.204664483	0.417469315	-0.58085574
246.7	-0.877202301	-0.085789517	-0.222667648	-0.773568899	0.533235343	-0.204664483	0.417469315	-0.58085574
246.8	-0.877202301	-0.085789517	-0.222667648	-0.773568899	0.533235343	-0.204664483	0.417469315	-0.58085574
246.9	-0.877202301	-0.085789517	-0.222667648	-0.773568899	0.533235343	-0.204664483	0.417469315	-0.58085574
247	-0.877202301	-0.085789517	-0.222667648	-0.773568899	0.533235343	-0.204664483	0.417469315	-0.58085574
247.1	-0.877202301	-0.085789517	-0.222667648	-0.773568899	0.533235343	-0.204664483	0.417469315	-0.58085574
247.2	-1.474915132	-0.484076621	-0.443140496	-1.303851211	0.869743261	-0.556491464	-0.216051829	-0.595315143
247.3	-1.474915132	-0.484076621	-0.443140496	-1.303851211	0.869743261	-0.556491464	-0.216051829	-0.595315143
247.4	-1.474915132	-0.484076621	-0.443140496	-1.303851211	0.869743261	-0.556491464	-0.216051829	-0.595315143
247.5	-1.474915132	-0.484076621	-0.443140496	-1.303851211	0.869743261	-0.556491464	-0.216051829	-0.595315143
247.6	-1.474915132	-0.484076621	-0.443140496	-1.303851211	0.869743261	-0.556491464	-0.216051829	-0.595315143
247.7	-1.474915132	-0.484076621	-0.443140496	-1.303851211	0.869743261	-0.556491464	-0.216051829	-0.595315143
247.8	-1.474915132	-0.484076621	-0.443140496	-1.303851211	0.869743261	-0.556491464	-0.216051829	-0.595315143
247.9	-1.474915132	-0.484076621	-0.443140496	-1.303851211	0.869743261	-0.556491464	-0.216051829	-0.595315143
248	-1.474915132	-0.484076621	-0.443140496	-1.303851211	0.869743261	-0.556491464	-0.216051829	-0.595315143
248.1	-1.474915132	-0.484076621	-0.443140496	-1.303851211	0.869743261	-0.556491464	-0.216051829	-0.595315143
248.2	-1.474915132	-0.484076621	-0.443140496	-1.303851211	0.869743261	-0.556491464	-0.216051829	-0.595315143
248.3	-1.474915132	-0.484076621	-0.443140496	-1.303851211	0.869743261	-0.556491464	-0.216051829	-0.595315143
248.4	-1.474915132	-0.484076621	-0.443140496	-1.303851211	0.869743261	-0.556491464	-0.216051829	-0.595315143
248.5	-1.474915132	-0.484076621	-0.443140496	-1.303851211	0.869743261	-0.556491464	-0.216051829	-0.595315143
248.6	-1.474915132	-0.484076621	-0.443140496	-1.303851211	0.869743261	-0.556491464	-0.216051829	-0.595315143
248.7	-1.474915132	-0.484076621	-0.443140496	-1.303851211	0.869743261	-0.556491464	-0.216051829	-0.595315143
248.8	-1.474915132	-0.484076621	-0.443140496	-1.303851211	0.869743261	-0.556491464	-0.216051829	-0.595315143
248.9	-1.474915132	-0.484076621	-0.443140496	-1.303851211	0.869743261	-0.556491464	-0.216051829	-0.595315143
249	-1.474915132	-0.484076621	-0.443140496	-1.303851211	0.869743261	-0.556491464	-0.216051829	-0.595315143
249.1	-1.474915132	-0.484076621	-0.443140496	-1.303851211	0.869743261	-0.556491464	-0.216051829	-0.595315143
249.2	-1.474915132	-0.484076621	-0.443140496	-1.303851211	0.869743261	-0.556491464	-0.216051829	-0.595315143
249.3	-1.474915132	-0.484076621	-0.443140496	-1.303851211	0.869743261	-0.556491464	-0.216051829	-0.595315143
249.4	-1.474915132	-0.484076621	-0.443140496	-1.303851211	0.869743261	-0.556491464	-0.216051829	-0.595315143
249.5	-1.474915132	-0.484076621	-0.443140496	-1.303851211	0.869743261	-0.556491464	-0.216051829	-0.595315143
249.6	-1.474915132	-0.484076621	-0.443140496	-1.303851211	0.869743261	-0.556491464	-0.216051829	-0.595315143
249.7	-1.474915132	-0.484076621	-0.443140496	-1.303851211	0.869743261	-0.556491464	-0.216051829	-0.595315143
249.8	-1.474915132	-0.484076621	-0.443140496	-1.303851211	0.869743261	-0.556491464	-0.216051829	-0.595315143
249.9	-1.474915132	-0.484076621	-0.443140496	-1.303851211	0.869743261	-0.556491464	-0.216051829	-0.595315143
250	-1.474915132	-0.484076621	-0.443140496	-1.303851211	0.869743261	-0.556491464	-0.216051829	-0.595315143
250.1	-1.474915132	-0.484076621	-0.443140496	-1.303851211	0.869743261	-0.556491464	-0.216051829	-0.595315143
250.2	-1.474915132	-0.484076621	-0.443140496	-1.303851211	0.869743261	-0.556491464	-0.216051829	-0.595315143
250.3	-1.474915132	-0.484076621	-0.443140496	-1.303851211	0.869743261	-0.556491464	-0.216051829	-0.595315143
250.4	-1.474915132	-0.484076621	-0.443140496	-1.303851211	0.869743261	-0.556491464	-0.216051829	-0.595315143
250.5	-1.474915132	-0.484076621	-0.443140496	-1.303851211	0.869743261	-0.556491464	-0.216051829	-0.595315143
250.6	-1.474915132	-0.484076621	-0.443140496	-1.303851211	0.869743261	-0.556491464	-0.216051829	-0.595315143
250.7	-1.474915132	-0.484076621	-0.443140496	-1.303851211	0.869743261	-0.556491464	-0.216051829	-0.595315143
250.8	-1.474915132	-0.484076621	-0.443140496	-1.303851211	0.869743261	-0.556491464	-0.216051829	-0.595315143
250.9	-1.474915132	-0.484076621	-0.443140496	-1.303851211	0.869743261	-0.556491464	-0.216051829	-0.595315143
251	-1.474915132	-0.484076621	-0.443140496	-1.303851211	0.869743261	-0.556491464	-0.216051829	-0.595315143
251.1	-1.474915132	-0.484076621	-0.443140496	-1.303851211	0.869743261	-0.556491464	-0.216051829	-0.595315143
251.2	-1.192773285	-0.392594455	1.044762178	-1.662788203	1.798033091	-0.194155716	-0.344357448	-0.011803866
251.3	-1.192773285	-0.392594455	1.044762178	-1.662788203	1.798033091	-0.194155716	-0.344357448	-0.011803866
251.4	-1.192773285	-0.392594455	1.044762178	-1.662788203	1.798033091	-0.194155716	-0.344357448	-0.011803866
251.5	-1.192773285	-0.392594455	1.044762178	-1.662788203	1.798033091	-0.194155716	-0.344357448	-0.011803866
251.6	-1.192773285	-0.392594455	1.044762178	-1.662788203	1.798033091	-0.194155716	-0.344357448	-0.011803866
251.7	-1.192773285	-0.392594455	1.044762178	-1.662788203	1.798033091	-0.194155716	-0.344357448	-0.011803866
251.8	-1.192773285	-0.392594455	1.044762178	-1.662788203	1.798033091	-0.194155716	-0.344357448	-0.011803866
251.9	-1.192773285	-0.392594455	1.044762178	-1.662788203	1.798033091	-0.194155716	-0.344357448	-0.011803866
251.902	-0.598438929	-0.718727889	-1.848866056	0.265360017	-1.006712727	-0.715233483	-0.118412733	-0.881127437
252	-0.598438929	-0.718727889	-1.848866056	0.265360017	-1.006712727	-0.715233483	-0.118412733	-0.881127437
252.1	-0.598438929	-0.718727889	-1.848866056	0.265360017	-1.006712727	-0.715233483	-0.118412733	-0.881127437
252.2	-0.598438929	-0.718727889	-1.848866056	0.265360017	-1.006712727	-0.715233483	-0.118412733	-0.881127437
252.3	-0.598438929	-0.718727889	-1.848866056	0.265360017	-1.006712727	-0.715233483	-0.118412733	-0.881127437
252.4	-0.598438929	-0.718727889	-1.848866056	0.265360017	-1.006712727	-0.715233483	-0.118412733	-0.881127437
252.5	-0.598438929	-0.718727889	-1.848866056	0.265360017	-1.006712727	-0.715233483	-0.118412733	-0.881127437
252.6	-0.598438929	-0.718727889	-1.848866056	0.265360017	-1.006712727	-0.715233483	-0.118412733	-0.881127437
252.7	-0.598438929	-0.718727889	-1.848866056	0.265360017	-1.006712727	-0.715233483	-0.118412733	-0.881127437
252.8	-0.598438929	-0.718727889	-1.848866056	0.265360017	-1.006712727	-0.715233483	-0.118412733	-0.881127437
252.9	-0.598438929	-0.718727889	-1.848866056	0.265360017	-1.006712727	-0.715233483	-0.118412733	-0.881127437
253	-0.598438929	-0.718727889	-1.848866056	0.265360017	-1.006712727	-0.715233483	-0.118412733	-0.881127437
253.1	-0.598438929	-0.718727889	-1.848866056	0.265360017	-1.006712727	-0.715233483	-0.118412733	-0.881127437
253.2	-0.598438929	-0.718727889	-1.848866056	0.265360017	-1.006712727	-0.715233483	-0.118412733	-0.881127437
253.3	-0.598438929	-0.718727889	-1.848866056	0.265360017	-1.006712727	-0.715233483	-0.118412733	-0.881127437
253.4	-0.598438929	-0.718727889	-1.848866056	0.265360017	-1.006712727	-0.715233483	-0.118412733	-0.881127437
253.5	-0.598438929	-0.718727889	-1.848866056	0.265360017	-1.006712727	-0.715233483	-0.118412733	-0.881127437
253.6	-0.598438929	-0.718727889	-1.848866056	0.265360017	-1.006712727	-0.715233483	-0.118412733	-0.881127437
253.7	-0.598438929	-0.718727889	-1.848866056	0.265360017	-1.006712727	-0.715233483	-0.118412733	-0.881127437
253.8	-0.598438929	-0.718727889	-1.848866056	0.265360017	-1.006712727	-0.715233483	-0.118412733	-0.881127437
253.9	-0.598438929	-0.718727889	-1.848866056	0.265360017	-1.006712727	-0.715233483	-0.118412733	-0.881127437
254	-0.598438929	-0.718727889	-1.848866056	0.265360017	-1.006712727	-0.715233483	-0.118412733	-0.881127437
254.1	-0.598438929	-0.718727889	-1.848866056	0.265360017	-1.006712727	-0.715233483	-0.118412733	-0.881127437
254.14	-1.013535997	-0.105044529	1.08251691	-1.479153218	1.664987412	-0.063728736	0.054401397	-0.125814923
254.2	-1.013535997	-0.105044529	1.08251691	-1.479153218	1.664987412	-0.063728736	0.054401397	-0.125814923
254.3	-1.013535997	-0.105044529	1.08251691	-1.479153218	1.664987412	-0.063728736	0.054401397	-0.125814923
254.4	-1.013535997	-0.105044529	1.08251691	-1.479153218	1.664987412	-0.063728736	0.054401397	-0.125814923
254.5	-1.013535997	-0.105044529	1.08251691	-1.479153218	1.664987412	-0.063728736	0.054401397	-0.125814923
254.6	-1.013535997	-0.105044529	1.08251691	-1.479153218	1.664987412	-0.063728736	0.054401397	-0.125814923
254.7	-1.013535997	-0.105044529	1.08251691	-1.479153218	1.664987412	-0.063728736	0.054401397	-0.125814923
254.8	-1.013535997	-0.105044529	1.08251691	-1.479153218	1.664987412	-0.063728736	0.054401397	-0.125814923
254.9	-1.013535997	-0.105044529	1.08251691	-1.479153218	1.664987412	-0.063728736	0.054401397	-0.125814923
255	-1.013535997	-0.105044529	1.08251691	-1.479153218	1.664987412	-0.063728736	0.054401397	-0.125814923
255.1	-1.013535997	-0.105044529	1.08251691	-1.479153218	1.664987412	-0.063728736	0.054401397	-0.125814923
255.2	-1.013535997	-0.105044529	1.08251691	-1.479153218	1.664987412	-0.063728736	0.054401397	-0.125814923
255.3	-1.013535997	-0.105044529	1.08251691	-1.479153218	1.664987412	-0.063728736	0.054401397	-0.125814923
255.4	-1.013535997	-0.105044529	1.08251691	-1.479153218	1.664987412	-0.063728736	0.054401397	-0.125814923
255.5	-1.013535997	-0.105044529	1.08251691	-1.479153218	1.664987412	-0.063728736	0.054401397	-0.125814923
255.6	-1.013535997	-0.105044529	1.08251691	-1.479153218	1.664987412	-0.063728736	0.054401397	-0.125814923
255.7	-1.013535997	-0.105044529	1.08251691	-1.479153218	1.664987412	-0.063728736	0.054401397	-0.125814923
255.8	-1.013535997	-0.105044529	1.08251691	-1.479153218	1.664987412	-0.063728736	0.054401397	-0.125814923
255.9	-1.013535997	-0.105044529	1.08251691	-1.479153218	1.664987412	-0.063728736	0.054401397	-0.125814923
256	-1.013535997	-0.105044529	1.08251691	-1.479153218	1.664987412	-0.063728736	0.054401397	-0.125814923
256.1	-1.013535997	-0.105044529	1.08251691	-1.479153218	1.664987412	-0.063728736	0.054401397	-0.125814923
256.2	-1.013535997	-0.105044529	1.08251691	-1.479153218	1.664987412	-0.063728736	0.054401397	-0.125814923
256.3	-1.013535997	-0.105044529	1.08251691	-1.479153218	1.664987412	-0.063728736	0.054401397	-0.125814923
256.4	-1.013535997	-0.105044529	1.08251691	-1.479153218	1.664987412	-0.063728736	0.054401397	-0.125814923
256.5	-1.013535997	-0.105044529	1.08251691	-1.479153218	1.664987412	-0.063728736	0.054401397	-0.125814923
256.6	-1.013535997	-0.105044529	1.08251691	-1.479153218	1.664987412	-0.063728736	0.054401397	-0.125814923
256.7	-1.013535997	-0.105044529	1.08251691	-1.479153218	1.664987412	-0.063728736	0.054401397	-0.125814923
256.8	-1.013535997	-0.105044529	1.08251691	-1.479153218	1.664987412	-0.063728736	0.054401397	-0.125814923
256.9	-1.013535997	-0.105044529	1.08251691	-1.479153218	1.664987412	-0.063728736	0.054401397	-0.125814923
257	-1.013535997	-0.105044529	1.08251691	-1.479153218	1.664987412	-0.063728736	0.054401397	-0.125814923
257.1	-1.013535997	-0.105044529	1.08251691	-1.479153218	1.664987412	-0.063728736	0.054401397	-0.125814923
257.2	-1.013535997	-0.105044529	1.08251691	-1.479153218	1.664987412	-0.063728736	0.054401397	-0.125814923
257.3	-1.013535997	-0.105044529	1.08251691	-1.479153218	1.664987412	-0.063728736	0.054401397	-0.125814923
257.4	-1.013535997	-0.105044529	1.08251691	-1.479153218	1.664987412	-0.063728736	0.054401397	-0.125814923
257.5	-1.013535997	-0.105044529	1.08251691	-1.479153218	1.664987412	-0.063728736	0.054401397	-0.125814923
257.6	-1.013535997	-0.105044529	1.08251691	-1.479153218	1.664987412	-0.063728736	0.054401397	-0.125814923
257.7	-1.013535997	-0.105044529	1.08251691	-1.479153218	1.664987412	-0.063728736	0.054401397	-0.125814923
257.8	-1.013535997	-0.105044529	1.08251691	-1.479153218	1.664987412	-0.063728736	0.054401397	-0.125814923
257.9	-1.013535997	-0.105044529	1.08251691	-1.479153218	1.664987412	-0.063728736	0.054401397	-0.125814923
258	-1.013535997	-0.105044529	1.08251691	-1.479153218	1.664987412	-0.063728736	0.054401397	-0.125814923
258.1	-1.013535997	-0.105044529	1.08251691	-1.479153218	1.664987412	-0.063728736	0.054401397	-0.125814923
258.2	-1.013535997	-0.105044529	1.08251691	-1.479153218	1.664987412	-0.063728736	0.054401397	-0.125814923
258.3	-1.013535997	-0.105044529	1.08251691	-1.479153218	1.664987412	-0.063728736	0.054401397	-0.125814923
258.4	-1.013535997	-0.105044529	1.08251691	-1.479153218	1.664987412	-0.063728736	0.054401397	-0.125814923
258.5	-1.013535997	-0.105044529	1.08251691	-1.479153218	1.664987412	-0.063728736	0.054401397	-0.125814923
258.6	-1.013535997	-0.105044529	1.08251691	-1.479153218	1.664987412	-0.063728736	0.054401397	-0.125814923
258.7	-1.013535997	-0.105044529	1.08251691	-1.479153218	1.664987412	-0.063728736	0.054401397	-0.125814923
258.8	-1.013535997	-0.105044529	1.08251691	-1.479153218	1.664987412	-0.063728736	0.054401397	-0.125814923
258.9	-1.013535997	-0.105044529	1.08251691	-1.479153218	1.664987412	-0.063728736	0.054401397	-0.125814923
259	-1.013535997	-0.105044529	1.08251691	-1.479153218	1.664987412	-0.063728736	0.054401397	-0.125814923
259.1	-1.461634697	0.176260604	-0.930573034	-0.98384954	0.401179238	0.652543767	0.23512669	0.711335562
259.2	-1.461634697	0.176260604	-0.930573034	-0.98384954	0.401179238	0.652543767	0.23512669	0.711335562
259.3	-1.461634697	0.176260604	-0.930573034	-0.98384954	0.401179238	0.652543767	0.23512669	0.711335562
259.4	-1.461634697	0.176260604	-0.930573034	-0.98384954	0.401179238	0.652543767	0.23512669	0.711335562
259.5	-1.461634697	0.176260604	-0.930573034	-0.98384954	0.401179238	0.652543767	0.23512669	0.711335562
259.6	-1.461634697	0.176260604	-0.930573034	-0.98384954	0.401179238	0.652543767	0.23512669	0.711335562
259.7	-1.461634697	0.176260604	-0.930573034	-0.98384954	0.401179238	0.652543767	0.23512669	0.711335562
259.8	-1.461634697	0.176260604	-0.930573034	-0.98384954	0.401179238	0.652543767	0.23512669	0.711335562
259.9	-1.461634697	0.176260604	-0.930573034	-0.98384954	0.401179238	0.652543767	0.23512669	0.711335562
260	-1.461634697	0.176260604	-0.930573034	-0.98384954	0.401179238	0.652543767	0.23512669	0.711335562
260.1	-1.461634697	0.176260604	-0.930573034	-0.98384954	0.401179238	0.652543767	0.23512669	0.711335562
260.2	-1.461634697	0.176260604	-0.930573034	-0.98384954	0.401179238	0.652543767	0.23512669	0.711335562
260.3	-1.461634697	0.176260604	-0.930573034	-0.98384954	0.401179238	0.652543767	0.23512669	0.711335562
260.4	-1.461634697	0.176260604	-0.930573034	-0.98384954	0.401179238	0.652543767	0.23512669	0.711335562
260.5	-1.461634697	0.176260604	-0.930573034	-0.98384954	0.401179238	0.652543767	0.23512669	0.711335562
260.6	-1.461634697	0.176260604	-0.930573034	-0.98384954	0.401179238	0.652543767	0.23512669	0.711335562
260.7	-1.461634697	0.176260604	-0.930573034	-0.98384954	0.401179238	0.652543767	0.23512669	0.711335562
260.8	-1.461634697	0.176260604	-0.930573034	-0.98384954	0.401179238	0.652543767	0.23512669	0.711335562
260.9	-1.461634697	0.176260604	-0.930573034	-0.98384954	0.401179238	0.652543767	0.23512669	0.711335562
261	-1.461634697	0.176260604	-0.930573034	-0.98384954	0.401179238	0.652543767	0.23512669	0.711335562
261.1	-1.461634697	0.176260604	-0.930573034	-0.98384954	0.401179238	0.652543767	0.23512669	0.711335562
261.2	-1.461634697	0.176260604	-0.930573034	-0.98384954	0.401179238	0.652543767	0.23512669	0.711335562
261.3	-1.461634697	0.176260604	-0.930573034	-0.98384954	0.401179238	0.652543767	0.23512669	0.711335562
261.4	-1.461634697	0.176260604	-0.930573034	-0.98384954	0.401179238	0.652543767	0.23512669	0.711335562
261.5	-1.461634697	0.176260604	-0.930573034	-0.98384954	0.401179238	0.652543767	0.23512669	0.711335562
261.6	-1.461634697	0.176260604	-0.930573034	-0.98384954	0.401179238	0.652543767	0.23512669	0.711335562
261.7	-1.461634697	0.176260604	-0.930573034	-0.98384954	0.401179238	0.652543767	0.23512669	0.711335562
261.8	-1.461634697	0.176260604	-0.930573034	-0.98384954	0.401179238	0.652543767	0.23512669	0.711335562
261.9	-1.461634697	0.176260604	-0.930573034	-0.98384954	0.401179238	0.652543767	0.23512669	0.711335562
262	-1.461634697	0.176260604	-0.930573034	-0.98384954	0.401179238	0.652543767	0.23512669	0.711335562
262.1	-1.461634697	0.176260604	-0.930573034	-0.98384954	0.401179238	0.652543767	0.23512669	0.711335562
262.2	-1.461634697	0.176260604	-0.930573034	-0.98384954	0.401179238	0.652543767	0.23512669	0.711335562
262.3	-1.461634697	0.176260604	-0.930573034	-0.98384954	0.401179238	0.652543767	0.23512669	0.711335562
262.4	-1.461634697	0.176260604	-0.930573034	-0.98384954	0.401179238	0.652543767	0.23512669	0.711335562
262.5	-1.461634697	0.176260604	-0.930573034	-0.98384954	0.401179238	0.652543767	0.23512669	0.711335562
262.6	-1.461634697	0.176260604	-0.930573034	-0.98384954	0.401179238	0.652543767	0.23512669	0.711335562
262.7	-1.461634697	0.176260604	-0.930573034	-0.98384954	0.401179238	0.652543767	0.23512669	0.711335562
262.8	-1.461634697	0.176260604	-0.930573034	-0.98384954	0.401179238	0.652543767	0.23512669	0.711335562
262.9	-1.461634697	0.176260604	-0.930573034	-0.98384954	0.401179238	0.652543767	0.23512669	0.711335562
263	-1.461634697	0.176260604	-0.930573034	-0.98384954	0.401179238	0.652543767	0.23512669	0.711335562
263.1	-1.461634697	0.176260604	-0.930573034	-0.98384954	0.401179238	0.652543767	0.23512669	0.711335562
263.2	-1.461634697	0.176260604	-0.930573034	-0.98384954	0.401179238	0.652543767	0.23512669	0.711335562
263.3	-1.461634697	0.176260604	-0.930573034	-0.98384954	0.401179238	0.652543767	0.23512669	0.711335562
263.4	-1.461634697	0.176260604	-0.930573034	-0.98384954	0.401179238	0.652543767	0.23512669	0.711335562
263.5	-1.461634697	0.176260604	-0.930573034	-0.98384954	0.401179238	0.652543767	0.23512669	0.711335562
263.6	-1.461634697	0.176260604	-0.930573034	-0.98384954	0.401179238	0.652543767	0.23512669	0.711335562
263.7	-1.461634697	0.176260604	-0.930573034	-0.98384954	0.401179238	0.652543767	0.23512669	0.711335562
263.8	-1.461634697	0.176260604	-0.930573034	-0.98384954	0.401179238	0.652543767	0.23512669	0.711335562
263.9	-1.461634697	0.176260604	-0.930573034	-0.98384954	0.401179238	0.652543767	0.23512669	0.711335562
264	-1.461634697	0.176260604	-0.930573034	-0.98384954	0.401179238	0.652543767	0.23512669	0.711335562
264.1	-1.461634697	0.176260604	-0.930573034	-0.98384954	0.401179238	0.652543767	0.23512669	0.711335562
264.2	-1.461634697	0.176260604	-0.930573034	-0.98384954	0.401179238	0.652543767	0.23512669	0.711335562
264.3	-1.461634697	0.176260604	-0.930573034	-0.98384954	0.401179238	0.652543767	0.23512669	0.711335562
264.4	-1.461634697	0.176260604	-0.930573034	-0.98384954	0.401179238	0.652543767	0.23512669	0.711335562
264.5	-1.461634697	0.176260604	-0.930573034	-0.98384954	0.401179238	0.652543767	0.23512669	0.711335562
264.6	-1.461634697	0.176260604	-0.930573034	-0.98384954	0.401179238	0.652543767	0.23512669	0.711335562
264.7	-1.461634697	0.176260604	-0.930573034	-0.98384954	0.401179238	0.652543767	0.23512669	0.711335562
264.8	-1.461634697	0.176260604	-0.930573034	-0.98384954	0.401179238	0.652543767	0.23512669	0.711335562
264.9	-1.461634697	0.176260604	-0.930573034	-0.98384954	0.401179238	0.652543767	0.23512669	0.711335562
265	-1.461634697	0.176260604	-0.930573034	-0.98384954	0.401179238	0.652543767	0.23512669	0.711335562
265.1	-0.72037022	1.96567313	-2.069371169	0.218691112	-1.063146967	1.082420775	2.865255767	-0.622770717
265.2	-0.72037022	1.96567313	-2.069371169	0.218691112	-1.063146967	1.082420775	2.865255767	-0.622770717
265.3	-0.72037022	1.96567313	-2.069371169	0.218691112	-1.063146967	1.082420775	2.865255767	-0.622770717
265.4	-0.72037022	1.96567313	-2.069371169	0.218691112	-1.063146967	1.082420775	2.865255767	-0.622770717
265.5	-0.72037022	1.96567313	-2.069371169	0.218691112	-1.063146967	1.082420775	2.865255767	-0.622770717
265.6	-0.72037022	1.96567313	-2.069371169	0.218691112	-1.063146967	1.082420775	2.865255767	-0.622770717
265.7	-0.72037022	1.96567313	-2.069371169	0.218691112	-1.063146967	1.082420775	2.865255767	-0.622770717
265.8	-0.72037022	1.96567313	-2.069371169	0.218691112	-1.063146967	1.082420775	2.865255767	-0.622770717
265.9	-0.72037022	1.96567313	-2.069371169	0.218691112	-1.063146967	1.082420775	2.865255767	-0.622770717
266	-0.72037022	1.96567313	-2.069371169	0.218691112	-1.063146967	1.082420775	2.865255767	-0.622770717
266.1	-0.72037022	1.96567313	-2.069371169	0.218691112	-1.063146967	1.082420775	2.865255767	-0.622770717
266.2	-0.72037022	1.96567313	-2.069371169	0.218691112	-1.063146967	1.082420775	2.865255767	-0.622770717
266.3	-0.72037022	1.96567313	-2.069371169	0.218691112	-1.063146967	1.082420775	2.865255767	-0.622770717
266.4	-0.72037022	1.96567313	-2.069371169	0.218691112	-1.063146967	1.082420775	2.865255767	-0.622770717
266.5	-0.72037022	1.96567313	-2.069371169	0.218691112	-1.063146967	1.082420775	2.865255767	-0.622770717
266.6	-0.72037022	1.96567313	-2.069371169	0.218691112	-1.063146967	1.082420775	2.865255767	-0.622770717
266.7	-0.72037022	1.96567313	-2.069371169	0.218691112	-1.063146967	1.082420775	2.865255767	-0.622770717
266.8	-0.72037022	1.96567313	-2.069371169	0.218691112	-1.063146967	1.082420775	2.865255767	-0.622770717
266.9	-0.72037022	1.96567313	-2.069371169	0.218691112	-1.063146967	1.082420775	2.865255767	-0.622770717
267	-0.72037022	1.96567313	-2.069371169	0.218691112	-1.063146967	1.082420775	2.865255767	-0.622770717
267.1	-0.72037022	1.96567313	-2.069371169	0.218691112	-1.063146967	1.082420775	2.865255767	-0.622770717
267.2	-0.72037022	1.96567313	-2.069371169	0.218691112	-1.063146967	1.082420775	2.865255767	-0.622770717
267.3	-0.72037022	1.96567313	-2.069371169	0.218691112	-1.063146967	1.082420775	2.865255767	-0.622770717
267.4	-0.72037022	1.96567313	-2.069371169	0.218691112	-1.063146967	1.082420775	2.865255767	-0.622770717
267.5	-0.72037022	1.96567313	-2.069371169	0.218691112	-1.063146967	1.082420775	2.865255767	-0.622770717
267.6	-0.72037022	1.96567313	-2.069371169	0.218691112	-1.063146967	1.082420775	2.865255767	-0.622770717
267.7	-0.72037022	1.96567313	-2.069371169	0.218691112	-1.063146967	1.082420775	2.865255767	-0.622770717
267.8	-0.72037022	1.96567313	-2.069371169	0.218691112	-1.063146967	1.082420775	2.865255767	-0.622770717
267.9	-0.72037022	1.96567313	-2.069371169	0.218691112	-1.063146967	1.082420775	2.865255767	-0.622770717
268	-0.72037022	1.96567313	-2.069371169	0.218691112	-1.063146967	1.082420775	2.865255767	-0.622770717
268.1	-0.72037022	1.96567313	-2.069371169	0.218691112	-1.063146967	1.082420775	2.865255767	-0.622770717
268.2	-0.72037022	1.96567313	-2.069371169	0.218691112	-1.063146967	1.082420775	2.865255767	-0.622770717
268.3	-0.72037022	1.96567313	-2.069371169	0.218691112	-1.063146967	1.082420775	2.865255767	-0.622770717
268.4	-0.72037022	1.96567313	-2.069371169	0.218691112	-1.063146967	1.082420775	2.865255767	-0.622770717
268.5	-0.72037022	1.96567313	-2.069371169	0.218691112	-1.063146967	1.082420775	2.865255767	-0.622770717
268.6	-0.72037022	1.96567313	-2.069371169	0.218691112	-1.063146967	1.082420775	2.865255767	-0.622770717
268.7	-0.72037022	1.96567313	-2.069371169	0.218691112	-1.063146967	1.082420775	2.865255767	-0.622770717
268.8	0.71369526	0.604093623	-0.053393758	0.73671033	-0.621412329	-0.025145027	0.628997783	-0.492108337
268.9	0.71369526	0.604093623	-0.053393758	0.73671033	-0.621412329	-0.025145027	0.628997783	-0.492108337
269	0.71369526	0.604093623	-0.053393758	0.73671033	-0.621412329	-0.025145027	0.628997783	-0.492108337
269.1	0.71369526	0.604093623	-0.053393758	0.73671033	-0.621412329	-0.025145027	0.628997783	-0.492108337
269.2	0.71369526	0.604093623	-0.053393758	0.73671033	-0.621412329	-0.025145027	0.628997783	-0.492108337
269.3	0.71369526	0.604093623	-0.053393758	0.73671033	-0.621412329	-0.025145027	0.628997783	-0.492108337
269.4	0.71369526	0.604093623	-0.053393758	0.73671033	-0.621412329	-0.025145027	0.628997783	-0.492108337
269.5	0.71369526	0.604093623	-0.053393758	0.73671033	-0.621412329	-0.025145027	0.628997783	-0.492108337
269.6	0.71369526	0.604093623	-0.053393758	0.73671033	-0.621412329	-0.025145027	0.628997783	-0.492108337
269.7	0.71369526	0.604093623	-0.053393758	0.73671033	-0.621412329	-0.025145027	0.628997783	-0.492108337
269.8	0.71369526	0.604093623	-0.053393758	0.73671033	-0.621412329	-0.025145027	0.628997783	-0.492108337
269.9	0.71369526	0.604093623	-0.053393758	0.73671033	-0.621412329	-0.025145027	0.628997783	-0.492108337
270	0.71369526	0.604093623	-0.053393758	0.73671033	-0.621412329	-0.025145027	0.628997783	-0.492108337
270.1	0.71369526	0.604093623	-0.053393758	0.73671033	-0.621412329	-0.025145027	0.628997783	-0.492108337
270.2	0.71369526	0.604093623	-0.053393758	0.73671033	-0.621412329	-0.025145027	0.628997783	-0.492108337
270.3	0.71369526	0.604093623	-0.053393758	0.73671033	-0.621412329	-0.025145027	0.628997783	-0.492108337
270.4	0.71369526	0.604093623	-0.053393758	0.73671033	-0.621412329	-0.025145027	0.628997783	-0.492108337
270.5	0.71369526	0.604093623	-0.053393758	0.73671033	-0.621412329	-0.025145027	0.628997783	-0.492108337
270.6	0.71369526	0.604093623	-0.053393758	0.73671033	-0.621412329	-0.025145027	0.628997783	-0.492108337
270.7	0.71369526	0.604093623	-0.053393758	0.73671033	-0.621412329	-0.025145027	0.628997783	-0.492108337
270.8	0.71369526	0.604093623	-0.053393758	0.73671033	-0.621412329	-0.025145027	0.628997783	-0.492108337
270.9	0.71369526	0.604093623	-0.053393758	0.73671033	-0.621412329	-0.025145027	0.628997783	-0.492108337
271	0.71369526	0.604093623	-0.053393758	0.73671033	-0.621412329	-0.025145027	0.628997783	-0.492108337
271.1	0.71369526	0.604093623	-0.053393758	0.73671033	-0.621412329	-0.025145027	0.628997783	-0.492108337
271.2	0.71369526	0.604093623	-0.053393758	0.73671033	-0.621412329	-0.025145027	0.628997783	-0.492108337
271.3	0.71369526	0.604093623	-0.053393758	0.73671033	-0.621412329	-0.025145027	0.628997783	-0.492108337
271.4	0.71369526	0.604093623	-0.053393758	0.73671033	-0.621412329	-0.025145027	0.628997783	-0.492108337
271.5	0.71369526	0.604093623	-0.053393758	0.73671033	-0.621412329	-0.025145027	0.628997783	-0.492108337
271.6	0.71369526	0.604093623	-0.053393758	0.73671033	-0.621412329	-0.025145027	0.628997783	-0.492108337
271.7	0.71369526	0.604093623	-0.053393758	0.73671033	-0.621412329	-0.025145027	0.628997783	-0.492108337
271.8	0.71369526	0.604093623	-0.053393758	0.73671033	-0.621412329	-0.025145027	0.628997783	-0.492108337
271.9	0.71369526	0.604093623	-0.053393758	0.73671033	-0.621412329	-0.025145027	0.628997783	-0.492108337
272	0.71369526	0.604093623	-0.053393758	0.73671033	-0.621412329	-0.025145027	0.628997783	-0.492108337
272.1	0.71369526	0.604093623	-0.053393758	0.73671033	-0.621412329	-0.025145027	0.628997783	-0.492108337
272.2	0.71369526	0.604093623	-0.053393758	0.73671033	-0.621412329	-0.025145027	0.628997783	-0.492108337
272.3	0.71369526	0.604093623	-0.053393758	0.73671033	-0.621412329	-0.025145027	0.628997783	-0.492108337
272.4	0.71369526	0.604093623	-0.053393758	0.73671033	-0.621412329	-0.025145027	0.628997783	-0.492108337
272.5	0.71369526	0.604093623	-0.053393758	0.73671033	-0.621412329	-0.025145027	0.628997783	-0.492108337
272.6	0.71369526	0.604093623	-0.053393758	0.73671033	-0.621412329	-0.025145027	0.628997783	-0.492108337
272.7	0.71369526	0.604093623	-0.053393758	0.73671033	-0.621412329	-0.025145027	0.628997783	-0.492108337
272.8	0.71369526	0.604093623	-0.053393758	0.73671033	-0.621412329	-0.025145027	0.628997783	-0.492108337
272.9	0.71369526	0.604093623	-0.053393758	0.73671033	-0.621412329	-0.025145027	0.628997783	-0.492108337
272.95	1.220341628	-1.045776914	0.021844444	1.218272459	-0.980480353	-0.645122367	-1.065778223	-0.09633432
273	1.220341628	-1.045776914	0.021844444	1.218272459	-0.980480353	-0.645122367	-1.065778223	-0.09633432
273.1	1.220341628	-1.045776914	0.021844444	1.218272459	-0.980480353	-0.645122367	-1.065778223	-0.09633432
273.2	1.220341628	-1.045776914	0.021844444	1.218272459	-0.980480353	-0.645122367	-1.065778223	-0.09633432
273.3	1.220341628	-1.045776914	0.021844444	1.218272459	-0.980480353	-0.645122367	-1.065778223	-0.09633432
273.4	1.220341628	-1.045776914	0.021844444	1.218272459	-0.980480353	-0.645122367	-1.065778223	-0.09633432
273.5	1.220341628	-1.045776914	0.021844444	1.218272459	-0.980480353	-0.645122367	-1.065778223	-0.09633432
273.6	1.220341628	-1.045776914	0.021844444	1.218272459	-0.980480353	-0.645122367	-1.065778223	-0.09633432
273.7	1.220341628	-1.045776914	0.021844444	1.218272459	-0.980480353	-0.645122367	-1.065778223	-0.09633432
273.8	1.220341628	-1.045776914	0.021844444	1.218272459	-0.980480353	-0.645122367	-1.065778223	-0.09633432
273.9	1.220341628	-1.045776914	0.021844444	1.218272459	-0.980480353	-0.645122367	-1.065778223	-0.09633432
274	1.220341628	-1.045776914	0.021844444	1.218272459	-0.980480353	-0.645122367	-1.065778223	-0.09633432
274.1	1.220341628	-1.045776914	0.021844444	1.218272459	-0.980480353	-0.645122367	-1.065778223	-0.09633432
274.2	1.220341628	-1.045776914	0.021844444	1.218272459	-0.980480353	-0.645122367	-1.065778223	-0.09633432
274.3	1.220341628	-1.045776914	0.021844444	1.218272459	-0.980480353	-0.645122367	-1.065778223	-0.09633432
274.4	1.220341628	-1.045776914	0.021844444	1.218272459	-0.980480353	-0.645122367	-1.065778223	-0.09633432
274.5	1.220341628	-1.045776914	0.021844444	1.218272459	-0.980480353	-0.645122367	-1.065778223	-0.09633432
274.6	1.220341628	-1.045776914	0.021844444	1.218272459	-0.980480353	-0.645122367	-1.065778223	-0.09633432
274.7	1.220341628	-1.045776914	0.021844444	1.218272459	-0.980480353	-0.645122367	-1.065778223	-0.09633432
274.8	1.220341628	-1.045776914	0.021844444	1.218272459	-0.980480353	-0.645122367	-1.065778223	-0.09633432
274.9	1.220341628	-1.045776914	0.021844444	1.218272459	-0.980480353	-0.645122367	-1.065778223	-0.09633432
275	1.220341628	-1.045776914	0.021844444	1.218272459	-0.980480353	-0.645122367	-1.065778223	-0.09633432
275.1	1.220341628	-1.045776914	0.021844444	1.218272459	-0.980480353	-0.645122367	-1.065778223	-0.09633432
275.2	1.220341628	-1.045776914	0.021844444	1.218272459	-0.980480353	-0.645122367	-1.065778223	-0.09633432
275.3	1.220341628	-1.045776914	0.021844444	1.218272459	-0.980480353	-0.645122367	-1.065778223	-0.09633432
275.4	1.220341628	-1.045776914	0.021844444	1.218272459	-0.980480353	-0.645122367	-1.065778223	-0.09633432
275.5	1.220341628	-1.045776914	0.021844444	1.218272459	-0.980480353	-0.645122367	-1.065778223	-0.09633432
275.6	1.220341628	-1.045776914	0.021844444	1.218272459	-0.980480353	-0.645122367	-1.065778223	-0.09633432
275.7	1.220341628	-1.045776914	0.021844444	1.218272459	-0.980480353	-0.645122367	-1.065778223	-0.09633432
275.8	1.220341628	-1.045776914	0.021844444	1.218272459	-0.980480353	-0.645122367	-1.065778223	-0.09633432
275.9	1.220341628	-1.045776914	0.021844444	1.218272459	-0.980480353	-0.645122367	-1.065778223	-0.09633432
276	1.220341628	-1.045776914	0.021844444	1.218272459	-0.980480353	-0.645122367	-1.065778223	-0.09633432
276.1	1.220341628	-1.045776914	0.021844444	1.218272459	-0.980480353	-0.645122367	-1.065778223	-0.09633432
276.2	1.220341628	-1.045776914	0.021844444	1.218272459	-0.980480353	-0.645122367	-1.065778223	-0.09633432
276.3	1.220341628	-1.045776914	0.021844444	1.218272459	-0.980480353	-0.645122367	-1.065778223	-0.09633432
276.4	1.220341628	-1.045776914	0.021844444	1.218272459	-0.980480353	-0.645122367	-1.065778223	-0.09633432
276.5	1.220341628	-1.045776914	0.021844444	1.218272459	-0.980480353	-0.645122367	-1.065778223	-0.09633432
276.6	1.220341628	-1.045776914	0.021844444	1.218272459	-0.980480353	-0.645122367	-1.065778223	-0.09633432
276.7	1.220341628	-1.045776914	0.021844444	1.218272459	-0.980480353	-0.645122367	-1.065778223	-0.09633432
276.8	1.220341628	-1.045776914	0.021844444	1.218272459	-0.980480353	-0.645122367	-1.065778223	-0.09633432
276.9	1.220341628	-1.045776914	0.021844444	1.218272459	-0.980480353	-0.645122367	-1.065778223	-0.09633432
277	1.220341628	-1.045776914	0.021844444	1.218272459	-0.980480353	-0.645122367	-1.065778223	-0.09633432
277.1	1.220341628	-1.045776914	0.021844444	1.218272459	-0.980480353	-0.645122367	-1.065778223	-0.09633432
277.2	1.220341628	-1.045776914	0.021844444	1.218272459	-0.980480353	-0.645122367	-1.065778223	-0.09633432
277.3	1.220341628	-1.045776914	0.021844444	1.218272459	-0.980480353	-0.645122367	-1.065778223	-0.09633432
277.4	1.220341628	-1.045776914	0.021844444	1.218272459	-0.980480353	-0.645122367	-1.065778223	-0.09633432
277.5	1.220341628	-1.045776914	0.021844444	1.218272459	-0.980480353	-0.645122367	-1.065778223	-0.09633432
277.6	1.220341628	-1.045776914	0.021844444	1.218272459	-0.980480353	-0.645122367	-1.065778223	-0.09633432
277.7	1.220341628	-1.045776914	0.021844444	1.218272459	-0.980480353	-0.645122367	-1.065778223	-0.09633432
277.8	1.220341628	-1.045776914	0.021844444	1.218272459	-0.980480353	-0.645122367	-1.065778223	-0.09633432
277.9	1.220341628	-1.045776914	0.021844444	1.218272459	-0.980480353	-0.645122367	-1.065778223	-0.09633432
278	1.220341628	-1.045776914	0.021844444	1.218272459	-0.980480353	-0.645122367	-1.065778223	-0.09633432
278.1	1.220341628	-1.045776914	0.021844444	1.218272459	-0.980480353	-0.645122367	-1.065778223	-0.09633432
278.2	1.220341628	-1.045776914	0.021844444	1.218272459	-0.980480353	-0.645122367	-1.065778223	-0.09633432
278.3	1.220341628	-1.045776914	0.021844444	1.218272459	-0.980480353	-0.645122367	-1.065778223	-0.09633432
278.4	1.220341628	-1.045776914	0.021844444	1.218272459	-0.980480353	-0.645122367	-1.065778223	-0.09633432
278.5	1.220341628	-1.045776914	0.021844444	1.218272459	-0.980480353	-0.645122367	-1.065778223	-0.09633432
278.6	1.220341628	-1.045776914	0.021844444	1.218272459	-0.980480353	-0.645122367	-1.065778223	-0.09633432
278.7	1.220341628	-1.045776914	0.021844444	1.218272459	-0.980480353	-0.645122367	-1.065778223	-0.09633432
278.8	1.220341628	-1.045776914	0.021844444	1.218272459	-0.980480353	-0.645122367	-1.065778223	-0.09633432
278.9	1.220341628	-1.045776914	0.021844444	1.218272459	-0.980480353	-0.645122367	-1.065778223	-0.09633432
279	1.220341628	-1.045776914	0.021844444	1.218272459	-0.980480353	-0.645122367	-1.065778223	-0.09633432
279.1	1.220341628	-1.045776914	0.021844444	1.218272459	-0.980480353	-0.645122367	-1.065778223	-0.09633432
279.2	1.220341628	-1.045776914	0.021844444	1.218272459	-0.980480353	-0.645122367	-1.065778223	-0.09633432
279.3	1.220341628	-1.045776914	0.021844444	1.218272459	-0.980480353	-0.645122367	-1.065778223	-0.09633432
279.4	1.220341628	-1.045776914	0.021844444	1.218272459	-0.980480353	-0.645122367	-1.065778223	-0.09633432
279.5	1.220341628	-1.045776914	0.021844444	1.218272459	-0.980480353	-0.645122367	-1.065778223	-0.09633432
279.6	1.220341628	-1.045776914	0.021844444	1.218272459	-0.980480353	-0.645122367	-1.065778223	-0.09633432
279.7	1.220341628	-1.045776914	0.021844444	1.218272459	-0.980480353	-0.645122367	-1.065778223	-0.09633432
279.8	1.220341628	-1.045776914	0.021844444	1.218272459	-0.980480353	-0.645122367	-1.065778223	-0.09633432
279.9	1.220341628	-1.045776914	0.021844444	1.218272459	-0.980480353	-0.645122367	-1.065778223	-0.09633432
280	1.220341628	-1.045776914	0.021844444	1.218272459	-0.980480353	-0.645122367	-1.065778223	-0.09633432
280.1	1.220341628	-1.045776914	0.021844444	1.218272459	-0.980480353	-0.645122367	-1.065778223	-0.09633432
280.2	1.220341628	-1.045776914	0.021844444	1.218272459	-0.980480353	-0.645122367	-1.065778223	-0.09633432
280.3	1.220341628	-1.045776914	0.021844444	1.218272459	-0.980480353	-0.645122367	-1.065778223	-0.09633432
280.4	1.220341628	-1.045776914	0.021844444	1.218272459	-0.980480353	-0.645122367	-1.065778223	-0.09633432
280.5	1.220341628	-1.045776914	0.021844444	1.218272459	-0.980480353	-0.645122367	-1.065778223	-0.09633432
280.6	1.220341628	-1.045776914	0.021844444	1.218272459	-0.980480353	-0.645122367	-1.065778223	-0.09633432
280.7	1.220341628	-1.045776914	0.021844444	1.218272459	-0.980480353	-0.645122367	-1.065778223	-0.09633432
280.8	1.220341628	-1.045776914	0.021844444	1.218272459	-0.980480353	-0.645122367	-1.065778223	-0.09633432
280.9	1.220341628	-1.045776914	0.021844444	1.218272459	-0.980480353	-0.645122367	-1.065778223	-0.09633432
281	1.220341628	-1.045776914	0.021844444	1.218272459	-0.980480353	-0.645122367	-1.065778223	-0.09633432
281.1	1.220341628	-1.045776914	0.021844444	1.218272459	-0.980480353	-0.645122367	-1.065778223	-0.09633432
281.2	1.220341628	-1.045776914	0.021844444	1.218272459	-0.980480353	-0.645122367	-1.065778223	-0.09633432
281.3	1.220341628	-1.045776914	0.021844444	1.218272459	-0.980480353	-0.645122367	-1.065778223	-0.09633432
281.4	1.220341628	-1.045776914	0.021844444	1.218272459	-0.980480353	-0.645122367	-1.065778223	-0.09633432
281.5	1.220341628	-1.045776914	0.021844444	1.218272459	-0.980480353	-0.645122367	-1.065778223	-0.09633432
281.6	1.220341628	-1.045776914	0.021844444	1.218272459	-0.980480353	-0.645122367	-1.065778223	-0.09633432
281.7	1.220341628	-1.045776914	0.021844444	1.218272459	-0.980480353	-0.645122367	-1.065778223	-0.09633432
281.8	1.220341628	-1.045776914	0.021844444	1.218272459	-0.980480353	-0.645122367	-1.065778223	-0.09633432
281.9	1.220341628	-1.045776914	0.021844444	1.218272459	-0.980480353	-0.645122367	-1.065778223	-0.09633432
282	1.220341628	-1.045776914	0.021844444	1.218272459	-0.980480353	-0.645122367	-1.065778223	-0.09633432
282.1	1.220341628	-1.045776914	0.021844444	1.218272459	-0.980480353	-0.645122367	-1.065778223	-0.09633432
282.2	1.220341628	-1.045776914	0.021844444	1.218272459	-0.980480353	-0.645122367	-1.065778223	-0.09633432
282.3	1.220341628	-1.045776914	0.021844444	1.218272459	-0.980480353	-0.645122367	-1.065778223	-0.09633432
282.4	1.220341628	-1.045776914	0.021844444	1.218272459	-0.980480353	-0.645122367	-1.065778223	-0.09633432
282.5	1.220341628	-1.045776914	0.021844444	1.218272459	-0.980480353	-0.645122367	-1.065778223	-0.09633432
282.6	1.220341628	-1.045776914	0.021844444	1.218272459	-0.980480353	-0.645122367	-1.065778223	-0.09633432
282.7	1.220341628	-1.045776914	0.021844444	1.218272459	-0.980480353	-0.645122367	-1.065778223	-0.09633432
282.8	1.220341628	-1.045776914	0.021844444	1.218272459	-0.980480353	-0.645122367	-1.065778223	-0.09633432
282.9	1.220341628	-1.045776914	0.021844444	1.218272459	-0.980480353	-0.645122367	-1.065778223	-0.09633432
283	1.220341628	-1.045776914	0.021844444	1.218272459	-0.980480353	-0.645122367	-1.065778223	-0.09633432
283.1	1.220341628	-1.045776914	0.021844444	1.218272459	-0.980480353	-0.645122367	-1.065778223	-0.09633432
283.2	1.220341628	-1.045776914	0.021844444	1.218272459	-0.980480353	-0.645122367	-1.065778223	-0.09633432
283.3	1.220341628	-1.045776914	0.021844444	1.218272459	-0.980480353	-0.645122367	-1.065778223	-0.09633432
283.4	1.220341628	-1.045776914	0.021844444	1.218272459	-0.980480353	-0.645122367	-1.065778223	-0.09633432
283.5	1.170179814	-0.066944963	-0.068629055	1.282866862	-1.07167503	0.317715233	-0.719814486	0.953957157
283.6	1.170179814	-0.066944963	-0.068629055	1.282866862	-1.07167503	0.317715233	-0.719814486	0.953957157
283.7	1.170179814	-0.066944963	-0.068629055	1.282866862	-1.07167503	0.317715233	-0.719814486	0.953957157
283.8	1.170179814	-0.066944963	-0.068629055	1.282866862	-1.07167503	0.317715233	-0.719814486	0.953957157
283.9	1.170179814	-0.066944963	-0.068629055	1.282866862	-1.07167503	0.317715233	-0.719814486	0.953957157
284	1.170179814	-0.066944963	-0.068629055	1.282866862	-1.07167503	0.317715233	-0.719814486	0.953957157
284.1	1.170179814	-0.066944963	-0.068629055	1.282866862	-1.07167503	0.317715233	-0.719814486	0.953957157
284.2	1.170179814	-0.066944963	-0.068629055	1.282866862	-1.07167503	0.317715233	-0.719814486	0.953957157
284.3	1.170179814	-0.066944963	-0.068629055	1.282866862	-1.07167503	0.317715233	-0.719814486	0.953957157
284.4	1.170179814	-0.066944963	-0.068629055	1.282866862	-1.07167503	0.317715233	-0.719814486	0.953957157
284.5	1.170179814	-0.066944963	-0.068629055	1.282866862	-1.07167503	0.317715233	-0.719814486	0.953957157
284.6	1.170179814	-0.066944963	-0.068629055	1.282866862	-1.07167503	0.317715233	-0.719814486	0.953957157
284.7	1.170179814	-0.066944963	-0.068629055	1.282866862	-1.07167503	0.317715233	-0.719814486	0.953957157
284.8	1.170179814	-0.066944963	-0.068629055	1.282866862	-1.07167503	0.317715233	-0.719814486	0.953957157
284.9	1.170179814	-0.066944963	-0.068629055	1.282866862	-1.07167503	0.317715233	-0.719814486	0.953957157
285	1.170179814	-0.066944963	-0.068629055	1.282866862	-1.07167503	0.317715233	-0.719814486	0.953957157
285.1	1.170179814	-0.066944963	-0.068629055	1.282866862	-1.07167503	0.317715233	-0.719814486	0.953957157
285.2	1.170179814	-0.066944963	-0.068629055	1.282866862	-1.07167503	0.317715233	-0.719814486	0.953957157
285.3	1.170179814	-0.066944963	-0.068629055	1.282866862	-1.07167503	0.317715233	-0.719814486	0.953957157
285.4	1.170179814	-0.066944963	-0.068629055	1.282866862	-1.07167503	0.317715233	-0.719814486	0.953957157
285.5	1.170179814	-0.066944963	-0.068629055	1.282866862	-1.07167503	0.317715233	-0.719814486	0.953957157
285.6	1.170179814	-0.066944963	-0.068629055	1.282866862	-1.07167503	0.317715233	-0.719814486	0.953957157
285.7	1.170179814	-0.066944963	-0.068629055	1.282866862	-1.07167503	0.317715233	-0.719814486	0.953957157
285.8	1.170179814	-0.066944963	-0.068629055	1.282866862	-1.07167503	0.317715233	-0.719814486	0.953957157
285.9	1.170179814	-0.066944963	-0.068629055	1.282866862	-1.07167503	0.317715233	-0.719814486	0.953957157
286	1.170179814	-0.066944963	-0.068629055	1.282866862	-1.07167503	0.317715233	-0.719814486	0.953957157
286.1	1.170179814	-0.066944963	-0.068629055	1.282866862	-1.07167503	0.317715233	-0.719814486	0.953957157
286.2	1.170179814	-0.066944963	-0.068629055	1.282866862	-1.07167503	0.317715233	-0.719814486	0.953957157
286.3	1.170179814	-0.066944963	-0.068629055	1.282866862	-1.07167503	0.317715233	-0.719814486	0.953957157
286.4	1.170179814	-0.066944963	-0.068629055	1.282866862	-1.07167503	0.317715233	-0.719814486	0.953957157
286.5	1.170179814	-0.066944963	-0.068629055	1.282866862	-1.07167503	0.317715233	-0.719814486	0.953957157
286.6	1.170179814	-0.066944963	-0.068629055	1.282866862	-1.07167503	0.317715233	-0.719814486	0.953957157
286.7	1.170179814	-0.066944963	-0.068629055	1.282866862	-1.07167503	0.317715233	-0.719814486	0.953957157
286.8	1.170179814	-0.066944963	-0.068629055	1.282866862	-1.07167503	0.317715233	-0.719814486	0.953957157
286.9	1.170179814	-0.066944963	-0.068629055	1.282866862	-1.07167503	0.317715233	-0.719814486	0.953957157
287	1.170179814	-0.066944963	-0.068629055	1.282866862	-1.07167503	0.317715233	-0.719814486	0.953957157
287.1	1.170179814	-0.066944963	-0.068629055	1.282866862	-1.07167503	0.317715233	-0.719814486	0.953957157
287.2	1.170179814	-0.066944963	-0.068629055	1.282866862	-1.07167503	0.317715233	-0.719814486	0.953957157
287.3	1.170179814	-0.066944963	-0.068629055	1.282866862	-1.07167503	0.317715233	-0.719814486	0.953957157
287.4	1.170179814	-0.066944963	-0.068629055	1.282866862	-1.07167503	0.317715233	-0.719814486	0.953957157
287.5	1.170179814	-0.066944963	-0.068629055	1.282866862	-1.07167503	0.317715233	-0.719814486	0.953957157
287.6	1.170179814	-0.066944963	-0.068629055	1.282866862	-1.07167503	0.317715233	-0.719814486	0.953957157
287.7	1.170179814	-0.066944963	-0.068629055	1.282866862	-1.07167503	0.317715233	-0.719814486	0.953957157
287.8	1.170179814	-0.066944963	-0.068629055	1.282866862	-1.07167503	0.317715233	-0.719814486	0.953957157
287.9	1.170179814	-0.066944963	-0.068629055	1.282866862	-1.07167503	0.317715233	-0.719814486	0.953957157
288	1.170179814	-0.066944963	-0.068629055	1.282866862	-1.07167503	0.317715233	-0.719814486	0.953957157
288.1	1.170179814	-0.066944963	-0.068629055	1.282866862	-1.07167503	0.317715233	-0.719814486	0.953957157
288.2	1.170179814	-0.066944963	-0.068629055	1.282866862	-1.07167503	0.317715233	-0.719814486	0.953957157
288.3	1.170179814	-0.066944963	-0.068629055	1.282866862	-1.07167503	0.317715233	-0.719814486	0.953957157
288.4	1.170179814	-0.066944963	-0.068629055	1.282866862	-1.07167503	0.317715233	-0.719814486	0.953957157
288.5	1.170179814	-0.066944963	-0.068629055	1.282866862	-1.07167503	0.317715233	-0.719814486	0.953957157
288.6	1.170179814	-0.066944963	-0.068629055	1.282866862	-1.07167503	0.317715233	-0.719814486	0.953957157
288.7	1.170179814	-0.066944963	-0.068629055	1.282866862	-1.07167503	0.317715233	-0.719814486	0.953957157
288.8	1.170179814	-0.066944963	-0.068629055	1.282866862	-1.07167503	0.317715233	-0.719814486	0.953957157
288.9	1.170179814	-0.066944963	-0.068629055	1.282866862	-1.07167503	0.317715233	-0.719814486	0.953957157
289	1.170179814	-0.066944963	-0.068629055	1.282866862	-1.07167503	0.317715233	-0.719814486	0.953957157
289.1	1.170179814	-0.066944963	-0.068629055	1.282866862	-1.07167503	0.317715233	-0.719814486	0.953957157
289.2	1.170179814	-0.066944963	-0.068629055	1.282866862	-1.07167503	0.317715233	-0.719814486	0.953957157
289.3	1.170179814	-0.066944963	-0.068629055	1.282866862	-1.07167503	0.317715233	-0.719814486	0.953957157
289.4	1.170179814	-0.066944963	-0.068629055	1.282866862	-1.07167503	0.317715233	-0.719814486	0.953957157
289.5	1.170179814	-0.066944963	-0.068629055	1.282866862	-1.07167503	0.317715233	-0.719814486	0.953957157
289.6	1.170179814	-0.066944963	-0.068629055	1.282866862	-1.07167503	0.317715233	-0.719814486	0.953957157
289.7	1.170179814	-0.066944963	-0.068629055	1.282866862	-1.07167503	0.317715233	-0.719814486	0.953957157
289.8	1.170179814	-0.066944963	-0.068629055	1.282866862	-1.07167503	0.317715233	-0.719814486	0.953957157
289.9	1.170179814	-0.066944963	-0.068629055	1.282866862	-1.07167503	0.317715233	-0.719814486	0.953957157
290	1.170179814	-0.066944963	-0.068629055	1.282866862	-1.07167503	0.317715233	-0.719814486	0.953957157
290.1	1.004501878	-0.868185257	-0.221353489	1.106118851	-0.993419331	-0.657032252	-1.034263045	-0.135395185
290.2	1.004501878	-0.868185257	-0.221353489	1.106118851	-0.993419331	-0.657032252	-1.034263045	-0.135395185
290.3	1.004501878	-0.868185257	-0.221353489	1.106118851	-0.993419331	-0.657032252	-1.034263045	-0.135395185
290.4	1.004501878	-0.868185257	-0.221353489	1.106118851	-0.993419331	-0.657032252	-1.034263045	-0.135395185
290.5	1.004501878	-0.868185257	-0.221353489	1.106118851	-0.993419331	-0.657032252	-1.034263045	-0.135395185
290.6	1.004501878	-0.868185257	-0.221353489	1.106118851	-0.993419331	-0.657032252	-1.034263045	-0.135395185
290.7	1.004501878	-0.868185257	-0.221353489	1.106118851	-0.993419331	-0.657032252	-1.034263045	-0.135395185
290.8	1.004501878	-0.868185257	-0.221353489	1.106118851	-0.993419331	-0.657032252	-1.034263045	-0.135395185
290.9	1.004501878	-0.868185257	-0.221353489	1.106118851	-0.993419331	-0.657032252	-1.034263045	-0.135395185
291	1.004501878	-0.868185257	-0.221353489	1.106118851	-0.993419331	-0.657032252	-1.034263045	-0.135395185
291.1	1.004501878	-0.868185257	-0.221353489	1.106118851	-0.993419331	-0.657032252	-1.034263045	-0.135395185
291.2	1.004501878	-0.868185257	-0.221353489	1.106118851	-0.993419331	-0.657032252	-1.034263045	-0.135395185
291.3	1.004501878	-0.868185257	-0.221353489	1.106118851	-0.993419331	-0.657032252	-1.034263045	-0.135395185
291.4	1.004501878	-0.868185257	-0.221353489	1.106118851	-0.993419331	-0.657032252	-1.034263045	-0.135395185
291.5	1.004501878	-0.868185257	-0.221353489	1.106118851	-0.993419331	-0.657032252	-1.034263045	-0.135395185
291.6	1.004501878	-0.868185257	-0.221353489	1.106118851	-0.993419331	-0.657032252	-1.034263045	-0.135395185
291.7	1.004501878	-0.868185257	-0.221353489	1.106118851	-0.993419331	-0.657032252	-1.034263045	-0.135395185
291.8	1.004501878	-0.868185257	-0.221353489	1.106118851	-0.993419331	-0.657032252	-1.034263045	-0.135395185
291.9	1.004501878	-0.868185257	-0.221353489	1.106118851	-0.993419331	-0.657032252	-1.034263045	-0.135395185
292	1.004501878	-0.868185257	-0.221353489	1.106118851	-0.993419331	-0.657032252	-1.034263045	-0.135395185
292.1	1.004501878	-0.868185257	-0.221353489	1.106118851	-0.993419331	-0.657032252	-1.034263045	-0.135395185
292.2	1.004501878	-0.868185257	-0.221353489	1.106118851	-0.993419331	-0.657032252	-1.034263045	-0.135395185
292.3	1.004501878	-0.868185257	-0.221353489	1.106118851	-0.993419331	-0.657032252	-1.034263045	-0.135395185
292.4	1.004501878	-0.868185257	-0.221353489	1.106118851	-0.993419331	-0.657032252	-1.034263045	-0.135395185
292.5	1.004501878	-0.868185257	-0.221353489	1.106118851	-0.993419331	-0.657032252	-1.034263045	-0.135395185
292.6	1.004501878	-0.868185257	-0.221353489	1.106118851	-0.993419331	-0.657032252	-1.034263045	-0.135395185
292.7	1.004501878	-0.868185257	-0.221353489	1.106118851	-0.993419331	-0.657032252	-1.034263045	-0.135395185
292.8	1.004501878	-0.868185257	-0.221353489	1.106118851	-0.993419331	-0.657032252	-1.034263045	-0.135395185
292.9	1.004501878	-0.868185257	-0.221353489	1.106118851	-0.993419331	-0.657032252	-1.034263045	-0.135395185
293	1.004501878	-0.868185257	-0.221353489	1.106118851	-0.993419331	-0.657032252	-1.034263045	-0.135395185
293.1	1.004501878	-0.868185257	-0.221353489	1.106118851	-0.993419331	-0.657032252	-1.034263045	-0.135395185
293.2	1.004501878	-0.868185257	-0.221353489	1.106118851	-0.993419331	-0.657032252	-1.034263045	-0.135395185
293.3	1.004501878	-0.868185257	-0.221353489	1.106118851	-0.993419331	-0.657032252	-1.034263045	-0.135395185
293.4	1.004501878	-0.868185257	-0.221353489	1.106118851	-0.993419331	-0.657032252	-1.034263045	-0.135395185
293.5	1.004501878	-0.868185257	-0.221353489	1.106118851	-0.993419331	-0.657032252	-1.034263045	-0.135395185
293.52	1.200895617	-1.331891625	-0.038430304	1.253137756	-1.034598843	-1.265095076	-1.053994136	-0.943442039
