clade	species	ts	te
0.0	Abyssomedon	287.8024856346347	287.63097386686684
0.0	Acadiella	232.46290001301304	231.03742701201202
0.0	Acaenasuchus	228.12827952952952	208.59045742442444
0.0	Acallosuchus	217.1867984984985	215.42813393793793
0.0	Acerosodontosaurus	255.19218778178177	255.06586035835835
0.0	Acleistorhinus	279.24765627327326	278.73443537337334
0.0	Acrodenta	256.6243845225225	256.5020565935936
0.0	Actiosaurus	205.592269995996	204.35137156156156
0.0	Adamanasuchus	216.1771062362362	214.31372781481483
0.0	Adelosaurus	257.7304781811812	257.5714823703704
0.0	Aenigmasaurus	248.8521814824825	248.30759430030028
0.0	Aenigmaspina	231.52507565765765	229.63765214914915
0.0	Aenigmastropheus	256.27877779679676	256.13761740740745
0.0	Aetobarbakinoides	232.8482277967968	231.2808521041041
0.0	Aetosauroides	234.33057542742742	208.49304032832833
0.0	Aetosaurus	227.3110688688689	208.7598314184184
0.0	Agkistrognathus	248.99262777577582	248.4385722092092
0.0	Agnosphitys	233.68656347447447	231.7762377737738
0.0	Ahvaytum	232.893744978979	231.0462002242242
0.0	Alexeyisaurus	217.6167640870871	215.85998914214215
0.0	Alwalkeria	233.53501332332334	232.0848988198198
0.0	Amanasaurus	233.55369383183185	210.29939055355356
0.0	Ammorhynchus	246.66647154254255	244.82726805605606
0.0	Ammosaurus	201.13007820220218	199.61181235335334
0.0	Amotosaurus	246.64235413313313	243.62389911511514
0.0	Anarosaurus	246.74454470970974	242.0642111191191
0.0	Ancistronychus	222.03033049949948	220.27944897997997
0.0	Angistorhinus	236.95194981781782	212.74037186186186
0.0	Anisodontosaurus	246.81409392492492	239.6814542962963
0.0	Anomoepus	200.63043433833835	200.0603110690691
0.0	Anomoiodon	246.83292480780779	243.63498001101098
0.0	Anshunsaurus	239.635599994995	227.45621407007008
0.0	Antarctanax	248.80476455655656	248.21977135235235
0.0	Anthodon	259.7848436386387	254.98586563163164
0.0	Apachesuchus	219.91177237837837	218.08549274474476
0.0	Apatopus	232.77750406806808	214.07188713313312
0.0	Apatosuchus	215.94139423323324	214.04880494694694
0.0	Aphelosaurus	296.4078248988989	295.30344314914913
0.0	Araeoscelis	288.47223044144147	274.07805475375375
0.0	Archeopelta	240.37297645545544	239.8083711201201
0.0	Archosaurus	260.59267173373377	255.16243770670667
0.0	Arcticodactylus	215.9582814994995	214.19190734134136
0.0	Arganaceras	256.212868953954	256.0836423553553
0.0	Arganasuchus	233.96248958558556	228.270101002002
0.0	Arizonasaurus	246.77349914314314	244.42007852152153
0.0	Asilisaurus	246.76391855055056	242.0820301891892
0.0	Askeptosaurus	245.59575132532532	236.57831150250252
0.0	Asperoris	245.1324946096096	244.53663085385384
0.0	Asylosaurus	207.8682290950951	202.03131953553554
0.0	Atopodentatus	246.33514703903904	244.1059588048048
0.0	Augustaburiania	250.52804391991992	248.0837320830831
0.0	Augustasaurus	245.21081083983984	244.57914798298296
0.0	Australothyris	262.3004376716717	261.694572992993
0.0	Austriadactylus	216.0198362012012	208.43194448848848
0.0	Austriadraco	212.04197578478477	210.48216405105106
0.0	Avalonnectes	200.93741180880883	200.35397575875876
0.0	Avicranium	206.88757213813813	205.55727026826827
0.0	Azendohsaurus	232.98356844244245	231.25131214514514
0.0	Baeotherates	286.3263296266266	286.2129448038038
0.0	Baisesaurus	249.47042122922923	248.87577728628628
0.0	Barasaurus	260.3793043173173	247.1055934944945
0.0	Barberenasuchus	239.16442658158158	238.58119265665667
0.0	Barracudasauroides	246.82422419219222	242.67646106506504
0.0	Barracudasaurus	246.40310112012008	240.67093317817816
0.0	Bashkyroleter	273.1689444934935	264.30517892692694
0.0	Batrachopus	205.17377515315314	203.90170965365365
0.0	Batrachotomus	239.4245686886887	236.57434805305306
0.0	Beesiiwo	233.99362653653654	232.2948887987988
0.0	Belebey	270.1310955815816	264.21440712412414
0.0	Benggwigwishingasuchus	244.79590096196193	244.19783387187186
0.0	Bentonyx	245.2087699299299	244.59016852452453
0.0	Bergamodactylus	215.23964004404405	213.4169909019019
0.0	Besanosaurus	242.54894885985985	241.94896504504504
0.0	Blezingeria	241.14827913113115	240.53349665265267
0.0	Blikanasaurus	205.28002413013013	204.0952898918919
0.0	Blomosaurus	251.6485258378378	251.35336703203203
0.0	Bobosaurus	235.73240522322322	234.30950698298298
0.0	Bolosaurus	296.6745333143143	277.76467811511515
0.0	Boreopricea	250.30599033933936	247.92440462362362
0.0	Bradysaurus	265.0844282432433	257.86074495595597
0.0	Brasinorhynchus	240.9652503853854	237.8862218088088
0.0	Brazilosaurus	291.06063829429434	283.81290283883885
0.0	Bromsgroveia	246.3445961101101	242.4607226156156
0.0	Broomia	264.033924027027	260.47177723423425
0.0	Bunostegos	253.23879492392393	253.10885114614615
0.0	Buriolestes	235.49126788488488	208.21346894094094
0.0	Bystrowisuchus	249.5522618008008	249.00196022122125
0.0	Callawayia	223.6867251281281	210.50582797197194
0.0	Calyptosuchus	233.02211188888887	208.6302595525526
0.0	Camelotia	207.346135980981	203.24040705105102
0.0	Camposaurus	217.54066369369372	215.93272862162164
0.0	Candelaria	242.31053313913912	237.26473345745742
0.0	Captorhinikos	283.2610440870871	273.68461561861864
0.0	Captorhinoides	281.8743326636637	277.08683556356357
0.0	Captorhinus	291.0074674364364	256.6102533133133
0.0	Cargninia	219.2482288698699	217.42970977777776
0.0	Carnufex	232.88582426526528	231.15957076376375
0.0	Cartorhynchus	249.78032986486485	249.30514009609612
0.0	Caseosaurus	219.46660056556556	217.71118839139137
0.0	Ceresiosaurus	242.21175215815813	237.10977012012012
0.0	Chalishevia	241.72582992392392	237.4954559039039
0.0	Chanaresuchus	241.67618566366366	237.6777318298298
0.0	Chaohusaurus	251.1271405675676	241.752759001001
0.0	Chasmatosuchus	251.83404036736735	246.8670107967968
0.0	Chelyoposuchus	206.47411784184183	205.23775832632631
0.0	Chinchenia	242.09578842942943	241.4861690900901
0.0	Chindesaurus	227.0328447877878	209.85614884284286
0.0	Chinshakiangosaurus	200.6465454874875	200.1017060970971
0.0	Chirotherium	233.217639016016	231.65138972372372
0.0	Chromogisaurus	233.7744766876877	231.8471557177177
0.0	Cladeiodon	244.85881683483484	244.26707907007008
0.0	Clarazia	244.39591905005005	243.75847436636639
0.0	Claudiosaurus	260.4190314314314	251.73176804804805
0.0	Clevosaurus	236.64996938038038	199.48273589189188
0.0	Coahomasuchus	235.12980299799798	215.78297635835838
0.0	Coartaredens	246.02142794894894	243.07040150150152
0.0	Coburgosuchus	217.23258705505506	215.35367149449448
0.0	Coelodontognathus	250.1620042002002	247.4717445755756
0.0	Coelophysis	227.5542296906907	199.93599636736738
0.0	Coelurosauravus	259.39726056056054	252.4341130790791
0.0	Coletta	248.59506202102102	248.04894570370368
0.0	Collilongus	249.60096674374378	249.05449944944945
0.0	Colobomycter	290.50803494994994	283.9543053903904
0.0	Colobops	216.42256426626625	214.58766442742743
0.0	Coloradisaurus	225.82510149949948	208.96767682582583
0.0	Coloradisuchus	217.30423059459457	215.36300684684682
0.0	Concavispina	232.451398001001	230.59915214214215
0.0	Contectopalatus	239.75129367467468	239.13043543143147
0.0	Cornualbus	234.1903501071071	232.49073314914915
0.0	Corosaurus	250.7293527017017	247.14081646446448
0.0	Cosesaurus	238.75768126426425	238.13671226426422
0.0	Crosbysaurus	226.20218186286286	209.11536084384386
0.0	Ctenosauriscus	249.56493475075075	249.0652648058058
0.0	Cyamodus	246.13899686186187	228.85423688788788
0.0	Cymatosaurus	246.6478397957958	242.0976174264264
0.0	Cymbospondylus	249.4146466986987	236.75542425225225
0.0	Czatkowiella	248.73011356456456	248.22134499399402
0.0	Dactylosaurus	246.6332352842843	242.06692977277277
0.0	Daemonosaurus	206.02494482382383	204.76885873873871
0.0	Dagasuchus	231.62901354354352	229.93221894194193
0.0	Dawazisaurus	244.90070536936938	244.29000195995997
0.0	Decuriasuchus	244.46408220420423	236.64992543143143
0.0	Delorhynchus	289.21120300500496	282.8603030700701
0.0	Deltadectes	219.98606796996998	204.1626391771772
0.0	Deltavjatia	264.43565134334335	259.67619270570566
0.0	Desmatosuchus	232.34441953453455	209.08104109609613
0.0	Diandongosaurus	246.07978711211211	245.46608666066066
0.0	Diandongosuchus	239.70265532732734	239.15164634734734
0.0	Dianmeisaurus	246.50113386786785	243.1052942362362
0.0	Dianopachysaurus	245.99110261261262	245.3265912662663
0.0	Dimetropus	291.4518654084084	282.459437003003
0.0	Dimorphodon	200.38616404804802	199.87771146646648
0.0	Dinocephalosaurus	246.63784394194192	243.96423785285288
0.0	Diphydontosaurus	236.72664414314312	201.76285821721723
0.0	Dolabrosaurus	218.5700025885886	216.7053536706707
0.0	Dolerosaurus	230.70528361761762	228.80827375775775
0.0	Dolichobrachium	232.9131373143143	230.94064507707708
0.0	Doliovertebra	245.02058546146145	244.42513008808808
0.0	Dongusuchus	246.67279131131133	242.96330315215212
0.0	Dorosuchus	246.02136844644644	242.41603396396397
0.0	Doswellia	236.3402361321321	212.52585445745746
0.0	Dracoraptor	200.69253512012008	200.10991704404404
0.0	Drepanosaurus	220.56986001401404	203.3004517307307
0.0	Dromomeron	227.75832535935936	202.87424097998
0.0	Dynamosuchus	232.22456924624623	230.3699375195195
0.0	Dyoplax	233.11784334834834	231.30946640440442
0.0	Ebrachosuchus	232.78003588888888	231.19212294394396
0.0	Effigia	207.5719845315315	202.27723733833838
0.0	Efraasia	220.19338480880882	211.41427700400402
0.0	Eifelosaurus	246.19143528328328	245.59944786586584
0.0	Elachistosuchus	205.069941012012	203.87936620520523
0.0	Elessaurus	249.02811078878878	248.5774402012012
0.0	Elginia	256.9341635545546	252.15524329329332
0.0	Elorhynchus	239.4633961871872	238.86344137537537
0.0	Embrithosaurus	264.41509803903904	259.73994835635636
0.0	Emeroleter	265.0297375735736	259.86521569569567
0.0	Endennasaurus	215.55796878878877	213.75076587787788
0.0	Energosuchus	241.62131754454455	238.25185673373372
0.0	Eodromaeus	234.1545797757758	232.66811437937938
0.0	Eohupehsuchus	248.68656750550548	248.08851327927928
0.0	Eohyosaurus	245.5252823003003	237.94426104604605
0.0	Eomurruna	251.7364842092092	251.08655759859857
0.0	Eoplesiosaurus	200.69363725525528	200.127106991992
0.0	Eoraptor	234.4012156086086	227.9299183343343
0.0	Eorasaurus	261.9312247857858	261.3845286006006
0.0	Eorhynchochelys	233.9200525235235	232.3099738208208
0.0	Eretmorhipis	242.6232938968969	242.00038456556555
0.0	Erpetosuchus	218.7722902902903	216.94274213613613
0.0	Erythrosuchus	246.82634301001	237.07727325625623
0.0	Erythrovenator	233.29394314614615	231.88102308308308
0.0	Eshanosaurus	201.1786085025025	200.5422215045045
0.0	Eucoelophysis	225.37047323023023	202.45417890090093
0.0	Eudibamus	286.70947930030036	286.5898538998999
0.0	Eudimorphodon	220.5141968898899	202.71353857157158
0.0	Eumetabolodon	248.14583382182184	242.99311833133132
0.0	Eunotosaurus	264.6788839409409	259.9728207877878
0.0	Euparkeria	246.61374665265265	241.90733913713714
0.0	Eurhinosaurus	200.7139694754755	200.1608445925926
0.0	Eurycleidus	200.58685286986986	200.044606984985
0.0	Eusaurosphargis	246.5550057887888	239.5101746826827
0.0	Euscolosuchus	233.6746167167167	232.07219045745748
0.0	Fasolasuchus	215.99472105405405	214.2251458158158
0.0	Faxinalipterus	225.6804541111111	213.2095657577578
0.0	Feeserpeton	286.14515221821824	285.9761948758758
0.0	Feralisaurus	244.21723704404405	243.55028846246245
0.0	Fodonyx	246.7382542912913	242.0328856166166
0.0	Fraserosphenodon	234.3702595725726	212.82638927727726
0.0	Fraxinisaura	238.20847172872874	237.55508740840838
0.0	Fugusuchus	246.29213143943943	245.73007487187186
0.0	Fuyuansaurus	239.4304343593594	238.80818845645646
0.0	Galesphyrus	259.34453374774773	255.74870452252253
0.0	Gamatavus	241.381113977978	238.15674729329328
0.0	Gansurhinus	273.71308367467464	254.9670757907908
0.0	Garjainia	251.04411924924926	246.70629203703703
0.0	Garzapelta	217.59818065765765	215.88360731531532
0.0	Gecatogomphius	271.5320853933934	270.3855046996997
0.0	Gephyrosaurus	207.81749613513512	203.09943016916915
0.0	Germanosaurus	246.30438075175172	242.52157395995997
0.0	Glaurung	257.25195406006003	257.1134844324324
0.0	Glyphoderma	240.209931009009	239.63257805405408
0.0	Gnathovorax	233.10757011711712	212.9628673913914
0.0	Gojirasaurus	221.21196603003003	219.314206980981
0.0	Gomphiosauridion	234.34935554154154	232.53978836036038
0.0	Gondwanax	240.11781185085084	239.553769012012
0.0	Gorgetosuchus	232.0355148988989	230.2344603833834
0.0	Gracilisuchus	240.62767552252254	237.59812977777779
0.0	Grallator	225.74225104404402	210.21389152452454
0.0	Graoullyodon	204.51734804104103	203.33899297797797
0.0	Gresslyosaurus	223.6269513773774	207.9102657957958
0.0	Grippia	250.79551226126128	247.0504826866867
0.0	Guaibasaurus	226.37987414114113	208.4831436336336
0.0	Gualosuchus	239.93676015415417	237.39073235635635
0.0	Guanlingsaurus	234.25040749649648	227.00667405305305
0.0	Guchengosuchus	244.62162516816818	243.94096741941945
0.0	Guizhouichthyosaurus	240.6102017987988	226.92675922522523
0.0	Gulosaurus	250.568971007007	248.12512336236233
0.0	Gunakadeit	219.23198704404405	217.44621087287288
0.0	Gyposaurus	201.08948273373372	199.8046667177177
0.0	Halazhaisuchus	245.10903353353353	244.44022716616618
0.0	Haligonia	233.60092649549554	202.65697403503503
0.0	Hanosaurus	249.67984836136137	249.08634726126124
0.0	Helveticosaurus	245.8054545055055	241.43758731331332
0.0	Hemilopas	249.3946575895896	242.09655756556558
0.0	Hemiprotosuchus	223.86785785985987	209.50453599399398
0.0	Henodus	236.44678389089088	227.3161759019019
0.0	Heptasuchus	233.82481539539538	231.93072737837838
0.0	Herrerasaurus	236.8120808168168	227.2369123033033
0.0	Hescheleria	244.9133588028028	244.30040890790792
0.0	Hesperosuchus	226.73828052252253	202.48064859459458
0.0	Heterodontichnites	234.47707055855855	211.63540584884885
0.0	Heteropelta	244.1928580980981	243.61304915215217
0.0	Himalayasaurus	216.22871375875877	214.35185271771772
0.0	Hispaniasaurus	239.96924217617618	239.3815986686687
0.0	Honghesaurus	245.5468483933934	244.87505991591593
0.0	Horaffia	240.48830995595594	236.6254277927928
0.0	Hovasaurus	259.6623492512512	249.0032339009009
0.0	Howesia	246.1706211941942	243.23458655055055
0.0	Hudsonelpidia	218.95915088988988	217.09610195395396
0.0	Hupehsuchus	249.6072256976977	237.89376720320317
0.0	Hwiccewyrm	236.59236663263263	227.1044453003003
0.0	Hyperodapedon	236.58226524124123	208.29985255155154
0.0	Hypselorhachis	244.05459477477478	243.4309828128128
0.0	Hypsognathus	234.43352160760762	202.02180493593593
0.0	Hypuronector	223.26334873573575	209.24128488488486
0.0	Icarosaurus	218.5976197887888	216.6857150960961
0.0	Ichthyosaurus	223.67557174874875	199.41811895395392
0.0	Ichthyotitan	205.55058564864865	204.34670701401402
0.0	Idiosaura	233.258388990991	231.73688376876876
0.0	Ignotosaurus	231.29831212112109	229.48256856456453
0.0	Incertovenator	231.74158267567566	229.909748004004
0.0	Indosauriscus	256.9689347957958	256.8467773073073
0.0	Ingentia	224.3940399229229	213.25243827127127
0.0	Isfjordosaurus	248.88023192092092	248.3724107207207
0.0	Issi	218.25226844144143	216.4061761201201
0.0	Ixalerpeton	235.29380102202202	217.06586230930932
0.0	Jaklapallisaurus	219.09722067567566	217.1830602132132
0.0	Jaxtasuchus	239.79159952052052	236.92439367067067
0.0	Jesairosaurus	245.80040687087086	245.1974519009009
0.0	Jingshanosaurus	201.1471113253253	199.7108748058058
0.0	Jupijkam	219.44201278978977	217.42312976176174
0.0	Jushatyria	244.26637200300303	243.66047244044043
0.0	Kadimakara	251.75212684984984	251.1876086846847
0.0	Kahneria	271.04467361161164	269.8212008958959
0.0	Kalisuchus	251.7264328838839	251.45953564164162
0.0	Kapes	250.871679997998	242.8738715965966
0.0	Keichousaurus	248.94807116816818	236.33017697897898
0.0	Kholumolumo	228.28894508408408	208.50505602102103
0.0	Kinelia	268.3045626066066	255.73382640940943
0.0	Kitchingnathus	249.4207158318318	248.87299691491492
0.0	Kocurypelta	217.4249353643644	215.68046524224226
0.0	Koilamasuchus	239.4004308138138	238.8201279029029
0.0	Koiloskiosaurus	246.15863832032034	245.45502591191192
0.0	Kranosaura	215.61842680780782	213.81782463863863
0.0	Krzyzanowskisaurus	235.79985518118116	213.51826816616614
0.0	Kudnu	251.85116924724724	251.3180516946947
0.0	Kuehneosaurus	236.9662341001001	204.25691087887887
0.0	Kuehneosuchus	204.6850220930931	203.44363838738738
0.0	Kuruxuchampsa	232.67080039739741	231.05013382582584
0.0	Kwangsisaurus	250.75653473973972	248.19168873473473
0.0	Labidosaurikos	282.9297413723724	273.7761434454455
0.0	Labidosauriscus	290.8746989189189	283.11181825125124
0.0	Labidosaurus	283.1637371381381	273.90744314114113
0.0	Lagerpeton	242.15073744544543	237.32519368368366
0.0	Lanceirosphenodon	221.20309216816815	219.1139800930931
0.0	Langeronyx	246.05489164764765	239.16003782982983
0.0	Langobardisaurus	217.29585602002	208.37677865865868
0.0	Lanthaniscus	272.9169533733734	267.2149829469469
0.0	Lanthanolania	270.85711964164165	269.6975815865866
0.0	Lanthanosuchus	266.105183938939	265.09679653653654
0.0	Laquintasaura	200.6817298908909	200.14073858458457
0.0	Largocephalosaurus	246.34012476976977	243.83155774274272
0.0	Lariosaurus	248.64151327127126	236.45698126026028
0.0	Lasasaurus	249.57418096496497	249.0537212852853
0.0	Lepidus	215.55509934034038	213.68069461461462
0.0	Leptonectes	205.1333623833834	199.7283024914915
0.0	Leptopleuron	232.32384396896896	230.54337794294298
0.0	Leptosuchus	227.6001983973974	208.56766029429428
0.0	Lessemsaurus	227.5327499279279	208.34702585285285
0.0	Lewisuchus	242.11123797297296	230.05197913113116
0.0	Leyesaurus	218.48433843143144	216.68608068968967
0.0	Libognathus	218.37479931231232	216.5318293973974
0.0	Liliensternus	226.82162694894896	202.86613814314316
0.0	Lindwurmia	200.5595301341341	200.00108875775777
0.0	Litorosuchus	239.45905753353355	238.8250418158158
0.0	Lophostropheus	204.83771902202201	203.6487906016016
0.0	Lotosaurus	246.72960506606609	242.14458603803803
0.0	Lucasuchus	234.60059871471472	228.72691042842843
0.0	Lucianosaurus	217.37888412212214	215.59345015415414
0.0	Lucianovenator	218.69042791091093	216.85284843843846
0.0	Lufengosaurus	201.34127463663665	199.48529417017016
0.0	Lukousaurus	200.93991382782784	199.87136765665667
0.0	Luopingosaurus	245.56354667867868	244.9163685345345
0.0	Luperosuchus	241.022415033033	237.90462120320322
0.0	Macgowania	222.12019523223225	210.7351840680681
0.0	Machaeroprosopus	227.50045788288293	201.24623737537536
0.0	Macrocnemus	246.55152955855854	236.78467455055056
0.0	Macrocollum	227.82088203603604	211.3508154994995
0.0	Macroleter	272.8125626466467	264.7814633183183
0.0	Macroplacus	205.21808186986988	204.03411493293294
0.0	Macroplata	200.78528084484483	200.1968112022022
0.0	Maehary	223.94737785085084	213.09571526226227
0.0	Majiashanosaurus	249.58252919119116	249.07012683183183
0.0	Malerisaurus	222.78100502302303	210.72131849549552
0.0	Malutinisuchus	241.49883724224222	237.50707835035035
0.0	Mambawakale	244.75719884684682	244.1540673943944
0.0	Mandaphon	244.59468459259256	243.94390421221223
0.0	Mandasuchus	246.6067623133133	241.72151417517517
0.0	Marasuchus	240.8550114274274	237.2788797987988
0.0	Marcianosuchus	245.9630832792793	245.24964281881884
0.0	Massospondylus	233.9664871001001	232.41543149349351
0.0	Mbiresaurus	235.68966131131134	227.5303315065065
0.0	Megachirella	244.91145015715716	244.25124496996997
0.0	Megalancosaurus	217.65890427627627	208.45314227027026
0.0	Megalosaurus	205.85204022822822	204.55088225225222
0.0	Megapnosaurus	200.6871894144144	200.1118150940941
0.0	Melanorosaurus	219.10077536236236	217.17951304904904
0.0	Merriamosaurus	249.13846144144145	248.5146786796797
0.0	Mesodapedon	244.83048525125125	244.2180796116116
0.0	Mesosaurus	290.84150833733736	283.27668908108103
0.0	Mesosuchus	246.73024495095095	238.40759707107108
0.0	Metamosaurus	286.7939631071072	286.5904296116116
0.0	Metashastasaurus	226.0120442852853	212.3008465115115
0.0	Microcnemus	251.88524424324322	246.92475997797797
0.0	Microleter	287.31414597097097	287.1953189059059
0.0	Micromenodon	230.72315169269268	228.8152885885886
0.0	Microsphenodon	223.30254494894893	212.50089767067067
0.0	Mikadocephalus	245.33599630230228	237.69483885985986
0.0	Milleretta	260.3597908768769	251.70286644444445
0.0	Millerinoides	255.80901171371372	255.68893523323325
0.0	Milleropsis	260.63020634934935	252.27484823823823
0.0	Millerosaurus	259.35556208308304	252.87672823323322
0.0	Miodentosaurus	235.0158962142142	228.94482951051052
0.0	Mixosaurus	246.54319185285286	237.28185816916914
0.0	Moradisaurus	257.90927332132134	251.5948790860861
0.0	Mystriosuchus	226.98887528628626	200.21001534634635
0.0	Nambalia	225.72297569269273	209.26454868368367
0.0	Nanchangosaurus	250.10582541141142	239.93671217717718
0.0	Nanoparia	259.70286689689686	254.62956021521518
0.0	Neoaetosauroides	227.47646264464464	209.2843087057057
0.0	Neoprocolophon	244.71665113513512	244.09204443343341
0.0	Neusticosaurus	245.49177632532533	236.846006995996
0.0	new_Neotheropoda	220.47810436436436	218.77991662962964
0.0	new_Rhynchocephalia	219.06910854754756	217.16487836136136
0.0	Nhandumirim	225.63928662562563	210.48027758758758
0.0	Nicrosaurus	227.37654206306306	209.19343622622623
0.0	Nochelesaurus	264.45137473873876	259.9393079319319
0.0	Notatesseraeraptor	220.0910477917918	218.12064521521523
0.0	Noteosuchus	251.67068786086085	251.37995648048047
0.0	Nothosaurus	247.42010682182183	204.50358675375375
0.0	Nundasuchus	244.42497615315315	243.7893488258258
0.0	Nyasasaurus	245.56782167567567	242.47730216416417
0.0	Nycteroleter	272.45391435735735	265.7974085185185
0.0	Nyctiboetus	279.62198429729733	279.0638472462462
0.0	Nyctiphruretus	274.67540330530534	259.5279469129129
0.0	Obirkovia	263.1462737727728	255.50437224324324
0.0	Odoiporosaurus	238.6400764954955	237.97700327527525
0.0	Odontochelys	232.71486426426426	227.74518565865864
0.0	Omphalosaurus	250.29778779579578	237.17446177077076
0.0	Opisthodontosaurus	291.2525142022022	283.26016837337335
0.0	Orenburgia	251.07645221421419	246.834370007007
0.0	Orovenator	289.32778539939943	283.74691587587586
0.0	Oryctorhynchus	234.4228964994995	229.15390437037036
0.0	Oryporan	251.0290271861862	248.0940323973974
0.0	Osmolskina	249.29464195595597	248.70015013313312
0.0	Owenetta	260.4633872982983	248.86601602402402
0.0	Ozimek	234.45056902402402	227.8117867977978
0.0	Pachagnathus	217.12795019819822	215.29924276176178
0.0	Pachypleurosaurus	242.77723395695693	236.43686987187183
0.0	Pachystropheus	208.69928631031033	202.7287551991992
0.0	Palacrodon	250.97140862562563	210.65580084584582
0.0	Palaeagama	252.53454398898896	252.3282992742743
0.0	Palaeochersis	225.9841632872873	210.34649075175176
0.0	Palaeosaurus	231.271099003003	229.49964071171172
0.0	Paleollanosaurus	220.23315449249247	203.13113618618618
0.0	Paliguana	249.74359967067065	249.26021408408408
0.0	Pamelaria	246.36847363863865	242.03097346646646
0.0	Pamelina	249.15894067067066	248.59131058358358
0.0	Pampadromaeus	233.39382521021022	213.89548823623622
0.0	Panguraptor	200.5868322712713	200.00320984984984
0.0	Panphagia	233.2812744664665	231.54638736036034
0.0	Pantydraco	233.48724158658658	231.6081090760761
0.0	Panzhousaurus	245.66881514814813	245.07109774074075
0.0	Pappochelys	238.0999483213213	237.4943403983984
0.0	Parahupehsuchus	249.34248124724726	248.81913604504504
0.0	Paralonectes	250.57334584984983	238.31029465165162
0.0	Paraplacodus	246.1352792102102	237.1907029099099
0.0	Pararcus	244.17143324124126	243.56318638638638
0.0	Parasaurus	260.57708254354355	253.84560961461463
0.0	Parasuchus	249.27052754354352	211.83205799599602
0.0	Paratypothorax	226.90016037237237	208.5374421191191
0.0	Pareiasaurus	265.1847573553554	252.4727092802803
0.0	Pareiasuchus	264.8637323113113	253.77911048048048
0.0	Parringtonia	244.83905795495497	244.27487456556557
0.0	Partanosaurus	239.82824876776778	239.31494279979978
0.0	Parvosuchus	239.6992185845846	239.09139484884886
0.0	Pectodens	244.39280089489492	243.81289046546547
0.0	Pelecymala	235.55875637037036	228.23070987387388
0.0	Pendraig	232.9797376026026	231.16580873873875
0.0	Pentaedrusaurus	247.44213373173173	246.8949281201201
0.0	Permotriturus	266.28706315415417	265.2854263883884
0.0	Pessopteryx	249.48695023823825	243.53547812912913
0.0	Peteinosaurus	218.0695317867868	211.9834537997998
0.0	Phaanthosaurus	251.88845154754753	251.1250289009009
0.0	Phalarodon	251.05405026526526	239.03653261261263
0.0	Phantomosaurus	244.57792942242241	243.99144466166166
0.0	Phonodus	251.63486887987986	251.35191102002003
0.0	Pinheirochampsa	239.29913463163166	238.6557011081081
0.0	Pintosaurus	253.0493661081081	252.9138247347347
0.0	Pisanosaurus	232.87059815415415	231.3152187167167
0.0	Pistosaurus	246.4538333263263	237.2683019079079
0.0	Placochelys	235.36083195795794	203.1721824954955
0.0	Placodus	248.5945631241241	230.00535667767767
0.0	Planocephalosaurus	236.7816488868869	202.22552894294296
0.0	Plateosauravus	224.27767913613613	209.2559291791792
0.0	Plateosaurus	227.5342482952953	200.1792777837838
0.0	Plesiosaurus	208.53732998998998	199.77030563963962
0.0	Polesinesuchus	233.10735015415415	231.48555024824827
0.0	Polonosuchus	231.00770327527528	229.2026477947948
0.0	Polymorphodon	238.6435440730731	238.07929519219218
0.0	Poposaurus	235.9245423803804	203.567044994995
0.0	Postosuchus	233.48609554354354	202.47762594994995
0.0	Powellvenator	217.28861084184183	215.46818646246246
0.0	Pravusuchus	218.08354762162165	216.22854537437436
0.0	Preondactylus	217.2857068858859	210.8837113783784
0.0	Prestosuchus	242.24386523623625	230.42173324224223
0.0	Procerosuchus	240.46525538138138	239.95742614814816
0.0	Procolina	249.85377759659661	249.26836443543544
0.0	Procolophon	251.9020887897898	246.6145011201201
0.0	Procolophonichnium	249.0564741851852	248.54745596496494
0.0	Procompsognathus	216.26516358358356	214.3425570520521
0.0	Proganochelys	227.03192176376373	202.8433820890891
0.0	Prolacerta	251.81861254754753	246.77968497597595
0.0	Prolacertoides	251.7135794894895	251.43660067767766
0.0	Prosantosaurus	241.1529946776777	240.6322786706707
0.0	Prosaurosphargis	249.37537084284284	248.7903484984985
0.0	Protanystropheus	246.59487242142143	242.4400801801802
0.0	Protecovasaurus	223.43538756356355	211.07218251351352
0.0	Protenodontosaurus	235.99494523823824	234.6175519209209
0.0	Proteosaurus	200.98090911211213	199.77612644344345
0.0	Proterochampsa	232.6328251911912	231.0771415065065
0.0	Proterochersis	226.51108229429428	209.7770384834835
0.0	Proterosuchus	251.79238789889888	246.80586752952956
0.0	Protoavis	224.1682433323323	208.87728653853856
0.0	Protocaptorhinus	290.6688067147148	284.4187835445445
0.0	Protoichthyosaurus	200.6822374124124	200.06895003002998
0.0	Protome	218.74950038438436	216.9495760780781
0.0	Protorosaurus	261.0053992362362	253.78007277077074
0.0	Protorothyris	298.9327978888889	293.314882996997
0.0	Protosuchus	208.0494586476476	199.42655213613617
0.0	Provelosaurus	267.4442689099099	263.299769018018
0.0	Psephochelys	230.84294857557558	228.9359877007007
0.0	Psephoderma	245.74210089989987	201.64649623223224
0.0	Psephosauriscus	246.44185927927927	238.03595457157155
0.0	Psephosaurus	246.10076071971974	237.50750446746744
0.0	Pseudhesperosuchus	219.04308342442445	217.17619182982983
0.0	Pseudochampsa	232.86591720020022	230.98104164964965
0.0	Pterodactylus	200.73822140540543	200.11020542442444
0.0	Puercosuchus	214.53551547047047	212.79236455455452
0.0	Pumiliopareia	256.8530137357357	256.7297224194194
0.0	Qianichthyosaurus	239.31901958258257	226.71255671371372
0.0	Qianosuchus	246.7870395075075	243.89459635235235
0.0	Qianxisaurus	239.11911936436437	238.58249976576576
0.0	Quasianosteosaurus	248.9115848008008	248.39653699899898
0.0	Raibliania	233.14812584184185	231.20680555755757
0.0	Rauisuchus	231.68326170770771	229.80243730830833
0.0	Rautiania	263.1353091371371	258.41684703903906
0.0	Redondasuchus	226.90455152652655	209.4811928928929
0.0	Redondavenator	217.48348224024025	215.656650982983
0.0	Retymaijychampsa	240.4713557017017	239.91478343343346
0.0	Revueltosaurus	232.876797977978	208.29011891191195
0.0	Rhaeticosaurus	204.9774933033033	203.68897632132132
0.0	Rhipaeosaurus	267.638773035035	261.02649502702707
0.0	Rhomaleosaurus	205.185324983984	199.60080742342342
0.0	Rhombopholis	246.4081389119119	240.73637917617617
0.0	Rioarribasuchus	225.9835628918919	209.7830912312312
0.0	Riojasaurus	223.61349916416418	211.44581518318319
0.0	Riojasuchus	218.05208046946944	216.17966314714718
0.0	Romeria	296.5555909059059	295.39340631731733
0.0	Rothianiscus	273.99471574274276	264.4234964324324
0.0	Ruehleia	224.06117196896898	210.6075356276276
0.0	Rugarhynchos	219.76911264764763	217.90739758058058
0.0	Ruhuhuaria	244.55972061861863	243.93560003603602
0.0	Rutiodon	232.5722975035035	208.44885556256256
0.0	Sacisaurus	218.99962832532535	217.20237885085086
0.0	Saltoposuchus	220.98312874474473	211.42095072572573
0.0	Sanchiaosaurus	244.17933074174175	243.60820022222222
0.0	Sanchuansaurus	252.89747034534534	252.76592305305306
0.0	Sanjuansaurus	233.39573954654654	231.77709408708708
0.0	Santaisaurus	251.79140486086087	251.1025618038038
0.0	Sarcosaurus	200.48298390890892	199.96705196296296
0.0	Sarmatosuchus	244.75581780280282	244.11572964264266
0.0	Saturnalia	234.47728302102104	215.4257173153153
0.0	Saurodektes	251.95684886086084	248.86357942942942
0.0	Sauropareion	251.31597596296297	247.54149564164163
0.0	Saurorictus	257.03070476276275	256.9015703363363
0.0	Saurosternon	255.87401508908908	255.74844350850853
0.0	Saurosuchus	233.8044756306306	232.38780177177176
0.0	Scelidosaurus	200.69041586286286	200.10104663063066
0.0	Scharschengia	249.06217937137137	248.47841879979978
0.0	Schleitheimia	220.85339392992992	218.93204879079082
0.0	Schultzsuchus	240.0656868178178	239.50818063663664
0.0	Sclerocormus	248.8925225005005	248.4234914964965
0.0	Sclerosaurus	246.57606239539538	243.4377107557558
0.0	Sclerostropheus	218.36553567267265	216.7057290890891
0.0	Scoloparia	235.72461701401403	203.2163214254254
0.0	Scolotosuchus	249.61420834834834	249.09947795395394
0.0	Scutarx	224.59245084084083	210.1827946076076
0.0	Scutosaurus	265.35359865265264	256.92514892092095
0.0	Scythosuchus	249.0925052922923	248.5593087987988
0.0	Seazzadactylus	220.35085570370367	218.4188848728729
0.0	Serpianosaurus	246.58933454854855	237.4851751951952
0.0	Shansisuchus	246.83134724724724	241.89378957857858
0.0	Shastasaurus	236.47139909709708	212.1721406156156
0.0	Shihtienfenia	254.25810152452453	251.8331373863864
0.0	Shonisaurus	232.5991796966967	203.241138025025
0.0	Shringasaurus	246.62600411811812	241.8142076966967
0.0	Shuangbaisaurus	200.86243734934936	200.230715026026
0.0	Shuvosaurus	227.5777963313313	202.12741805105108
0.0	Sigmala	236.53175285485483	226.94881105205204
0.0	Sikannisuchus	225.7297463943944	210.97938055855857
0.0	Silesaurus	230.07632264664664	228.3948351101101
0.0	Sillosuchus	234.22305942642643	232.39752379279278
0.0	Simosaurus	245.59147743543542	203.29077416316318
0.0	Sinocyamodus	231.71863955455456	229.86886493993998
0.0	Sinosaurosphargis	246.2112480830831	243.97285993693694
0.0	Sinosaurus	201.25373684184186	199.6035052792793
0.0	Skybalonyx	217.74417302702702	215.92426283183184
0.0	Smilodonterpeton	205.0513228108108	203.80085752452453
0.0	Smilosuchus	233.56794836436436	208.41681655855854
0.0	Sophineta	249.76453678278278	249.226791017017
0.0	Soturnia	225.99274336236235	209.64900526926928
0.0	Soumyasaurus	222.06443149549548	220.10957483083084
0.0	Sphenotitan	226.29420450750752	208.95077287987988
0.0	Sphodrosaurus	222.77228356456456	220.82880816016015
0.0	Spinosuchus	233.88356284884884	217.0586711951952
0.0	Spondylolestes	258.26659396896895	253.06666933733734
0.0	Spondylosoma	241.16133388788788	237.59892134734736
0.0	Stagonolepis	234.57352876376376	208.43824603503504
0.0	Stagonosuchus	246.39238637537537	242.0530417797798
0.0	Staurikosaurus	233.35645415215214	231.61193922822824
0.0	Stauromatodon	239.18396650250253	238.6244013073073
0.0	Stegomus	221.31587026826827	210.97988227227228
0.0	Stenaulorhynchus	246.6824115965966	236.8579364144144
0.0	Stenomyti	217.81386583783782	216.10829337437437
0.0	Stenoscelida	215.2452416806807	213.51789922122123
0.0	Stereosternum	291.0864031051051	282.95164684884884
0.0	Styracocephalus	264.0393611031031	260.3015660910911
0.0	Suchonosaurus	260.69615447147146	260.31294095295294
0.0	Sumidadectes	279.05220150150154	278.49511395095095
0.0	Syntarsus	204.99150389689692	203.83141220020022
0.0	Syntomiprosopus	216.400606013013	214.67583866766765
0.0	Tachiraptor	200.80316967067068	200.25058205905907
0.0	Tanaisosaurus	249.75472794894895	249.24803686186186
0.0	Tangasaurus	253.82926782282283	251.91004048548547
0.0	Tanystropheus	246.74160374374372	202.61643545445443
0.0	Tanytrachelos	225.96281046246244	209.654772004004
0.0	Tarjadia	241.61280703003004	237.15063212412412
0.0	Tasmaniosaurus	251.87908659259259	251.19582774474475
0.0	Tawa	227.37559792292294	209.69514850150148
0.0	Taytalura	231.7705257717718	230.10962689389387
0.0	Technosaurus	219.36120725625625	217.60028985485485
0.0	Tecovasaurus	227.62596094094096	209.52637696997
0.0	Tecovasuchus	227.07336295595596	209.08509818018018
0.0	Teleocrater	246.303230011011	242.75054631131133
0.0	Temnodontosaurus	201.1239904034034	199.83961629229228
0.0	Teraterpeton	235.07216256156153	228.75880987087086
0.0	Teratophon	246.635058996997	242.0009957917918
0.0	Teratosaurus	250.76237626926928	212.43368413113112
0.0	Termatosaurus	208.50070440840838	201.87106005805805
0.0	Terrestrisuchus	236.51202200700698	227.6511452982983
0.0	Teyujagua	249.9234442792793	249.43384576676675
0.0	Teyumbaita	227.19347197997996	210.34417694094094
0.0	Thadeosaurus	255.9970111881882	255.8713613713714
0.0	Thaisaurus	249.0430616056056	248.53574441341343
0.0	Thalassiodracon	207.7267507637638	199.53436046646647
0.0	Thalattoarchon	246.03408786586587	245.40653392792794
0.0	Thalattosaurus	245.1343176226226	239.95125937637636
0.0	Thecodontosaurus	245.74182225925927	200.92366097997999
0.0	Theledectes	243.485452981982	242.8777019299299
0.0	Thelephon	243.7335147107107	243.1086082802803
0.0	Thelerpeton	246.2744194064064	242.248663021021
0.0	Tholodus	246.17607573973973	240.5334665985986
0.0	Threordatoth	233.02442557557558	231.13124215615613
0.0	Thuringothyris	291.77457642542544	282.60582959359357
0.0	Tichvinskia	251.0580858798799	246.75332585085084
0.0	Ticinosuchus	246.15054536736736	242.6834447397397
0.0	Tikisuchus	233.45487955455454	231.6706455105105
0.0	Timanophon	250.62290691191194	247.7336975855856
0.0	Toretocnemus	234.6655118538539	228.83714989789792
0.0	Trachelosaurus	246.42492447847846	245.8390825115115
0.0	Tramuntanasaurus	271.9601584354354	270.86233169769775
0.0	Trialestes	235.68207300600602	229.03181278378378
0.0	Tricuspisaurus	205.54489315515517	204.27013068868868
0.0	Trilophosaurus	230.5813657827828	208.50236584784787
0.0	Tropidosuchus	242.25685342642643	236.82043683083083
0.0	Tuebingosaurus	218.1250702972973	216.34992003203203
0.0	Turfanosuchus	244.39874106306308	243.81365105505503
0.0	Typothorax	227.56803293893896	201.99065113113116
0.0	Uatchitodon	233.05409035935932	210.52261598198197
0.0	Unaysaurus	224.48664591191192	211.34176403903905
0.0	Unguinychus	219.68243080080077	217.8006813493494
0.0	Uralosaurus	246.42862759159158	242.44386361461463
0.0	Utatsusaurus	251.0671456036036	246.68239615115112
0.0	Vallesaurus	217.9982556186186	211.83890016216216
0.0	Vancleavea	233.32883535135136	201.595721005005
0.0	Variodens	208.7507181891892	202.2097057917918
0.0	Vellbergia	239.01633117817818	238.43227878578577
0.0	Velocipes	221.11700852752753	219.2775925995996
0.0	Venaticosuchus	232.2802342012012	230.40003311711712
0.0	Venetoraptor	234.22373195395394	215.38872943243246
0.0	Vinitasaura	231.83245324324324	230.0604128998999
0.0	Vivaron	225.12335408208207	211.29413196996998
0.0	Vjushkovisaurus	246.07434414114115	243.30086074274277
0.0	Volcanosuchus	234.21234302202203	232.66094434434436
0.0	Vonhuenia	251.65331405805804	251.36109600200203
0.0	Vritramimosaurus	249.3507581991992	248.75573657457457
0.0	Vytshegdosuchus	249.45526522822823	248.86413985785785
0.0	Wahlisaurus	200.5942268928929	199.9686161821822
0.0	Waluchelys	214.26091722622624	212.53416379279278
0.0	Wangosaurus	239.21506567967967	237.06862437637636
0.0	Wannia	222.36823852552553	210.04066722322324
0.0	Wapitisaurus	248.97955066966966	248.4456494224224
0.0	Weigeltisaurus	260.1790733683684	253.92935249349347
0.0	Whitakersaurus	205.86337526426428	204.53803204204206
0.0	Wimanius	243.89998825825828	243.285972029029
0.0	Wumengosaurus	246.61817251651652	241.94510087387386
0.0	Xenodiphyodon	234.43684013113113	232.94031118318318
0.0	Xilousuchus	246.4641781091091	245.9028778758759
0.0	Xingxiulong	200.61165456956957	200.05212294894895
0.0	Xinminosaurus	245.6195971661662	244.92723937837837
0.0	Xinpusaurus	240.51129246746748	227.19895626826826
0.0	Yarasuchus	245.92658237137135	242.71339239139138
0.0	Yelaphomte	219.37588053553554	217.64887524024024
0.0	Yimenosaurus	201.5044814864865	199.46500203303302
0.0	Youngetta	249.60141545245244	249.21511526326324
0.0	Youngina	260.18521412612614	251.95917788388388
0.0	Youngosuchus	244.52164539739738	243.86285321821822
0.0	Yunguisaurus	241.824385015015	236.94424701901903
0.0	Yunnanosaurus	201.35784268268267	199.8162978938939
0.0	Zanclodon	242.19825610310312	203.9977341001001
0.0	Zhongjiania	259.9559023983984	254.8795108768769
0.0	Zupaysaurus	216.60214720420421	214.8168436346346
