clade	species	ts	te
0.0	Abyssomedon	108.92645691535304	107.78343342762811
0.0	Acadiella	56.26361113134895	54.69559396951061
0.0	Acaenasuchus	51.93797297746251	32.27538426171401
0.0	Acallosuchus	47.649426281203326	45.903414147595264
0.0	Acerosodontosaurus	78.94864272134542	78.83791224895388
0.0	Acleistorhinus	98.92069022829966	97.66636054955381
0.0	Acrodenta	82.30058978999365	82.19256215919971
0.0	Actiosaurus	34.0711900179181	32.64456742294532
0.0	Adamanasuchus	47.0690453880624	45.15588706070563
0.0	Adelosaurus	80.33898124035763	80.23184302731809
0.0	Aenigmasaurus	75.10082329314561	74.66066617959777
0.0	Aenigmaspina	56.58197596710877	54.940375313782255
0.0	Aenigmastropheus	79.36026724183522	79.25289375126442
0.0	Aetosauroides	63.03822594411114	32.88473696188466
0.0	Aetosaurus	50.45792297948831	33.07979628775288
0.0	Agkistrognathus	76.25775628287677	75.8401741095606
0.0	Agnosphitys	57.748995612743826	56.03011228623213
0.0	Alexeyisaurus	40.60055281095471	39.198342055514566
0.0	Alwalkeria	61.22550352280239	59.86550856774969
0.0	Amanasaurus	60.770771284302235	37.674047192289
0.0	Ammorhynchus	72.43346814066729	70.79826405236656
0.0	Ammosaurus	26.467030708971585	23.953238249979115
0.0	Amotosaurus	72.36317744448232	66.3128966032114
0.0	Anarosaurus	72.08511647885204	69.6631714750687
0.0	Anchisauripus_Temperate_N	54.41610562480308	24.257067108491363
0.0	Anchisauripus_Tropical_N	52.12781762023366	24.0197376846703
0.0	Ancistronychus	37.67381662851228	36.182485546533705
0.0	Angistorhinus	62.654709912498014	34.093717764968325
0.0	Anisodontosaurus	71.58356239975801	61.627097433063966
0.0	Anomoepus_Temperate_N	26.08530823942606	24.494787015674945
0.0	Anomoepus_Tropical_N	53.18538052816316	23.8809592460561
0.0	Anomoiodon	71.37447775083443	69.80706209831567
0.0	Anshunsaurus	65.16831480372056	53.249187215290455
0.0	Anthodon	82.96370475340615	78.79579128182793
0.0	Anticheiropus	25.222395056040092	24.386608893045796
0.0	Apachesuchus	34.873902171775235	33.28206477327326
0.0	Apatopus_Temperate_N	60.945760431902535	59.495103623774924
0.0	Apatopus_Tropical_N	53.81118456225136	26.009279228006775
0.0	Apatopus_Tropical_S	58.393631750912725	56.64052811109282
0.0	Apatosuchus	41.87223197654129	40.34298069077517
0.0	Aphelosaurus	120.46320429496426	119.322895571277
0.0	Araeoscelis	116.2931280059449	98.35305387504637
0.0	Archeopelta	66.2868985670941	65.56454286878179
0.0	Archosaurus	85.21948577656842	81.57074025246918
0.0	Arcticodactylus	40.571588472308186	39.084193744070056
0.0	Arganaceras	80.44397837622238	80.33604399771251
0.0	Arganasuchus	58.39730649011326	52.23243704183775
0.0	Argoides	26.99597031663534	23.86534617796356
0.0	Arizonasaurus	72.02512967265491	70.95151749837756
0.0	Asilisaurus	72.3105186702924	66.80977984129983
0.0	Askeptosaurus	69.18570556075798	62.887751631650254
0.0	Asperoris	72.3478240021428	71.88091067734524
0.0	Asylosaurus	34.552973929046324	25.817717805403916
0.0	Atopodentatus	69.82774132350099	68.79282799949635
0.0	Atreipus_Temperate_N	57.97460069585696	56.26363606252777
0.0	Atreipus_Tropical_N	55.786589230618915	39.472288804228604
0.0	Augustaburiania	76.26834178667089	72.08049524255065
0.0	Augustasaurus	68.60969862326256	67.95813546603732
0.0	Australothyris	85.33942975885363	84.95156525078396
0.0	Austriadactylus	39.21439178159443	35.821339331705126
0.0	Austriadraco	36.90227052584971	35.337290668239554
0.0	Avalonnectes	25.644319131138015	24.803454401328285
0.0	Avicranium	31.293623422956255	30.45896314027064
0.0	Azendohsaurus	55.90333304137561	54.25206108964754
0.0	Baeotherates	110.66004100299931	110.38225255570455
0.0	Baisesaurus	73.82630449798232	73.37489510690585
0.0	Barasaurus	86.07490176933827	74.9675348241581
0.0	Barberenasuchus	63.71765297937193	62.94874681796062
0.0	Barracudasauroides	72.35178236902176	66.76424261025038
0.0	Barracudasaurus	70.82530672011028	61.8348898667969
0.0	Barrancapus	49.224320186058065	47.52525215114869
0.0	Bashkyroleter	95.02142802284402	90.00409372613474
0.0	Batrachopus_Temperate_N	71.42771515861689	26.930555507312466
0.0	Batrachopus_Tropical_N	43.548827888195326	24.02291394665157
0.0	Batrachotomus	64.54136677194396	62.61604008447314
0.0	Belebey	98.45968636749235	88.87243477143578
0.0	Benggwigwishingasuchus	72.2350611646179	71.6448268921988
0.0	Bentonyx	71.45927836112641	70.7299885421827
0.0	Bergamodactylus	39.094948261332924	37.632405736366685
0.0	Besanosaurus	63.29353863883045	62.495937799234966
0.0	Blezingeria	72.23358781338393	71.58900313491958
0.0	Blomosaurus	76.76822228993751	76.45180147062803
0.0	Bobosaurus	59.63953174462259	57.96817225895707
0.0	Bolosaurus	122.18522108301116	104.17978508945369
0.0	Boreopricea	75.64179403871967	74.33651143985585
0.0	Brachychirotherium_Temperate_N	60.76261780728372	59.282634474560126
0.0	Brachychirotherium_Tropical_N	57.05987267465304	30.275323416521733
0.0	Brachychirotherium_Tropical_S	59.536737348857564	50.01258077700192
0.0	Bradysaurus	89.69457211880437	84.26346667437798
0.0	Brasinorhynchus	67.90817614427044	63.33605553744164
0.0	Brazilosaurus	116.38346608285963	106.76978479425195
0.0	Bromsgroveia	72.0638548611987	67.1969285281754
0.0	Broomia	90.16249499078727	85.71699663368133
0.0	Bunostegos	77.65508866276059	77.54604735759912
0.0	Buriolestes	60.941376552516296	32.329281011700765
0.0	Bystrowisuchus	73.56151558930597	73.11255269491036
0.0	Callawayia	42.252832799490264	37.66130429832125
0.0	Calyptosuchus	61.15156819652576	33.03398075691173
0.0	Camelotia	31.88686469950104	29.962516378763596
0.0	Camposaurus	34.41611557901614	32.86047632432355
0.0	Candelaria	67.68361505608225	60.98344118441554
0.0	Captorhinikos	108.42316835328657	98.1042841215812
0.0	Captorhinoides	105.60530672591764	101.32198853767491
0.0	Captorhinus_Temperate_S	79.3529188792696	79.24542928970392
0.0	Captorhinus_Tropical_N	109.28954307817892	98.09310496810232
0.0	Captorhinus_Tropical_S	115.65381998455553	98.71528163009452
0.0	Cargninia	43.07993413514546	41.3668631652572
0.0	Carnufex	56.88684222614786	55.17044017188284
0.0	Cartorhynchus	73.90646864881822	73.44741139416004
0.0	Caseosaurus	36.05173610715433	34.49619071455023
0.0	Caviramus	37.512291450760664	35.96828839223975
0.0	Ceresiosaurus	67.4364609914193	60.591871804693774
0.0	Chalishevia	67.28545506705662	62.26935664572899
0.0	Chanaresuchus	66.33713442033157	63.21231767046157
0.0	Chaohusaurus	75.38701566803417	68.66990734997485
0.0	Chasmatosuchus	76.77064809142664	72.03793017217548
0.0	Chelyoposuchus	27.703705694012932	26.862033157888483
0.0	Chinchenia	63.283704434461036	62.45484702665313
0.0	Chindesaurus	53.96774070173239	31.882301379931036
0.0	Chinshakiangosaurus	24.93148840748587	24.076954386700905
0.0	Chirotherium_Temperate_N	62.317106999581505	27.13394115568786
0.0	Chirotherium_Temperate_S	67.09732209742192	61.49363929616807
0.0	Chirotherium_Tropical_N	77.50027898948095	31.546665882308762
0.0	Chromogisaurus	54.295207249707424	52.87393089514034
0.0	Clarazia	69.05348712689847	68.37779763813012
0.0	Claudiosaurus	83.71351435613404	76.186217435659
0.0	Clevosaurus_Temperate_N	62.11419778748498	23.890351466081363
0.0	Clevosaurus_Temperate_S	61.44696422972346	32.855539201603804
0.0	Coahomasuchus	60.38139195342443	32.57029568477946
0.0	Coartaredens	71.6945489382004	66.0837394810012
0.0	Coburgosuchus	41.06820958648447	39.530319426173676
0.0	Coelodontognathus	76.0608853716967	72.80833671396782
0.0	Coelophysis_Tropical_N	53.45550659145119	24.452960367172867
0.0	Coelophysis_Tropical_S	34.29572630116775	32.77328345833675
0.0	Coelurosauravus_Temperate_N	81.57954703181817	81.47021132466575
0.0	Coelurosauravus_Temperate_S	81.67261302218	76.73334751067671
0.0	Coelurosaurichnus_Temperate_N	71.4455114048554	29.012772125669546
0.0	Coelurosaurichnus_Tropical_N	71.58572387520654	38.32110002413975
0.0	Coelurosaurichnus_Tropical_S	59.021719133247025	51.20163408296116
0.0	Coletta	74.95897657902302	74.51569895377827
0.0	Collilongus	72.96522319443869	72.5259074914771
0.0	Colobomycter	116.18908184764446	107.0783135852578
0.0	Colobops	34.70228387730463	33.092436288545706
0.0	Coloradisaurus	53.67185569647937	39.76511970099311
0.0	Coloradisuchus	39.95861333785599	38.47457676361895
0.0	Concavispina	56.16488755769608	54.534219742013136
0.0	Contectopalatus	65.16545054272619	64.50688787866038
0.0	Corosaurus	74.0224222574774	72.08739779360279
0.0	Cosesaurus	64.65271455357922	63.99255755740843
0.0	Crosbysaurus	53.710674479731324	33.437565990777436
0.0	Ctenosauriscus	72.91293008591717	72.47541732297273
0.0	Cyamodus	68.70856687090719	52.6302403554518
0.0	Cymatosaurus	72.6107770885563	67.10885503877279
0.0	Cymbospondylus_Temperate_N	69.97240412416923	61.779876558897456
0.0	Cymbospondylus_Tropical_N	72.91377848227904	61.72265304513101
0.0	Czatkowiella	74.23443896654807	73.79030814593207
0.0	Dactylosaurus	72.34761478281614	66.05300837703179
0.0	Daemonosaurus	30.25645800545165	29.374354831406382
0.0	Dagasuchus	61.817259689794156	60.683155514621454
0.0	Dawazisaurus	69.20187755695615	68.54085554335894
0.0	Decuriasuchus	65.76511332590945	62.27978207959204
0.0	Delatorrichnus	26.483741448612278	25.60917086225205
0.0	Delorhynchus	116.30076222524569	107.01975042921198
0.0	Deltadectes	48.375166129479325	27.773151830030276
0.0	Deltavjatia	89.637741280254	84.41105890148349
0.0	Desmatosuchus	61.62726256878547	32.90598919528857
0.0	Diandongosaurus	69.35807485465757	68.6937701944922
0.0	Diandongosuchus	66.52297035395087	65.81994891280245
0.0	Dianmeisaurus	70.27185375459206	68.25061496654739
0.0	Dianopachysaurus	69.28173271114764	68.62848789330093
0.0	Dimetropus	116.32560223587599	106.59579008170641
0.0	Dimorphodon	26.355839375370795	25.501519867936146
0.0	Dinocephalosaurus	70.12656909335769	68.66997924827916
0.0	Diphydontosaurus_Temperate_N	61.26028370775382	26.346759296836076
0.0	Diphydontosaurus_Tropical_N	40.270093572338	38.69373831581202
0.0	Diphydontosaurus_Tropical_S	39.054520638819554	37.52940270702794
0.0	Dolabrosaurus	35.261168364382804	33.663975358276595
0.0	Dolerosaurus	56.584445421260064	54.85747640015869
0.0	Dolichobrachium	61.71222491344578	60.452517941776215
0.0	Doliovertebra	69.01735247141683	68.3647120344438
0.0	Dongusuchus	70.83679176778209	67.461085250862
0.0	Dorosuchus	69.657972514971	67.72653357931395
0.0	Doswellia	62.39799607806672	36.00018568055083
0.0	Dracoraptor	26.22396334904456	25.35915181788189
0.0	Drepanosaurus_Temperate_N	42.30597859181285	40.698992178338614
0.0	Drepanosaurus_Tropical_N	47.45796931432908	26.53710500343931
0.0	Dromomeron_Temperate_S	38.557935337697344	37.05823477631142
0.0	Dromomeron_Tropical_N	46.41159950406717	27.67256796512851
0.0	Dromomeron_Tropical_S	46.80177025787876	32.13655235670876
0.0	Dyoplax	56.570772402301195	54.8562826301128
0.0	Ebrachosuchus	58.96077535826393	57.291004364332
0.0	Effigia	33.5165033796258	26.71548561794172
0.0	Efraasia	42.39100230465498	38.10840220907346
0.0	Eifelosaurus	71.75994174071009	71.00667288785614
0.0	Elachistosuchus	27.698204084372044	26.85470056591298
0.0	Elessaurus	73.53330030932136	73.09699805816119
0.0	Elginia	84.19673732652947	76.2307474908796
0.0	Embrithosaurus	90.548215252188	85.16909642241603
0.0	Emeroleter	90.18548880930044	84.49997293890272
0.0	Endennasaurus	39.38559603107966	37.888494377423086
0.0	Energosuchus	66.63488236348742	60.55842130850365
0.0	Eodromaeus	58.713391792003925	56.97217047017189
0.0	Eohupehsuchus	73.63906203693912	73.18673403298072
0.0	Eohyosaurus	72.46213629193909	68.37328553176397
0.0	Eomurruna	76.95976698690352	76.28881604656691
0.0	Eoplesiosaurus	25.105951419989506	24.256523310279558
0.0	Eoraptor	62.91557328966774	50.91642679792623
0.0	Eorasaurus	88.4384580390184	87.9140402612131
0.0	Eorhynchochelys	57.72872629338704	56.07939271173249
0.0	Eosauropus_Temperate_N	53.54658753351783	40.36148487430859
0.0	Eosauropus_Tropical_N	48.986868122936635	31.718666978032722
0.0	Eretmorhipis	67.66018518488745	67.03217288603597
0.0	Erpetosuchus	40.610267173081525	39.07234479173173
0.0	Erythrosuchus	72.24092044877655	67.15193216609576
0.0	Erythrovenator	57.405287476799415	55.75033729401247
0.0	Eshanosaurus	25.22077368172394	24.36320027604142
0.0	Eubrontes_Temperate_N	52.776902050729845	24.041202899779528
0.0	Eubrontes_Tropical_N	52.08459791312998	24.178200350701562
0.0	Eucoelophysis	52.20585866288772	26.034666495996547
0.0	Eudibamus	110.80590272256839	110.5287346679446
0.0	Eudimorphodon	44.01844292895246	25.88596089923345
0.0	Eumetabolodon	75.95881339106869	69.02927444348353
0.0	Eunotosaurus	90.3721965732943	84.45938293649472
0.0	Euparkeria	71.92161723382345	67.32313440456846
0.0	Eurhinosaurus	25.644099553961112	24.760990747833194
0.0	Eurycleidus	25.890283993871606	25.031396076050147
0.0	Eusaurosphargis	72.46949511829257	65.18529618524074
0.0	Euscolosuchus	61.74678627348165	60.498806155371
0.0	Evazoum	57.498410994961375	25.98037900145208
0.0	Fasolasuchus	38.4478903305839	36.99282498728516
0.0	Faxinalipterus	54.19394354318896	32.45335110369379
0.0	Feeserpeton	108.76054076238069	107.57172893034523
0.0	Feralisaurus	72.23996396751868	71.73436914524234
0.0	Fodonyx	72.13089380166541	66.89019171745596
0.0	Fraserosphenodon_Temperate_N	59.24094186479326	57.60450353621357
0.0	Fraserosphenodon_Tropical_S	36.93244648143779	35.294032266090454
0.0	Fraxinisaura	63.42351627897822	62.60959580979261
0.0	Fugusuchus	70.83147135396025	70.11988805649904
0.0	Fuyuansaurus	65.00889497849352	64.31246985792608
0.0	Galesphyrus	84.7200503245106	79.40607791085658
0.0	Gamatavus	67.53533959081837	65.9363445225661
0.0	Gansurhinus	94.91195657195017	76.49324065369858
0.0	Garjainia_Temperate_N	74.26939949903321	72.11801705249113
0.0	Garjainia_Temperate_S	76.37960438833048	71.9992202124558
0.0	Garzapelta	44.31517766090607	42.293269415192206
0.0	Gecatogomphius	101.68318692241874	95.44357480903535
0.0	Gephyrosaurus	34.9552478064377	28.214110649735954
0.0	Glaurung	79.29283274434341	79.18519613162151
0.0	Glyphoderma	63.890283710618895	63.155755304352134
0.0	Gnathovorax	56.74098348757998	47.56170224859379
0.0	Gojirasaurus	39.146622340131344	37.61352262808737
0.0	Gomphiosauridion	55.92063439032709	54.31247552737097
0.0	Gorgetosuchus	58.656823917745264	57.004952904937326
0.0	Gracilisuchus	66.1835453566443	60.90934144265694
0.0	Grallator_Temperate_N	57.25123666093178	23.49428275479734
0.0	Grallator_Temperate_S	56.735939233686906	39.0273845587
0.0	Grallator_Tropical_N	57.65323174589596	24.286698382995336
0.0	Graoullyodon	33.84760627796156	32.57698212226781
0.0	Gregaripus	53.23265243899113	37.308903158716134
0.0	Gresslyosaurus	37.893740558657136	32.76880019366996
0.0	Grippia	75.39561834670535	72.18572294761348
0.0	Guaibasaurus	52.603401072223676	33.26891378694637
0.0	Gualosuchus	66.90745168255546	64.88748992915298
0.0	Guanlingsaurus	61.13322632882745	55.04965520917403
0.0	Guchengosuchus	71.8413560054901	71.0989617988561
0.0	Guizhouichthyosaurus	67.7294404056276	51.16855504488841
0.0	Gulosaurus	75.86338182016044	74.25287132818112
0.0	Gunakadeit	36.110046102640055	34.60131700910967
0.0	Gwyneddichnium	50.061004968906175	27.632696916054787
0.0	Gyposaurus	26.494493843310458	24.143073368032816
0.0	Halazhaisuchus	69.25119676629149	68.59936139080216
0.0	Haligonia_Temperate_N	30.52254686599134	25.77869957767677
0.0	Haligonia_Tropical_N	57.56465282906451	55.86714632953515
0.0	Hanosaurus	75.78153716628167	75.33400135105911
0.0	Helcura	26.252140331586862	25.424111011172844
0.0	Helveticosaurus	68.62856943075232	67.97266343573949
0.0	Hemilopas	72.77309530382159	67.22276282390814
0.0	Hemiprotosuchus	53.64479482615115	46.763472715076205
0.0	Heptasuchus	60.03904537048647	58.42895994946992
0.0	Herrerasaurus	61.415292362934096	51.73845460510522
0.0	Hescheleria	67.57598801744979	66.94065281562692
0.0	Hesperosuchus	53.13761624181643	29.997699479235365
0.0	Heterodontichnites	58.51411860307461	45.6355572111999
0.0	Heteropelta	70.45614219995578	69.76701844955207
0.0	Himalayasaurus	40.692486398232745	39.18214827237824
0.0	Hispaniasaurus	62.5930980796809	61.37245777804629
0.0	Honghesaurus	69.2021164680011	68.54229495824056
0.0	Horaffia	64.66671520297385	60.856188796948224
0.0	Hovasaurus	84.62932920466059	73.97760153108347
0.0	Howesia	70.9050547330493	68.51093347739665
0.0	Hudsonelpidia	46.31885375186537	44.53056547714697
0.0	Hupehsuchus	74.9199335053911	65.89861704913146
0.0	Hwiccewyrm	60.908708395543336	52.42924128863993
0.0	Hyloidichnus	83.27480083016226	77.28235956354021
0.0	Hyperodapedon_Temperate_S	62.17340000666103	33.24618557679798
0.0	Hyperodapedon_Tropical_N	54.949065792626925	52.18927074450981
0.0	Hypselorhachis	71.01216753759331	70.30180278813916
0.0	Hypsognathus_Temperate_N	27.987043679169403	27.08916683580778
0.0	Hypsognathus_Tropical_N	55.14316634797907	28.54617362499392
0.0	Hypuronector	48.21440263619217	32.934236708016954
0.0	Icarosaurus	42.58953826104689	41.064854461829285
0.0	Ichthyosaurus_Temperate_N	33.10641914996893	24.19885394099858
0.0	Ichthyosaurus_Tropical_N	51.812358472894346	37.02601618989682
0.0	Ichthyotitan	32.114752699638075	31.270506746230353
0.0	Idiosaura	60.36126544451053	58.802549657667456
0.0	Ignotosaurus	56.023608177647915	54.436597711882065
0.0	Incertovenator	55.74708171669653	54.12401227821576
0.0	Ingentia	43.843074543468916	41.783661305859496
0.0	Isfjordosaurus	73.19262268280586	72.7488124793036
0.0	Ixalerpeton	58.441332512743166	43.493367868178154
0.0	Jaklapallisaurus	49.47435905358414	47.63567667960539
0.0	Jaxtasuchus	64.93573209301287	60.330578112747425
0.0	Jesairosaurus	73.45183610823722	73.00538709584133
0.0	Jingshanosaurus	27.357568161253052	23.610408169096758
0.0	Jushatyria	70.19662344029646	69.51675240402508
0.0	Kadimakara	76.54311209815525	76.11582429209429
0.0	Kalisuchus	76.50973691767787	76.12973658848887
0.0	Kapes_Temperate_N	75.42093945768337	69.51421902889561
0.0	Kapes_Tropical_N	71.90021056021824	66.53608934557111
0.0	Kayentapus_Temperate_N	26.620465905558035	24.14165753706346
0.0	Kayentapus_Tropical_N	53.067116110114405	24.054050705413015
0.0	Keichousaurus	75.7631310250149	60.99818757545681
0.0	Kholumolumo	52.93749475575787	32.23027090901512
0.0	Kinelia	83.581594690819	83.4735992529825
0.0	Kintneria	48.93929078747333	34.94533367350635
0.0	Kitchingnathus	74.88698036772294	74.43809214911496
0.0	Kocurypelta	38.59653073713385	37.04740194900738
0.0	Koiloskiosaurus	72.02574309580332	71.30027775024175
0.0	Komlosaurus	26.641621631906	24.36263977500095
0.0	Krzyzanowskisaurus	63.51775191610808	34.7762126302916
0.0	Kudnu	76.97445177818432	75.96073527097553
0.0	Kuehneosaurus	62.796435902081754	28.34844082717183
0.0	Kuehneosuchus	33.609355935823	32.546662744379304
0.0	Kuruxuchampsa	56.68099788709899	55.10124019909236
0.0	Kwangsisaurus	75.20889847986393	72.895876423949
0.0	Labidosaurikos	108.22954932090188	97.64664750306558
0.0	Labidosauriscus	115.57842711757876	108.18231100383184
0.0	Labidosaurus	107.82608661243769	97.70054523222856
0.0	Lagerpeton	67.49383144627683	62.49040214875175
0.0	Lanceirosphenodon	42.1357148757543	40.6936455324673
0.0	Langeronyx	72.51351169032178	61.3766730909446
0.0	Langobardisaurus	44.2375820474103	33.02734147116993
0.0	Lanthaniscus	96.05909885740776	92.2913636926198
0.0	Lanthanolania	95.80380655883909	94.79960319216748
0.0	Lanthanosuchus	86.93607801834465	86.48929031520667
0.0	Laquintasaura	25.715360125962125	24.87216442343283
0.0	Largocephalosaurus	70.05939698724221	69.26490678871761
0.0	Lariosaurus	73.30205455193548	61.67380395241169
0.0	Lasasaurus	75.59085964045968	75.14659727038011
0.0	Lavinipes	26.468305496477065	25.19353149205689
0.0	Lepidus	35.37364162651213	33.78886018701414
0.0	Leptonectes	26.10383780061088	23.932761884591326
0.0	Leptosuchus	52.739122398420285	33.03442538828708
0.0	Lessemsaurus_Temperate_S	53.236219689357966	33.01183587694316
0.0	Lewisuchus	65.519694021093	54.8965936569179
0.0	Libognathus	48.042292230920836	46.188634971443044
0.0	Liliensternus	40.074685505852884	27.705576442679195
0.0	Lindwurmia	25.517659697938463	24.66152741796033
0.0	Litorosuchus	63.67276938584859	62.939918997357054
0.0	Lophostropheus	32.62977663567887	31.79868484442403
0.0	Lotosaurus	72.1202026958632	67.16020575278772
0.0	Lucasuchus	58.43519428479072	51.53652273980418
0.0	Lucianosaurus	37.564965242330715	36.039801074388215
0.0	Lucianovenator	49.20447197026003	47.40622339423743
0.0	Lufengosaurus	26.73166556691233	24.391451699266206
0.0	Lukousaurus	25.772432937012933	24.109482296653805
0.0	Luopingosaurus	69.25190299503012	68.58903279579864
0.0	Luperosuchus	67.06295895127802	63.72815625426634
0.0	Macgowania	44.05188528270059	37.66319318266646
0.0	Machaeroprosopus	52.80569795291906	26.3164426410925
0.0	Macrocnemus	69.0959383214863	61.306464808168904
0.0	Macrocollum	50.44379604724228	32.086740036029255
0.0	Macroleter_Temperate_N	97.03926726116718	89.34292456620786
0.0	Macroleter_Tropical_N	92.46149521645908	91.52045807116617
0.0	Macroplacus	30.260909952769147	29.414529839502812
0.0	Macroplata	26.038727788089304	25.178685775010774
0.0	Maehary	54.29702401597455	45.13731813836019
0.0	Majiashanosaurus	73.13722554916748	72.69645437240352
0.0	Malerisaurus	50.13681125415117	32.00604691882053
0.0	Malutinisuchus	67.11001267839596	60.484536291645696
0.0	Mambawakale	68.02372526254591	67.37792550771724
0.0	Mandaphon	70.38008164451374	69.70230373203381
0.0	Mandasuchus	72.18094518205828	67.42731707535705
0.0	Marasuchus	68.14152181946801	60.42104766145985
0.0	Marcianosuchus	70.3390780919898	69.68607049122998
0.0	Massospondylus	56.53037458629022	54.92755484595188
0.0	Mbiresaurus	62.04208478658036	56.51432852076499
0.0	Megachirella	69.84963442019851	69.18721447671747
0.0	Megalancosaurus	42.28386250246121	37.555899299985064
0.0	Megalosauripus	25.44991951917811	24.602518054089046
0.0	Megalosaurus	26.92137584695474	26.065492175939507
0.0	Megapnosaurus	26.542902416657935	25.666242703608035
0.0	Mehliella	61.492760274570514	60.255218648837406
0.0	Melanorosaurus	50.66492634833098	48.57362202771638
0.0	Merriamosaurus	73.84823827503388	73.40458495446407
0.0	Mesodapedon	69.4386517363979	68.78653357794894
0.0	Mesosaurus_Antarctic	116.11141121577339	110.65778754811946
0.0	Mesosaurus_Temperate_S	115.32662463515503	107.87356912917477
0.0	Mesosuchus	71.82162490257733	66.67714384431099
0.0	Metamosaurus	109.34071466067552	108.79014014421956
0.0	Metashastasaurus	44.393566069954296	34.6397334575399
0.0	Microcnemus_Temperate_N	76.74265729070764	72.28247498553414
0.0	Microleter	112.69987677003277	112.4249167335182
0.0	Micromenodon	57.47335659059816	55.77963273250593
0.0	Microsphenodon	53.48391131895653	35.684115292277035
0.0	Mikadocephalus_Temperate_N	65.26923455410986	64.57793216759568
0.0	Mikadocephalus_Tropical_N	69.00885131922065	68.35714942375441
0.0	Milleretta	84.03486660652027	76.33532900628923
0.0	Millerinoides	77.44494187291288	77.31676983048973
0.0	Milleropsis	84.87767825833645	76.83169665716373
0.0	Millerosaurus	82.44767845970128	77.47804271906348
0.0	Miodentosaurus	60.04357688522744	51.968096112765025
0.0	Mixosaurus	71.91337211045781	63.21354468522899
0.0	Moradisaurus	81.56851560484081	76.44140588218701
0.0	Mystriosuchus_Temperate_N	48.80036597124301	25.008948586165214
0.0	Mystriosuchus_Tropical_N	44.33076556080575	33.66787803207757
0.0	Nambalia	52.66471411667844	34.86488198049795
0.0	Nanchangosaurus	73.21843378502594	66.58853350129108
0.0	Nanoparia	84.02744262048549	81.81873380927398
0.0	Neoaetosauroides	46.76920106766028	33.610516762741625
0.0	Neoprocolophon	70.58442903959512	69.91210685321776
0.0	Neusticosaurus	72.42618059041729	61.622388000730744
0.0	Nhandumirim	49.01075898219387	40.963834066938205
0.0	Nicrosaurus_Temperate_N	52.88949037742782	34.955358168548806
0.0	Nicrosaurus_Tropical_N	43.33940285079228	41.40359946362537
0.0	Nochelesaurus	89.27911556427809	84.35125705661932
0.0	Notatesseraeraptor	52.90879927525454	50.73603449681027
0.0	Noteosuchus	76.49925163360747	76.10923838117394
0.0	Nothosaurus_Temperate_N	72.39820534605485	30.857623797964447
0.0	Nothosaurus_Tropical_N	70.91619521036081	60.7896906288117
0.0	Nothosaurus_Tropical_S	73.63998083126334	61.60511822535654
0.0	Nundasuchus	70.88613187402179	70.18411811134295
0.0	Nyasasaurus	72.38703236015792	67.89926148258196
0.0	Nycteroleter	94.23005170628036	91.46886007848295
0.0	Nyctiboetus	107.78395477369021	94.12102003408634
0.0	Nyctiphruretus	98.76660271731876	87.31317886800889
0.0	Obirkovia	91.23684796586538	81.89461439258649
0.0	Odontochelys	55.216749052561916	52.635057518236756
0.0	Omphalosaurus_Temperate_N	74.3844691008664	61.84881103210423
0.0	Omphalosaurus_Tropical_N	73.09003722703905	66.86916210037555
0.0	Opisthodontosaurus	115.9704379349764	107.61767854737175
0.0	Orenburgia	75.61623699080404	72.41270513723323
0.0	Orovenator	116.63325807250133	107.72581852440078
0.0	Oryctorhynchus	61.638048975513854	55.38334055007078
0.0	Oryporan	75.89406205295988	73.58052847858781
0.0	Osmolskina	74.12525800488861	73.67194820954644
0.0	Otozoum	41.374658938890526	39.81117655221175
0.0	Owenetta	85.60029870631108	75.42994446334086
0.0	Ozimek	57.98657399404228	54.689976689106146
0.0	Pachypes	78.75438229146363	78.64644246679029
0.0	Pachypleurosaurus	67.35633269620098	62.93243323686838
0.0	Pachystropheus	35.7065605800899	27.360490292950153
0.0	Palacrodon_Temperate_S	74.10844091644041	69.05329784646626
0.0	Palacrodon_Tropical_N	44.4456336359347	32.88118508610865
0.0	Palaeagama	77.16742472791852	76.81558425363933
0.0	Palaeochersis	53.87945869878154	36.91664617361473
0.0	Palaeosaurus	61.472709882507445	60.08737970413775
0.0	Palatodonta	68.03914166992902	67.38235637824889
0.0	Paleollanosaurus_Temperate_N	28.483042856989627	27.624495495411725
0.0	Paleollanosaurus_Tropical_S	42.09577251035881	40.48102024755327
0.0	Paliguana	73.74376663318468	73.30406100582645
0.0	Pamelaria	72.3929793554328	67.16241568774427
0.0	Pamelina	73.80035263951649	73.3557629600635
0.0	Pampadromaeus	59.38192160050782	38.37358573212357
0.0	Panguraptor	25.290883702059052	24.427258207324858
0.0	Panphagia	52.87207004352897	51.69081510212586
0.0	Pantydraco	60.75564373645929	59.30103239646461
0.0	Panzhousaurus	69.70879000138427	69.02563138143027
0.0	Pappochelys	64.23881798582772	63.51587315795806
0.0	Parabrontopodus_Temperate_N	26.844670950483938	24.22181087356787
0.0	Parahupehsuchus	72.80479191178634	72.36265681916453
0.0	Paralonectes	75.40226983700272	60.424604705187484
0.0	Paraplacodus	72.46671080315718	60.183126270634816
0.0	Pararcus	70.40150937051585	69.71338585283488
0.0	Parasaurus	84.62032969962917	79.06728714529808
0.0	Parasuchus_Temperate_N	76.33450476180751	51.590715123392414
0.0	Parasuchus_Temperate_S	57.483785395149155	55.30600219015484
0.0	Parasuchus_Tropical_N	61.731101339162464	37.99288867964949
0.0	Parasuchus_Tropical_S	51.41069835879923	39.051033232218956
0.0	Paratypothorax_Temperate_N	51.23207588960991	37.03988868446764
0.0	Paratypothorax_Tropical_N	52.94784497687544	32.705212261369795
0.0	Paratypothorax_Tropical_S	44.86045032883189	42.837728871736665
0.0	Pareiasaurus	90.33565574817544	76.7237785499784
0.0	Pareiasuchus	87.23733023412639	79.11952449941009
0.0	Parringtonia	69.70732471512481	69.04587542397633
0.0	Partanosaurus	63.547641595492536	62.74700559983482
0.0	Parvinatator	71.46542874048062	70.7427095437185
0.0	Parvosuchus	64.64553135386197	63.94590520143827
0.0	Pectodens	70.13030878276321	69.4759210059996
0.0	Pelecymala	57.04233899083429	52.296523326654714
0.0	Pendraig	56.7064959619241	55.0051292655395
0.0	Pentaedrusaurus	72.50683037322804	72.07114851079174
0.0	Permotriturus	90.31623352352229	89.5347219322483
0.0	Pessopteryx	73.56546354389035	68.4254015733179
0.0	Peteinosaurus	43.301405636190594	37.37563661642943
0.0	Phaanthosaurus	76.94229169754415	76.07321138976585
0.0	Phalarodon_Temperate_N	76.19861839988778	66.41184326775698
0.0	Phalarodon_Tropical_N	71.27448102380869	66.4233347035844
0.0	Phantomosaurus	69.50278318726886	68.84528136993265
0.0	Phonodus	76.52694090955565	76.14914022729836
0.0	Pisanosaurus	59.823494804381795	58.22929716720603
0.0	Pistosaurus	69.38078093191218	60.924741069319275
0.0	Placochelys	62.107200457942334	42.40439449152003
0.0	Placodus_Temperate_N	71.32873152650082	61.781677919076266
0.0	Placodus_Tropical_N	72.30885319228996	68.33736439708285
0.0	Placodus_Tropical_S	69.39353640634448	64.7980556558906
0.0	Planocephalosaurus_Temperate_N	62.2869252733557	29.32996396580803
0.0	Planocephalosaurus_Tropical_S	51.9081822424321	49.49814019471217
0.0	Plateosauravus	51.25723545598328	34.955163327643724
0.0	Plateosaurus_Temperate_N	52.73677930987417	24.496692799000648
0.0	Plateosaurus_Temperate_S	54.426202439341736	36.297088963927635
0.0	Platypterna	39.8223575160093	23.780934238572403
0.0	Plectropterna	26.832687095158832	24.113948246152358
0.0	Plesiornis	25.83959809194469	25.014249153059723
0.0	Plesiosaurus	32.72248655054996	24.835758973261907
0.0	Polesinesuchus	56.53180287226231	54.890193635483726
0.0	Polonosuchus	55.59605841844535	54.0628822744778
0.0	Polymorphodon	64.82132973877943	64.1598241336028
0.0	Poposaurus	60.93397901125076	27.22922709305971
0.0	Postosuchus	58.87792221832329	26.12933630697918
0.0	Powellvenator	45.76665715974406	43.99182579236857
0.0	Pravusuchus	34.932828044704415	33.33998292708221
0.0	Preondactylus	44.09219854048866	32.30867475502436
0.0	Prestosuchus	66.81541102614797	55.29871435219514
0.0	Procerosuchus	63.822962707147816	63.11963199437536
0.0	Procolina	74.84946612768971	74.39350348276808
0.0	Procolophon	76.79133768648099	72.04422000684416
0.0	Procolophonichnium_Temperate_N	71.5579381997064	69.49781772566557
0.0	Procolophonichnium_Temperate_S	75.74549674255316	75.30330545466259
0.0	Procompsognathus	40.56513105095423	39.113141570439836
0.0	Proganochelys_Temperate_N	53.452970394964154	30.22738497566675
0.0	Proganochelys_Tropical_N	34.77181385267204	33.12469611244271
0.0	Prolacerta	76.68570089995376	72.23118289370326
0.0	Prolacertoides	76.50312097844146	76.11089802905622
0.0	Prosantosaurus	66.44601609893253	65.74394774419947
0.0	Prosaurosphargis	73.65485402747271	73.21551878429639
0.0	Protanystropheus	70.64891260202381	66.52982598148215
0.0	Protecovasaurus	48.920743418064156	32.541912547513455
0.0	Protenodontosaurus	60.43310182791668	58.85060710848951
0.0	Proteosaurus	26.865601005555234	25.624952933492164
0.0	Proterochampsa	60.14459671796368	58.58599665181514
0.0	Proterochersis	52.388329708615224	35.00231325800914
0.0	Proterosuchus_Temperate_N	76.59969933254756	76.02237388076166
0.0	Proterosuchus_Temperate_S	76.91560810512755	72.02046257087902
0.0	Protoavis	50.68807843649077	32.070188084448354
0.0	Protocaptorhinus	116.6024484285048	110.07078625788613
0.0	Protoichthyosaurus	26.77095887031184	25.917714016109827
0.0	Protome	46.90535116282367	45.04655320054674
0.0	Protorosaurus	85.82336211835542	78.92543981506525
0.0	Protorothyris	124.26884809759764	118.10973552679151
0.0	Protosuchus	33.40151864207785	24.28919798284159
0.0	Provelosaurus	92.09396049250354	88.03654891225733
0.0	Psephochelys	57.36696416501807	55.640693854189095
0.0	Psephoderma_Temperate_N	31.211605041624402	25.825726429491326
0.0	Psephoderma_Tropical_N	42.93366758666102	36.93519455993676
0.0	Psephoderma_Tropical_S	69.24070894901912	66.17384907858833
0.0	Psephosauriscus	71.80821960387506	60.96670394811725
0.0	Psephosaurus_Temperate_N	62.61773139493563	61.48869108060764
0.0	Psephosaurus_Tropical_S	68.33724826262069	67.50992328590962
0.0	Pseudhesperosuchus	36.22774136040024	34.68044368549881
0.0	Pseudochampsa	57.33482431352887	55.583372922705635
0.0	Pseudotetrasauropus_Temperate_N	51.26978177372598	48.98557606260633
0.0	Pseudotetrasauropus_Tropical_N	54.543406871581354	25.705822432978533
0.0	Pterodactylus	26.148140662041254	25.33089765914968
0.0	Pumiliopareia	81.24957431660648	81.14200132587435
0.0	Qianichthyosaurus	64.65865559514862	52.34169449547635
0.0	Qianosuchus	70.16006216506688	68.39841521383084
0.0	Qianxisaurus	63.58041972502435	62.843362819537326
0.0	Quasianosteosaurus	73.32334755003417	72.88596441394145
0.0	Raeticodactylus	26.84952149508276	25.99247572992697
0.0	Rautiania	89.44282116427937	86.24031125730909
0.0	Redondasuchus	50.07700700678432	32.2656189200385
0.0	Redondavenator	53.02860748154564	50.849005102583114
0.0	Revueltosaurus	57.13466877660971	33.01097575334985
0.0	Rhaeticosaurus	32.17314426196758	31.33494437089956
0.0	Rhipaeosaurus	92.3418022833902	85.78166002558153
0.0	Rhomaleosaurus	29.20959125990886	24.13446539692481
0.0	Rhombopholis	69.9211307476477	63.88006257325255
0.0	Rioarribasuchus	49.71951861495166	37.16634958855973
0.0	Riojasaurus	52.49230885366671	39.61115258019104
0.0	Riojasuchus	38.447133174805714	36.94113035945017
0.0	Romeria	121.23399811248939	120.08401372825683
0.0	Rothianiscus	96.90905445334909	89.15753628689325
0.0	Rotodactylus	48.32621732602328	46.568986289561536
0.0	Ruehleia	44.75170489333972	35.1007467136933
0.0	Rugarhynchos	51.5968171260775	49.35103675836645
0.0	Ruhuhuaria	71.5016202571205	70.7434986672121
0.0	Rutiodon	59.57843158886419	32.749392287650195
0.0	Sacisaurus	50.92084029779738	48.846638988427955
0.0	Saltoposuchus	42.45460338055124	36.75247765150233
0.0	Sanchiaosaurus	67.89334190173517	67.25951035224121
0.0	Sanchuansaurus	77.43708663180297	77.30873197455301
0.0	Sanjuansaurus	52.85348143972031	51.61776836838111
0.0	Santaisaurus	76.8538672120387	76.27108499737658
0.0	Sarcosaurus	26.49034416143389	25.620986456951552
0.0	Sarmatosuchus	71.0712559685263	70.36746509782894
0.0	Saturnalia	54.22556621377517	48.26487096483232
0.0	Saurischichnus	48.41723240764894	32.13890634666102
0.0	Saurodektes	76.92275809230722	71.83283685197222
0.0	Sauropareion	76.47637101508396	73.05553881206853
0.0	Sauropus	25.807941362235496	24.962772298416848
0.0	Saurorictus	83.46909813630681	83.36095242393002
0.0	Saurosternon	82.65101369479484	82.54265842143944
0.0	Saurosuchus	61.19855474075673	59.74861863566391
0.0	Scelidosaurus	25.736075143213345	24.891252945506004
0.0	Scharschengia	73.90215526714064	73.45477352092405
0.0	Schleitheimia	44.597718129100414	42.61288234318876
0.0	Sclerocormus	73.94852374137547	73.50273463582033
0.0	Sclerosaurus	72.03697675017226	69.73367912212115
0.0	Sclerostropheus	50.605488759945395	48.53291915654379
0.0	Scoloparia_Temperate_N	29.633032175727614	28.763559769077034
0.0	Scoloparia_Tropical_N	61.872951819517596	55.8879514815837
0.0	Scolotosuchus	74.4176287943867	73.96534600321255
0.0	Scutarx	52.78864101228086	41.64629335952556
0.0	Scutosaurus	90.44295376111975	82.0171780620495
0.0	Scythosuchus	73.42567741320293	72.98204082475584
0.0	Seazzadactylus	38.4654123573853	36.99091646598807
0.0	Selenichnus	26.838610373849598	25.358306171670037
0.0	Serpianosaurus	70.31631519085082	62.75141166158206
0.0	Shansisuchus	72.34624164113876	67.16448618809414
0.0	Shastasaurus_Temperate_N	41.84190172683938	40.31719950131866
0.0	Shastasaurus_Tropical_S	62.28077409049287	53.714861669537875
0.0	Shihtienfenia	78.98387042648727	76.33142752746464
0.0	Shonisaurus_Temperate_N	58.73188777875323	26.682794572226612
0.0	Shonisaurus_Tropical_N	53.9599517340048	39.055259115464786
0.0	Shringasaurus	72.2805948854268	66.88049486995278
0.0	Shuangbaisaurus	24.919067660147743	24.07976213789558
0.0	Shuvosaurus	51.67535716061465	27.05331399005156
0.0	Sigmala	61.57869929821503	52.15821141185142
0.0	Sikannisuchus	53.98836996552421	33.297816121076586
0.0	Silesaurus	58.207411009959415	56.42550357195646
0.0	Sillosuchus	58.99640387391149	57.30879536031077
0.0	Simosaurus_Temperate_N	67.21686391874404	29.975054723399705
0.0	Simosaurus_Tropical_S	67.92118500178643	67.28915450710991
0.0	Sinocyamodus	58.95880523060067	57.3093202114003
0.0	Sinosaurosphargis	69.8511597002997	68.35169742708158
0.0	Sinosaurus	26.84901424171508	24.472611227762144
0.0	Skybalonyx	43.652186704641046	41.65710405623475
0.0	Smilodonterpeton	30.64349810342363	29.79517872222839
0.0	Smilosuchus	55.722118098264275	33.3709175347566
0.0	Sophineta	72.80875569252485	72.37690346610182
0.0	Soturnia	52.32935056670067	32.961851723886916
0.0	Soumyasaurus	52.17888001781772	49.759467338199535
0.0	Sphenotitan	52.346607495514284	35.32626334115445
0.0	Sphodrosaurus	40.5470363929362	38.98116560710826
0.0	Spinosuchus	57.752373518562095	35.61917097767799
0.0	Spondylolestes	81.57539970947292	80.95372481671048
0.0	Spondylosoma	67.18820604871115	60.31350591328535
0.0	Stagonolepis_Temperate_N	62.06169102712864	53.77347027035983
0.0	Stagonolepis_Tropical_N	52.680327903718876	33.96559175002314
0.0	Stagonolepis_Tropical_S	41.530163683618206	40.05784151665815
0.0	Stagonosuchus	71.98798951588154	66.30510340977489
0.0	Staurikosaurus	60.23715833645001	58.69400582103372
0.0	Stauromatodon	63.252726823759076	62.425064431235356
0.0	Stegomus	53.93622877085191	35.94590153884269
0.0	Stenaulorhynchus	71.84721691703368	66.35318626908159
0.0	Stenomyti	39.136327325482625	37.59482679028819
0.0	Stenoscelida	50.25435870153364	48.172486575919415
0.0	Stereosternum_Antarctic	108.6620991467985	107.44245503504368
0.0	Stereosternum_Temperate_S	115.98621548500361	107.57532030761008
0.0	Styracocephalus	90.59729186274274	85.04218077392692
0.0	Syntarsus	26.659335049907543	25.8023112772831
0.0	Syntomiprosopus	50.40918078166134	48.41957870948261
0.0	Tachiraptor	26.392613405815975	25.5330713512363
0.0	Tanaisosaurus	75.93510308464107	75.50262879121553
0.0	Tanystropheus_Temperate_N	72.55271472023048	25.48006021508942
0.0	Tanystropheus_Tropical_N	69.07663417017967	60.26212919725092
0.0	Tanystropheus_Tropical_S	70.05850912357178	67.21172192451388
0.0	Tanytrachelos	50.94749054640017	33.17914409698177
0.0	Tarjadia	67.35045967801626	61.5599501324431
0.0	Tarsodactylus	25.670914166381227	24.83356636907625
0.0	Tasmaniosaurus	76.6899097060831	76.11797321524033
0.0	Tawa	53.97131349036092	32.70956785704423
0.0	Taytalura	56.00267484758741	54.436295741097624
0.0	Technosaurus	43.61710856668984	41.6584100557263
0.0	Tecovasaurus	53.599669930891075	38.07584362874437
0.0	Tecovasuchus	51.62186485992629	38.01631867120049
0.0	Teleocrater	71.89066421818045	66.46548835185811
0.0	Temnodontosaurus	26.58042840710334	24.740313368979155
0.0	Teraterpeton	61.337716802185696	54.24984698600995
0.0	Teratophon	71.5976166067086	67.79474209489187
0.0	Teratosaurus_Temperate_N	67.35920866868467	35.53411525233508
0.0	Teratosaurus_Temperate_S	75.51916068407876	75.07677810008757
0.0	Termatosaurus	32.96471780060438	25.953138193384017
0.0	Terrestrisuchus	61.53276897136316	54.21073576139504
0.0	Tetrasauropus_Temperate_N	41.330963292367414	39.80972696071084
0.0	Tetrasauropus_Temperate_S	71.52972938645819	65.1431605229851
0.0	Teyujagua	76.31487687005747	75.91016490319375
0.0	Teyumbaita	52.59218250293437	34.37913492714416
0.0	Thadeosaurus	77.14333026757578	76.77608284230494
0.0	Thaisaurus	72.8164398120161	72.37007586116495
0.0	Thalassiodracon	33.40545004821871	24.167871774132376
0.0	Thalattoarchon	69.25166585049084	68.59672634815088
0.0	Thalattosaurus	70.54282542008748	68.41801421218008
0.0	Thecodontosaurus	66.81581137956823	25.92675602109555
0.0	Theledectes	70.9221058266722	70.23565222307957
0.0	Thelephon	70.95232307607255	70.24943127807921
0.0	Thelerpeton	70.56276740382962	67.34254386398321
0.0	Tholodus_Temperate_N	72.35718122466801	67.25364946109332
0.0	Tholodus_Tropical_N	65.70821495105292	65.03608020262563
0.0	Thuringothyris	116.46549450408732	106.57810650695029
0.0	Tichvinskia	76.28219949495497	71.87981209171598
0.0	Ticinosuchus	71.90009209601183	67.48058941780086
0.0	Tikisuchus	56.234001578269975	54.56149922969917
0.0	Timanophon	74.77281489651406	72.3330661586523
0.0	Toretocnemus	61.19705350900222	53.216445661523196
0.0	Trachelosaurus	72.045547084853	71.30890384844417
0.0	Trialestes	61.56918296791036	49.90076950301206
0.0	Tricuspisaurus	28.641997628579063	27.79112121701031
0.0	Trihamus	25.579983329391922	24.71241004646712
0.0	Trilophosaurus	55.9523021057084	33.55202163641374
0.0	Tropidosuchus	67.21943995494422	61.21501572735645
0.0	Tuebingosaurus	34.70713414989327	33.137863457811676
0.0	Turfanosuchus	69.0931854872123	68.4301152728936
0.0	Typothorax	52.784784060398216	26.13249137291442
0.0	Uatchitodon	59.6249329254074	40.81113941818359
0.0	Unaysaurus	42.78799826976101	36.80785244161862
0.0	Unguinychus	46.1021888504704	44.27533449433513
0.0	Uralosaurus	72.02857400437202	69.32230815258944
0.0	Utatsusaurus	75.38464409369763	71.78399162785654
0.0	Vallesaurus	44.458312358156064	37.222207992081636
0.0	Vancleavea	60.92316377267068	26.760538735897747
0.0	Variodens	33.075186011552276	26.630577061178688
0.0	Vellbergia	64.7659508112372	64.07979352691575
0.0	Velocipes	42.390142531024665	40.89388921219444
0.0	Venaticosuchus	52.88582723632377	51.81723357051139
0.0	Venetoraptor	59.145925700735724	32.221616720117424
0.0	Vinitasaura	57.05437108078959	55.28720353318425
0.0	Vivaron	51.126123911801	35.056931826205066
0.0	Vjushkovisaurus	71.28727250881232	67.82680629322043
0.0	Volcanosuchus	59.80074471860213	58.217002193415304
0.0	Vonhuenia	76.65552666976355	76.30327603124788
0.0	Vritramimosaurus	73.0827130808177	72.64175761268079
0.0	Vytshegdosuchus	72.83320843526424	72.40566214882595
0.0	Wahlisaurus	25.022500048775292	24.14685601119187
0.0	Waluchelys	44.80013392604741	42.73329933463518
0.0	Wangosaurus	64.70338364466797	60.20585822784851
0.0	Wannia	48.03725315020743	37.30008216061085
0.0	Wapitisaurus	76.19303970860204	75.77001098138815
0.0	Weigeltisaurus	86.04212165251707	79.14165581614049
0.0	Whitakersaurus	33.20838766118699	32.277536285816716
0.0	Wimanius	70.08525451520333	69.40254320892336
0.0	Wumengosaurus	72.3100443485201	67.08961424036279
0.0	Xenodiphyodon	56.75373640042712	55.126177326688094
0.0	Xilousuchus	68.92362776719078	68.27039251212699
0.0	Xingxiulong	25.955901873431923	25.09050496534576
0.0	Xinminosaurus	69.29633353402886	68.65339045483123
0.0	Xinpusaurus	67.09353242456869	52.18506605777455
0.0	Xiphopeza	26.136985700998288	25.28507873444971
0.0	Yarasuchus	70.63500583542476	66.81420858646732
0.0	Yelaphomte	38.63555693579666	37.30191913758909
0.0	Yimenosaurus	26.460121653024363	24.34443100189446
0.0	Youngetta	74.24136135782955	73.79698789638412
0.0	Youngina	84.6196161450062	76.75338399684617
0.0	Youngosuchus	71.39694789318321	70.66726659940377
0.0	Yunguisaurus	67.6428656389063	61.5105349041515
0.0	Yunnanosaurus	26.83180027153824	23.795053695331827
0.0	Zanclodon	68.39266102377898	28.415990994351418
0.0	Zhongjiania	84.10554269263467	81.01763188891863
0.0	Zupaysaurus	35.81877709896892	34.16531246212224
