clade	species	ts	te
0.0	Abyssomedon	109.36196510478345	108.91180426175681
0.0	Acadiella	55.502896373488916	53.98604931661587
0.0	Acaenasuchus	51.4152396842995	32.75363526084769
0.0	Acallosuchus	52.4794799144756	50.043969278943166
0.0	Acerosodontosaurus	77.79743792539843	77.6868930998253
0.0	Acleistorhinus	105.86039758525237	104.24468259150136
0.0	Acrodenta	81.21930010472066	81.10873862041424
0.0	Actiosaurus	27.866277434034913	27.0216589737035
0.0	Adamanasuchus	42.4423912624852	40.9108825311668
0.0	Adelosaurus	83.76937512165256	83.65903367058604
0.0	Aenigmasaurus	73.68981409618029	73.21732338343399
0.0	Aenigmaspina	53.591575902083655	52.38751943547336
0.0	Aenigmastropheus	80.63336310120327	80.52627629958644
0.0	Aetosauroides	58.690371877131085	37.83996271186552
0.0	Aetosaurus	52.797638632639575	33.1111272543456
0.0	Agkistrognathus	74.4939637322003	74.04185977917369
0.0	Agnosphitys	53.766809641669695	52.48896326946944
0.0	Alexeyisaurus	44.320359914975995	42.277502233944844
0.0	Alwalkeria	56.69960979184226	55.0143546489562
0.0	Amanasaurus	59.85276756521372	32.4418743692132
0.0	Ammorhynchus	71.24214142642093	70.22194423427982
0.0	Ammosaurus	26.80632874339961	23.88268572197052
0.0	Amotosaurus	71.47349789753714	69.37365028533867
0.0	Anarosaurus	71.33774099597198	66.32175281615018
0.0	Anchisauripus_Temperate_N	50.074597452397754	23.402699553867322
0.0	Anchisauripus_Tropical_N	53.90766353154671	22.769709269215326
0.0	Ancistronychus	44.79539212978032	42.9601625051847
0.0	Angistorhinus	61.116106125089914	34.53863148609305
0.0	Anisodontosaurus	70.91073228179981	65.60953094146258
0.0	Anomoepus_Temperate_N	25.533596104095214	24.242359963247313
0.0	Anomoepus_Tropical_N	51.300000575806116	23.955046975040784
0.0	Anomoiodon	72.57904665993232	68.23700051447432
0.0	Anshunsaurus	64.61698394574748	54.85746835673231
0.0	Anthodon	84.19232703901208	78.61696878102336
0.0	Anticheiropus	25.164751408223644	24.346468876740502
0.0	Apachesuchus	47.22057105151323	45.541909070738114
0.0	Apatopus_Temperate_N	59.69845713971424	58.16187805053417
0.0	Apatopus_Tropical_N	53.468968717558155	25.82919250203277
0.0	Apatopus_Tropical_S	56.72921457656451	55.093881995530204
0.0	Apatosuchus	42.16828691263291	40.633399133075464
0.0	Aphelosaurus	119.2580148491809	118.28276325241994
0.0	Araeoscelis	114.61615184520154	97.69646400944207
0.0	Archeopelta	65.26124357898222	64.60204189464302
0.0	Archosaurus	85.79052180481203	81.61636013779757
0.0	Arcticodactylus	49.31593297513871	47.48601126095679
0.0	Arganaceras	82.59300475639223	82.48312594530218
0.0	Arganasuchus	55.264013158460926	52.056823544988625
0.0	Argoides	26.642776379234203	24.183452436498015
0.0	Arizonasaurus	72.26270927656113	70.66738677927873
0.0	Asilisaurus	72.19091158449342	66.85776047978482
0.0	Askeptosaurus	66.48829267060383	60.234045421960126
0.0	Asperoris	70.07005082067775	69.30503476336357
0.0	Asylosaurus	33.371950705954546	26.034265796919925
0.0	Atopodentatus	69.9339939999956	68.9790198914424
0.0	Atreipus_Temperate_N	61.95899636992308	60.85068490727851
0.0	Atreipus_Tropical_N	55.564077345024664	48.24002120796977
0.0	Augustaburiania	74.56980314389283	71.81643043524424
0.0	Augustasaurus	68.9851169293541	68.25997791477266
0.0	Australothyris	87.1967259612207	86.77737970775293
0.0	Austriadactylus	42.37512824574288	35.065824897327325
0.0	Austriadraco	34.91059965015372	33.31918724786545
0.0	Avalonnectes	25.470359224430943	24.619881641737283
0.0	Avicranium	29.79057915879936	28.959719562187534
0.0	Azendohsaurus	54.912712685438656	53.44301272586629
0.0	Baeotherates	112.4329089653228	112.15655174587562
0.0	Baisesaurus	73.94181476379501	73.48904996157836
0.0	Barasaurus	84.09160876144102	74.96561870233602
0.0	Barberenasuchus	65.87127131409444	65.21985490971147
0.0	Barracudasauroides	72.20026238576841	66.51264702267554
0.0	Barracudasaurus	72.3971618238854	70.66113123673131
0.0	Barrancapus	49.10256916452796	47.2908425275906
0.0	Bashkyroleter	98.78629559918254	89.09001609717278
0.0	Batrachopus_Temperate_N	72.60829283004661	30.167266934005507
0.0	Batrachopus_Tropical_N	36.30837826152965	24.1887738961291
0.0	Batrachotomus	64.89606990229909	62.27621222149716
0.0	Belebey	95.03156051778753	88.9751633617835
0.0	Benggwigwishingasuchus	72.3163853781227	71.82772496491464
0.0	Bentonyx	71.98035589191691	71.18140362655483
0.0	Bergamodactylus	39.6256910896498	38.0861173733704
0.0	Besanosaurus	66.93726092404202	66.231083706503
0.0	Blezingeria	64.73657920510156	64.05176253779453
0.0	Blomosaurus	76.72952078322953	76.3954010194441
0.0	Bobosaurus	60.828740046383004	59.38461553205008
0.0	Bolosaurus	121.71712106313439	96.9834877320707
0.0	Boreopricea	75.85617521607365	73.68258279248634
0.0	Brachychirotherium_Temperate_N	53.18426937515109	51.99384247920293
0.0	Brachychirotherium_Tropical_N	57.924027893763764	27.607643151768215
0.0	Brachychirotherium_Tropical_S	59.23588992885433	49.36081468338347
0.0	Bradysaurus	89.22961876642348	84.03173311239952
0.0	Brasinorhynchus	64.35855900088514	60.69380867336669
0.0	Brazilosaurus	115.98426162113141	106.70437242682536
0.0	Bromsgroveia	72.45562879849511	67.02165307713284
0.0	Broomia	87.39368799080336	84.11451198675894
0.0	Bunostegos	77.8264931846781	77.71815142702508
0.0	Buriolestes	56.0446973825241	42.78492982140441
0.0	Bystrowisuchus	74.99152953216657	74.52836976157846
0.0	Callawayia	43.5924063138225	36.933076554911516
0.0	Calyptosuchus	60.26199987832189	33.120504627987216
0.0	Camelotia	29.892717505288974	26.857008576622604
0.0	Camposaurus	47.62002012701236	45.95156554435649
0.0	Candelaria	67.3494575141447	60.71240875779043
0.0	Captorhinikos	107.84874147308985	97.91697947336522
0.0	Captorhinoides	108.12222448612228	100.85079105434589
0.0	Captorhinus_Temperate_S	79.85682728241872	79.74550080959312
0.0	Captorhinus_Tropical_N	110.69719431981632	97.46112593714085
0.0	Captorhinus_Tropical_S	115.57037143506655	97.82915728697535
0.0	Cargninia	45.083290233703465	43.22650133100748
0.0	Carnufex	53.918015310642446	52.584600944463695
0.0	Cartorhynchus	72.9626905054973	72.50912579189175
0.0	Caseosaurus	42.939448887066995	41.216341912506415
0.0	Caviramus	27.982855923182626	27.133235286932486
0.0	Ceresiosaurus	67.35236833506967	61.504852286225365
0.0	Chalishevia	66.53105565532977	60.740488881342216
0.0	Chanaresuchus	67.02540364848535	60.959186336353405
0.0	Chaohusaurus	76.41018129106837	60.95857776995362
0.0	Chasmatosuchus	76.51285922744366	72.01541502169127
0.0	Chelyoposuchus	33.95021912733314	32.575419575491296
0.0	Chinchenia	67.30238692779137	66.57444535102273
0.0	Chindesaurus	54.03827396016362	31.792045815036673
0.0	Chinshakiangosaurus	26.63061070375983	25.786783287829042
0.0	Chirotherium_Temperate_N	61.325554928061706	26.042939888149636
0.0	Chirotherium_Temperate_S	67.71866081784961	63.57102236243236
0.0	Chirotherium_Tropical_N	77.1777335991416	32.135339823948314
0.0	Chromogisaurus	61.81983857519942	60.619389236591154
0.0	Clarazia	68.62250772495877	67.90709635644066
0.0	Claudiosaurus	85.82343123709846	76.97859195540205
0.0	Clevosaurus_Temperate_N	62.21600694579966	24.104521447445332
0.0	Clevosaurus_Temperate_S	60.30344219178727	33.2138625893879
0.0	Coahomasuchus	59.46368641057408	45.35866762921709
0.0	Coartaredens	72.0545824133361	65.9892994619061
0.0	Coburgosuchus	46.27716026167242	44.63075385050079
0.0	Coelodontognathus	76.33688387945999	72.342127940827
0.0	Coelophysis_Tropical_N	53.33070924814638	25.52332707812052
0.0	Coelophysis_Tropical_S	40.93387787092074	39.37813144315211
0.0	Coelurosauravus_Temperate_N	81.19079008711569	81.08100152419135
0.0	Coelurosauravus_Temperate_S	85.75104764398985	81.01146010751098
0.0	Coelurosaurichnus_Temperate_N	69.82756020158986	29.958541998814134
0.0	Coelurosaurichnus_Tropical_N	71.77987865727735	32.69857440548032
0.0	Coelurosaurichnus_Tropical_S	62.08571143089001	59.570094298593915
0.0	Coletta	73.17858924097298	72.70986532731932
0.0	Collilongus	74.8284281723349	74.37329882461033
0.0	Colobomycter	116.43089173347732	109.88764819556773
0.0	Colobops	53.01172148990181	50.71689824661222
0.0	Coloradisaurus	44.32282997583836	40.745466703457005
0.0	Coloradisuchus	37.736189725514485	36.1387703718643
0.0	Concavispina	57.624692426512084	55.94153386646395
0.0	Contectopalatus	70.25521793622188	69.4922887506197
0.0	Corosaurus	73.6737608760586	72.03979968427404
0.0	Cosesaurus	63.178724120608614	62.39284464084611
0.0	Crosbysaurus	52.23455900170623	32.97326852630793
0.0	Ctenosauriscus	73.7085291488174	73.24284206876041
0.0	Cyamodus	72.33888841492778	56.02794109170658
0.0	Cymatosaurus	72.37746750683127	68.13557282949817
0.0	Cymbospondylus_Temperate_N	68.33786617210993	61.592069749399755
0.0	Cymbospondylus_Tropical_N	73.55549942788497	60.363323515610944
0.0	Czatkowiella	74.86620773725818	74.41363816831677
0.0	Dactylosaurus	71.31703388204696	67.84686493673239
0.0	Daemonosaurus	29.11846497030997	28.26095583616075
0.0	Dagasuchus	61.17671504854965	59.756150377046055
0.0	Dawazisaurus	68.47946484812566	67.7866694039966
0.0	Decuriasuchus	71.38493405125709	61.12877341648828
0.0	Delatorrichnus	25.704730839222616	24.850099799895535
0.0	Delorhynchus	115.27747386978315	108.8771564904724
0.0	Deltadectes	47.10212056065463	25.48018877954833
0.0	Deltavjatia	90.00167312822228	84.59927209584919
0.0	Desmatosuchus	60.6990813590029	32.54127272612273
0.0	Diandongosaurus	69.87905569603956	69.13700181852204
0.0	Diandongosuchus	63.84519995275904	63.142429068442425
0.0	Dianmeisaurus	69.93982367040658	66.86091820736456
0.0	Dianopachysaurus	69.2597608701163	68.53766208286692
0.0	Dimetropus	116.143973673223	106.58383005799566
0.0	Dimorphodon	25.505086077379687	24.666929310867175
0.0	Dinocephalosaurus	69.88998168953636	68.38186091900252
0.0	Diphydontosaurus_Temperate_N	62.36499764388445	25.705287089290007
0.0	Diphydontosaurus_Tropical_N	40.47806667359806	38.975801687239425
0.0	Diphydontosaurus_Tropical_S	49.20228700133354	47.28749016289391
0.0	Dolabrosaurus	40.456442204336206	38.94933515762461
0.0	Dolerosaurus	56.45539002421603	54.84481895946277
0.0	Dolichobrachium	61.24071466399919	59.87281744345048
0.0	Doliovertebra	71.09406701476229	70.3067054046331
0.0	Dongusuchus	68.94319244725168	66.5602591855528
0.0	Dorosuchus	70.99021653722481	68.95305347959714
0.0	Doswellia	62.556475792365035	32.64288983889864
0.0	Dracoraptor	26.02308872486452	25.19737291150806
0.0	Drepanosaurus_Temperate_N	39.08835343075802	37.59402679111345
0.0	Drepanosaurus_Tropical_N	51.33798672584254	27.09323818076149
0.0	Dromomeron_Temperate_S	45.09223054350503	43.345212701547894
0.0	Dromomeron_Tropical_N	53.98918448197571	27.37352260655678
0.0	Dromomeron_Tropical_S	52.26529368761782	40.73600967804718
0.0	Dyoplax	59.73121864304	58.145214703567916
0.0	Ebrachosuchus	56.80838042632425	55.20938006179497
0.0	Effigia	35.78248152424673	27.496374274802985
0.0	Efraasia	44.90269525933259	39.450721794107594
0.0	Eifelosaurus	70.3615671362092	69.60602110550548
0.0	Elachistosuchus	34.0529815655057	32.657279850710864
0.0	Elessaurus	73.51256272136744	73.04377109044812
0.0	Elginia	85.06516220592373	76.17341281138376
0.0	Embrithosaurus	87.59579505719954	84.3876247341014
0.0	Emeroleter	89.8879267789623	85.03308811088674
0.0	Endennasaurus	40.50934177997217	38.98059842014567
0.0	Energosuchus	66.98538740176225	60.80544850945004
0.0	Eodromaeus	53.13420294404984	51.836713550722806
0.0	Eohupehsuchus	72.98823494700669	72.52988553345763
0.0	Eohyosaurus	72.23947538931357	67.62502997815278
0.0	Eomurruna	76.69168712462678	75.99128727690118
0.0	Eoplesiosaurus	26.618234689614006	25.787389986479315
0.0	Eoraptor	59.49380767601473	56.926175651375566
0.0	Eorasaurus	86.58530102931645	86.17033540365063
0.0	Eorhynchochelys	55.94905615158353	54.37640185378767
0.0	Eosauropus_Temperate_N	51.11494942807894	40.50907419962009
0.0	Eosauropus_Tropical_N	52.83161827466801	31.844302210974963
0.0	Eretmorhipis	63.66652260329342	63.00724369741634
0.0	Erpetosuchus	48.08712485814683	46.4356111300704
0.0	Erythrosuchus	72.3651799881669	68.26789026955927
0.0	Erythrovenator	60.2092023775769	58.62015965084575
0.0	Eshanosaurus	26.001802160384283	25.16064697168203
0.0	Eubrontes_Temperate_N	52.2591411035296	23.744588459657823
0.0	Eubrontes_Tropical_N	50.87032058177761	24.124791882001404
0.0	Eucoelophysis	51.64589658509244	26.168402588942257
0.0	Eudibamus	109.92522256196288	109.64043150287897
0.0	Eudimorphodon	42.50516749405075	27.05107517082725
0.0	Eumetabolodon	71.91014808980819	66.70820193954889
0.0	Eunotosaurus	89.87214277498602	84.57051698564321
0.0	Euparkeria	72.27433348437988	66.7278505722724
0.0	Eurhinosaurus	26.23809926381156	25.405445754716883
0.0	Eurycleidus	26.490273305186598	25.651785407524113
0.0	Eusaurosphargis	71.3441048846087	64.28282847679367
0.0	Euscolosuchus	60.92483066762769	59.475449909903304
0.0	Evazoum	58.37972854848354	31.680645749113758
0.0	Fasolasuchus	43.1677297650853	41.41559901080554
0.0	Faxinalipterus	52.968624027582294	49.6013004329602
0.0	Feeserpeton	111.42865124099578	111.15152471976704
0.0	Feralisaurus	70.89969124404702	70.1412138139837
0.0	Fodonyx	72.36341208233507	66.78944965394363
0.0	Fraserosphenodon_Temperate_N	56.55094173465058	54.999397633621776
0.0	Fraserosphenodon_Tropical_S	45.40562410218158	43.51242161891774
0.0	Fraxinisaura	64.4747648298945	63.854302890883645
0.0	Fugusuchus	73.84208805714891	73.37703136406031
0.0	Fuyuansaurus	63.40286896196048	62.69645395837425
0.0	Galesphyrus	79.71537362567362	78.97039638522136
0.0	Gamatavus	66.97192022684223	64.86291905008711
0.0	Gansurhinus	99.32125693228218	78.09211565714017
0.0	Garjainia_Temperate_N	75.97036468359236	71.88672842177988
0.0	Garjainia_Temperate_S	76.41330641905947	71.90673468707418
0.0	Garzapelta	44.18935724593123	42.164896531293905
0.0	Gecatogomphius	103.43203231573386	94.47292316434009
0.0	Gephyrosaurus	34.43013910763585	26.917690361668395
0.0	Glaurung	81.41876490473675	81.30787295510996
0.0	Glyphoderma	62.62373614742491	61.51128149240747
0.0	Gnathovorax	55.62172360593747	45.212289391037245
0.0	Gojirasaurus	37.83795362587176	36.24446627103322
0.0	Gomphiosauridion	56.77866480982931	55.11792310980372
0.0	Gorgetosuchus	60.55937751118186	59.10450069221738
0.0	Gracilisuchus	65.772351737596	63.44946462857565
0.0	Grallator_Temperate_N	60.39766277576131	23.362933556787464
0.0	Grallator_Temperate_S	55.820334409868615	40.23951193933851
0.0	Grallator_Tropical_N	61.67679785938786	24.231795240241514
0.0	Graoullyodon	29.430001299764164	28.591445798485164
0.0	Gregaripus	52.181851821563725	37.53525239193648
0.0	Gresslyosaurus	54.07508695619207	31.96171088823199
0.0	Grippia	74.78204913687432	72.58547645895467
0.0	Guaibasaurus	53.626802722830725	35.512692202142
0.0	Gualosuchus	64.57154964795701	62.74408514728679
0.0	Guanlingsaurus	57.251967954141335	52.256021443924
0.0	Guchengosuchus	71.68212676385626	70.88780911765191
0.0	Guizhouichthyosaurus	65.90106275213778	51.83185432918375
0.0	Gulosaurus	76.4703187881625	74.64960756554431
0.0	Gunakadeit	41.71520199572593	40.17113781876994
0.0	Gwyneddichnium	49.52592722672947	25.917965212623333
0.0	Gyposaurus	26.682842732266923	25.153498393396063
0.0	Halazhaisuchus	71.57885187289041	70.77376177986451
0.0	Haligonia_Temperate_N	37.69894996194844	27.80961699160353
0.0	Haligonia_Tropical_N	55.84776995512328	54.243523663907354
0.0	Hanosaurus	73.14022243695146	72.67698828736624
0.0	Helcura	27.00994567023434	24.76004303639789
0.0	Helveticosaurus	67.276985208413	66.55168621298293
0.0	Hemilopas	73.76188485589238	67.09688219624871
0.0	Hemiprotosuchus	48.36222836306269	43.8811359787982
0.0	Heptasuchus	60.29855655671568	58.80994621941042
0.0	Herrerasaurus	60.97030476273884	51.93109633817963
0.0	Hescheleria	68.87508469564129	68.13804813373787
0.0	Hesperosuchus	51.26707783229083	25.728770195994116
0.0	Heterodontichnites	55.61512157130928	32.07706869354112
0.0	Heteropelta	68.0022162659202	67.28674990163006
0.0	Himalayasaurus	41.368988733119345	39.88739101620233
0.0	Hispaniasaurus	65.16919342624043	64.52344883611468
0.0	Honghesaurus	69.67200024372963	68.97331556683773
0.0	Horaffia	65.34671041355294	60.8814129640952
0.0	Hovasaurus	84.62058841427216	73.79015026935916
0.0	Howesia	68.33488731245338	66.7215231354823
0.0	Hudsonelpidia	39.147160348906795	37.67142322712146
0.0	Hupehsuchus	76.40189466711338	63.664440632025794
0.0	Hwiccewyrm	62.260786361748494	52.20942658008081
0.0	Hyloidichnus	82.24832780391799	76.89049143686861
0.0	Hyperodapedon_Temperate_S	60.93789086940842	33.40258102648225
0.0	Hyperodapedon_Tropical_N	57.14253258584377	55.49804614498856
0.0	Hypselorhachis	67.91057661928363	67.20797953708387
0.0	Hypsognathus_Temperate_N	28.958237630769172	28.117838205958655
0.0	Hypsognathus_Tropical_N	55.75628034127337	27.738445577040302
0.0	Hypuronector	54.04290054083555	40.79991407341387
0.0	Icarosaurus	52.256410778179806	49.85315742377231
0.0	Ichthyosaurus_Temperate_N	33.03242089623499	24.490221274737266
0.0	Ichthyosaurus_Tropical_N	54.465219812943566	31.938031808635248
0.0	Ichthyotitan	31.850764729759245	31.02813080239817
0.0	Idiosaura	57.5066639307611	55.728125768080396
0.0	Ignotosaurus	61.64873894881373	60.52015507969817
0.0	Incertovenator	52.91926925765966	51.33786865989778
0.0	Ingentia	35.155873404607654	33.49642545633248
0.0	Isfjordosaurus	73.69515510400107	73.23687403912437
0.0	Ixalerpeton	63.05789797685573	39.158192029070385
0.0	Jaklapallisaurus	40.33850120358446	38.839937833986816
0.0	Jaxtasuchus	64.81349581861733	61.06724219334904
0.0	Jesairosaurus	70.43629371384101	69.68366913886437
0.0	Jingshanosaurus	26.18724420818185	23.774540833065455
0.0	Jushatyria	67.39794356372212	66.74158154203793
0.0	Kadimakara	76.94219713129513	76.20686409214079
0.0	Kalisuchus	76.4430104478162	76.03898783063764
0.0	Kapes_Temperate_N	75.59618170570573	71.15516651814534
0.0	Kapes_Tropical_N	72.5477995328958	66.2026339558169
0.0	Kayentapus_Temperate_N	26.569975071625166	24.4147915206367
0.0	Kayentapus_Tropical_N	53.06464371549606	24.510698696490316
0.0	Keichousaurus	75.85079689510869	60.751499722594595
0.0	Kholumolumo	53.81844393569049	33.069758952111
0.0	Kinelia	82.07061085800213	81.96107648135776
0.0	Kintneria	53.901478347473464	34.70737637792653
0.0	Kitchingnathus	75.95932831288872	75.50962326853725
0.0	Kocurypelta	34.46078152148093	32.939765867357096
0.0	Koiloskiosaurus	72.38543709478392	71.92419618231743
0.0	Komlosaurus	26.565975946846976	24.31763358068902
0.0	Krzyzanowskisaurus	61.8709893726005	32.38202780209094
0.0	Kudnu	76.89598376912302	76.31876953754261
0.0	Kuehneosaurus	62.417035946044514	32.0126386309719
0.0	Kuehneosuchus	28.331369155836175	27.502201611993094
0.0	Kuruxuchampsa	57.93879302270428	56.218212548945935
0.0	Kwangsisaurus	76.00046184453223	72.24882196112578
0.0	Labidosaurikos	107.4248571380047	97.86183492848511
0.0	Labidosauriscus	113.20142905143358	106.25468973799069
0.0	Labidosaurus	108.52520811767725	98.2411019642798
0.0	Lagerpeton	67.16838403455766	63.31673592204743
0.0	Lanceirosphenodon	37.087132189090816	35.476873417807084
0.0	Langeronyx	72.16268164102324	62.816465890241574
0.0	Langobardisaurus	39.96956295105173	34.28135810062475
0.0	Lanthaniscus	95.33719271004445	90.75788201642874
0.0	Lanthanolania	91.95479503277714	91.17221836066629
0.0	Lanthanosuchus	90.11874528238111	89.47993803172048
0.0	Laquintasaura	26.830688600579677	25.96345682639479
0.0	Largocephalosaurus	70.05709630875943	68.48359715861449
0.0	Lariosaurus	74.83093738908558	60.89252818953266
0.0	Lasasaurus	76.43200309265775	76.0307952548402
0.0	Lavinipes	26.40993268636684	25.268625940375856
0.0	Lepidus	41.000147774712254	39.484391014559264
0.0	Leptonectes	26.514061183471576	25.067639595943458
0.0	Leptosuchus	52.492057293465855	33.20795543868554
0.0	Lessemsaurus_Temperate_S	52.216465789611824	33.17027662578486
0.0	Lewisuchus	67.23744184317778	52.63225133529802
0.0	Libognathus	36.750212777952775	35.18078905080695
0.0	Liliensternus	52.05701706175985	30.366030988045367
0.0	Lindwurmia	26.224003492817825	25.367072738572652
0.0	Litorosuchus	67.34362616130291	66.62361616749274
0.0	Lophostropheus	33.612407408004536	32.56308139515104
0.0	Lotosaurus	72.43184691273174	67.2051032642292
0.0	Lucasuchus	60.80372890117518	51.13754111735891
0.0	Lucianosaurus	52.659018920885835	50.28608148524845
0.0	Lucianovenator	38.14169894142461	36.6534301941797
0.0	Lufengosaurus	26.12180757602877	24.526809296245037
0.0	Lukousaurus	25.565376486978728	24.14113522215017
0.0	Luopingosaurus	69.4216722931292	68.68524418559542
0.0	Luperosuchus	65.14064367299623	62.30062921295452
0.0	Macgowania	54.03956737775356	35.18544918030959
0.0	Machaeroprosopus	52.2388864345388	26.305479054323296
0.0	Macrocnemus	72.54135561311517	62.71110648932138
0.0	Macrocollum	51.55800981653087	34.314113718707056
0.0	Macroleter_Temperate_N	97.07532075818932	88.7763224934017
0.0	Macroleter_Tropical_N	90.52928329033338	89.81234562021919
0.0	Macroplacus	33.89557144485929	32.577540632349816
0.0	Macroplata	26.744654885452725	25.860827781180152
0.0	Maehary	46.6147045784186	36.62238778733321
0.0	Majiashanosaurus	76.18475365313151	75.75790397287805
0.0	Malerisaurus	54.17701563505633	36.69100047152631
0.0	Malutinisuchus	66.02660311772048	63.94005370007776
0.0	Mambawakale	72.00628436240886	71.22380214042533
0.0	Mandaphon	70.81969362330506	70.0548788925751
0.0	Mandasuchus	72.0944284669394	67.11919213168656
0.0	Marasuchus	67.3428267993921	66.09874137054585
0.0	Marcianosuchus	70.27152106660859	69.53083511272114
0.0	Massospondylus	60.958723628090006	59.53137336631496
0.0	Mbiresaurus	61.250228900197726	52.36752388857091
0.0	Megachirella	68.10620934235764	67.39095851379858
0.0	Megalancosaurus	41.67518483359892	32.738709237148974
0.0	Megalosauripus	26.148254759960796	25.29058371127469
0.0	Megalosaurus	27.339348178245896	26.494921963873736
0.0	Megapnosaurus	25.037928667523587	24.18050883436842
0.0	Mehliella	61.6449229301224	60.373861786190744
0.0	Melanorosaurus	39.71735651364376	38.32201854789137
0.0	Merriamosaurus	72.47444811126321	72.0108881710374
0.0	Mesodapedon	68.18615150858258	67.45065093906793
0.0	Mesosaurus_Antarctic	115.23689424824947	106.59005984658
0.0	Mesosaurus_Temperate_S	115.54498443550757	108.21977403302547
0.0	Mesosuchus	72.10431571443412	67.06472662980731
0.0	Metamosaurus	109.02308083246714	108.10116313401622
0.0	Metashastasaurus	49.57237747271099	32.483065192842574
0.0	Microcnemus_Temperate_N	76.70889839151519	71.92859683597531
0.0	Microleter	111.07552682880602	110.79329308514875
0.0	Micromenodon	54.68334946427365	53.2856432628449
0.0	Microsphenodon	51.2613842446424	33.65327852129568
0.0	Mikadocephalus_Temperate_N	63.28353683984754	62.48373402534405
0.0	Mikadocephalus_Tropical_N	63.91669492080366	63.24497405351982
0.0	Milleretta	85.09977963213376	76.3381895739034
0.0	Millerinoides	77.27447320949209	77.05968738717924
0.0	Milleropsis	82.57023356154797	76.48946188921907
0.0	Millerosaurus	81.55931678800417	77.06050629271465
0.0	Miodentosaurus	58.526276263162366	54.98943916587613
0.0	Mixosaurus	71.69811935729463	63.68106017076591
0.0	Moradisaurus	81.58418602735651	77.10072238988147
0.0	Mystriosuchus_Temperate_N	52.71449315064474	23.690123127103266
0.0	Mystriosuchus_Tropical_N	40.47228493286423	36.72933172000183
0.0	Nambalia	52.65615759026326	39.3977198072425
0.0	Nanchangosaurus	73.86876919109737	70.41137057106803
0.0	Nanoparia	84.58763411729666	81.29687028323134
0.0	Neoaetosauroides	53.71016567251417	32.30620555776439
0.0	Neoprocolophon	68.65099533081457	67.91912675747422
0.0	Neusticosaurus	71.63164049382439	63.20729741826771
0.0	Nhandumirim	53.09908052039459	34.34796968358827
0.0	Nicrosaurus_Temperate_N	53.56771075508425	33.659431956876695
0.0	Nicrosaurus_Tropical_N	45.70590298721738	43.87649891886875
0.0	Nochelesaurus	89.06770785376591	85.01351131508689
0.0	Notatesseraeraptor	36.76349028231449	35.189524037417335
0.0	Noteosuchus	76.7416801140472	76.40718126692451
0.0	Nothosaurus_Temperate_N	72.47504092982965	31.611015906574973
0.0	Nothosaurus_Tropical_N	70.22372626213402	60.77239313133152
0.0	Nothosaurus_Tropical_S	72.07665620195515	64.21768907116972
0.0	Nundasuchus	71.76135394949942	70.95672721443019
0.0	Nyasasaurus	72.12696798247468	66.63457788926574
0.0	Nycteroleter	93.77548070853653	91.70348750375734
0.0	Nyctiboetus	101.28877030806544	93.57145882348469
0.0	Nyctiphruretus	97.88965950202062	84.67300590541844
0.0	Obirkovia	84.27355692299487	82.80786108495899
0.0	Odontochelys	57.85182787457735	52.810276756401095
0.0	Omphalosaurus_Temperate_N	74.32413854687653	64.63061859623828
0.0	Omphalosaurus_Tropical_N	73.98836628202413	63.168270147506796
0.0	Opisthodontosaurus	115.86486890662962	108.13948262061851
0.0	Orenburgia	75.7698900837437	71.85012357037587
0.0	Orovenator	110.43406203271749	105.82972712373684
0.0	Oryctorhynchus	60.81205031158601	56.359875355188564
0.0	Oryporan	76.73685687693605	74.76444124571377
0.0	Osmolskina	75.86212730966126	75.4151874226135
0.0	Otozoum	51.533839246985515	49.15378357011379
0.0	Owenetta	85.84488232749227	75.50246933645936
0.0	Ozimek	58.18020803459275	54.520102918690476
0.0	Pachypes	77.79541539180454	77.68462783666338
0.0	Pachypleurosaurus	71.86121643054426	62.18141599337203
0.0	Pachystropheus	35.407092375986444	27.952985422934034
0.0	Palacrodon_Temperate_S	74.23095687287596	69.33168794908698
0.0	Palacrodon_Tropical_N	44.49812668449444	40.52486513153248
0.0	Palaeagama	79.1860380281693	79.07405961885713
0.0	Palaeochersis	49.6059817635003	41.56856673508648
0.0	Palaeosaurus	60.87774642092253	59.44542237083988
0.0	Palatodonta	67.5849588579317	66.86986286769142
0.0	Paleollanosaurus_Temperate_N	28.539205766633142	27.711567193088086
0.0	Paleollanosaurus_Tropical_S	45.435174006320636	43.63738837028808
0.0	Paliguana	75.8558892355159	75.41180465821125
0.0	Pamelaria	71.14995804389456	66.57263901435255
0.0	Pamelina	73.17940989485376	72.7101947333215
0.0	Pampadromaeus	57.41619428733452	45.30925455527463
0.0	Panguraptor	25.15463498112549	24.30950431703114
0.0	Panphagia	59.49779653411382	57.9198574478754
0.0	Pantydraco	55.597457465641206	54.012263265380376
0.0	Panzhousaurus	69.60350906478318	68.88017787091518
0.0	Pappochelys	65.02883078253969	64.37250754601074
0.0	Parabrontopodus_Temperate_N	26.40419706370643	24.938057727028436
0.0	Parahupehsuchus	72.68412335396702	72.23487821155543
0.0	Paralonectes	75.13241161913888	60.90357041305619
0.0	Paraplacodus	72.30499647969117	60.98123392991516
0.0	Pararcus	71.28508018858605	70.50106799271047
0.0	Parasaurus	85.51799897650845	79.1228192754301
0.0	Parasuchus_Temperate_N	75.6421831260095	49.76447690987073
0.0	Parasuchus_Temperate_S	62.56182704292323	54.48908910593354
0.0	Parasuchus_Tropical_N	62.25373578597693	40.662736237366055
0.0	Parasuchus_Tropical_S	49.48087554662365	34.99317742876317
0.0	Paratypothorax_Temperate_N	53.60960533442704	31.998609887530378
0.0	Paratypothorax_Tropical_N	52.49934064715245	33.21579361839124
0.0	Paratypothorax_Tropical_S	51.85399231119827	49.47403588427443
0.0	Pareiasaurus	88.8706785278906	79.14787218474613
0.0	Pareiasuchus	89.77855805629667	79.59470371789719
0.0	Parringtonia	67.72302172419363	67.00304320918573
0.0	Partanosaurus	64.88843178924765	64.24606181880053
0.0	Parvinatator	68.31821743634725	67.58839862842188
0.0	Parvosuchus	63.6423379816634	62.97144763844429
0.0	Pectodens	68.15075053803099	67.4495866351562
0.0	Pelecymala	60.10037639719425	53.553556742580234
0.0	Pendraig	59.48064239650476	57.77856600350595
0.0	Pentaedrusaurus	68.74311175675768	67.99463368047849
0.0	Permotriturus	85.12940635751694	84.77999674008322
0.0	Pessopteryx	73.1274261255119	71.62145278210629
0.0	Peteinosaurus	41.53146398512322	37.92471878569351
0.0	Phaanthosaurus	76.89671175851636	76.15116903508739
0.0	Phalarodon_Temperate_N	76.26716387486444	62.41060239447911
0.0	Phalarodon_Tropical_N	70.90361921492826	66.81159154829028
0.0	Phantomosaurus	69.1185194045801	68.38559819134359
0.0	Phonodus	76.47291522195957	76.06949191244995
0.0	Pisanosaurus	59.26290228380712	57.6777036637006
0.0	Pistosaurus	72.60725765002181	59.15037308098774
0.0	Placochelys	63.150672072561335	31.66343400723211
0.0	Placodus_Temperate_N	71.99225718615611	61.89897557804849
0.0	Placodus_Tropical_N	70.80420929339981	68.44524435882506
0.0	Placodus_Tropical_S	74.68532786236004	64.29018945212887
0.0	Planocephalosaurus_Temperate_N	62.13704531205201	26.303597507520095
0.0	Planocephalosaurus_Tropical_S	39.151491929662605	37.583563836175614
0.0	Plateosauravus	53.255918836347504	37.0291913092254
0.0	Plateosaurus_Temperate_N	52.52157639495889	25.76060477669255
0.0	Plateosaurus_Temperate_S	53.19663682868963	38.31037419449246
0.0	Platypterna	49.14436770145075	23.610580318770857
0.0	Plectropterna	26.53922910760043	24.38815532286337
0.0	Plesiornis	26.593916412897816	25.750200203519423
0.0	Plesiosaurus	32.654913821015754	24.225979330828906
0.0	Polesinesuchus	62.00006301853197	60.88299327069622
0.0	Polonosuchus	57.395798509920965	55.74536482433737
0.0	Polymorphodon	63.20130648914855	62.46052590359626
0.0	Poposaurus	62.28001260222312	31.198573763291403
0.0	Postosuchus	57.04531963033071	25.874219106685214
0.0	Powellvenator	38.60462532003413	37.109776594802575
0.0	Pravusuchus	40.56979470519812	39.09788526189967
0.0	Preondactylus	40.23557553087596	37.25151409716244
0.0	Prestosuchus	67.18262857825225	55.126647427076485
0.0	Procerosuchus	64.7198861085785	64.06086520572921
0.0	Procolina	74.54421487323545	74.08356275433636
0.0	Procolophon	76.93890898292032	72.07053555612103
0.0	Procolophonichnium_Temperate_N	68.74767091324402	66.68903080918332
0.0	Procolophonichnium_Temperate_S	74.14966812484222	73.68150772623915
0.0	Procompsognathus	40.50316901749734	38.995345334767194
0.0	Proganochelys_Temperate_N	49.10978421222268	27.109438219473127
0.0	Proganochelys_Tropical_N	38.66732092847568	37.14437249857253
0.0	Prolacerta	76.86549701551645	71.88990747444679
0.0	Prolacertoides	76.83574946470087	76.54571727522415
0.0	Prosantosaurus	66.38412481147232	65.71877935129172
0.0	Prosaurosphargis	73.50357956830027	73.03132421714929
0.0	Protanystropheus	72.60319287492612	69.50153474799922
0.0	Protecovasaurus	48.41962496339075	35.85377527811367
0.0	Protenodontosaurus	62.058827227450905	61.003986579622946
0.0	Proteosaurus	26.111506990175116	24.298584456963617
0.0	Proterochampsa	56.08188901587407	54.40124782535903
0.0	Proterochersis	50.466737382758225	35.999262496485215
0.0	Proterosuchus_Temperate_N	76.61887567015165	75.99616544895022
0.0	Proterosuchus_Temperate_S	76.86594706438999	72.15487000494053
0.0	Protoavis	48.6179513983607	38.13584912496686
0.0	Protocaptorhinus	114.72361326818081	105.32253389332028
0.0	Protoichthyosaurus	25.383361179362964	24.519102492557554
0.0	Protome	43.15068225158033	41.35409470699414
0.0	Protorosaurus	82.80193956763821	79.02067069959703
0.0	Protorothyris	124.02372169075745	118.86303691807032
0.0	Protosuchus	31.404056078124682	24.224950739117837
0.0	Provelosaurus	91.71055117363923	89.55459293358128
0.0	Psephochelys	55.07317096330616	53.56311574838523
0.0	Psephoderma_Temperate_N	34.49546740062701	27.58874637108469
0.0	Psephoderma_Tropical_N	39.71791820375961	37.335260997412014
0.0	Psephoderma_Tropical_S	68.85457825061737	66.82891676428994
0.0	Psephosauriscus	70.68339039186053	65.2823464792091
0.0	Psephosaurus_Temperate_N	64.51455627244013	63.88915009807608
0.0	Psephosaurus_Tropical_S	68.99484150183086	66.37022051489147
0.0	Pseudhesperosuchus	46.62521256233438	44.86675522278192
0.0	Pseudochampsa	52.8620912337285	51.73306753270068
0.0	Pseudotetrasauropus_Temperate_N	34.300128741670974	32.78626907374876
0.0	Pseudotetrasauropus_Tropical_N	53.49353813429959	25.167608924834806
0.0	Pterodactylus	26.00758572889982	25.167226622093253
0.0	Pumiliopareia	83.72602958525898	83.61649671100838
0.0	Qianichthyosaurus	65.18032117851102	53.160369875888115
0.0	Qianosuchus	69.53735449049599	68.451975647741
0.0	Qianxisaurus	67.14090247842836	66.42694492735673
0.0	Quasianosteosaurus	72.763664175148	72.31409788989505
0.0	Raeticodactylus	38.84707963860436	37.34117665563151
0.0	Rautiania	90.66352919318369	83.39540428212985
0.0	Redondasuchus	50.30469047996541	33.70842900922949
0.0	Redondavenator	44.39920173293739	42.52318995962123
0.0	Revueltosaurus	62.39074411914671	32.73748284306387
0.0	Rhaeticosaurus	29.05631789442885	28.213413127640937
0.0	Rhipaeosaurus	92.55146442600405	85.30129575498123
0.0	Rhomaleosaurus	28.686993791724817	24.230338667238037
0.0	Rhombopholis	72.60700763993387	64.65120170899641
0.0	Rioarribasuchus	53.699938006287645	33.47711876542781
0.0	Riojasaurus	54.614672012374726	35.21638874776356
0.0	Riojasuchus	37.913820497676106	36.40244329215874
0.0	Romeria	120.17072443607586	119.1392622353691
0.0	Rothianiscus	96.1881319625017	89.0626544306073
0.0	Rotodactylus	35.61871677042313	33.89391692848799
0.0	Ruehleia	54.37879617805343	41.89963804239929
0.0	Rugarhynchos	34.36605995878006	32.83569476190325
0.0	Ruhuhuaria	67.96169329803939	67.2387464937762
0.0	Rutiodon	56.65885158835712	33.72800554333146
0.0	Sacisaurus	51.94222781904745	49.56705912273862
0.0	Saltoposuchus	53.96688340400377	38.34442050843584
0.0	Sanchiaosaurus	67.98553066152182	67.25185685911865
0.0	Sanchuansaurus	78.27418300101628	78.16514835460677
0.0	Sanjuansaurus	57.28715649569977	55.61741138409475
0.0	Santaisaurus	76.93432366404205	76.10611566901196
0.0	Sarcosaurus	26.205943924168576	25.35642243736156
0.0	Sarmatosuchus	69.55053803860764	68.8142301516283
0.0	Saturnalia	61.792519746680064	40.53833279127192
0.0	Saurischichnus	52.82639225752048	35.71990108775876
0.0	Saurodektes	76.87874555920817	75.98345306275242
0.0	Sauropareion	76.11500385778936	71.82357723909318
0.0	Sauropus	26.26204473363946	25.400299937329258
0.0	Saurorictus	84.1420544557521	84.02475609107454
0.0	Saurosternon	84.64038207733793	84.36963488942278
0.0	Saurosuchus	54.90041676802295	53.445704634852135
0.0	Scelidosaurus	25.83476015876688	24.990514830643104
0.0	Scharschengia	73.6699503911685	73.20470621570699
0.0	Schleitheimia	43.55467404413222	41.63023182825897
0.0	Sclerocormus	73.11341822957745	72.64901982019369
0.0	Sclerosaurus	72.58832975197515	68.9765704443416
0.0	Sclerostropheus	46.1084833414498	44.35412699836602
0.0	Scoloparia_Temperate_N	31.82780691828448	30.952550686777343
0.0	Scoloparia_Tropical_N	60.27841037560853	52.638812167530425
0.0	Scolotosuchus	75.0809896123949	74.62194647125663
0.0	Scutarx	53.340262594399555	32.213019537181374
0.0	Scutosaurus	89.98951128011416	81.6447159169109
0.0	Scythosuchus	72.43592653762899	71.96495290660042
0.0	Seazzadactylus	43.80199099128709	41.867873132070535
0.0	Selenichnus	27.024002146444655	25.10263734089088
0.0	Serpianosaurus	71.31420194162457	62.072903222238374
0.0	Shansisuchus	72.29363636642421	66.85917423355238
0.0	Shastasaurus_Temperate_N	40.17598054136504	38.62014591152807
0.0	Shastasaurus_Tropical_S	61.74502194208732	54.869701917788994
0.0	Shihtienfenia	78.49871764795394	76.49648199482832
0.0	Shonisaurus_Temperate_N	59.04203025000323	29.003768333234742
0.0	Shonisaurus_Tropical_N	52.81155579148671	43.149853733150245
0.0	Shringasaurus	72.39124387573167	66.50961562149304
0.0	Shuangbaisaurus	25.427890240607752	24.587084604388714
0.0	Shuvosaurus	52.647855556262826	25.82934195715219
0.0	Sigmala	61.7742511717516	53.82321520390204
0.0	Sikannisuchus	53.462056927659695	33.49481607345559
0.0	Silesaurus	56.61064386703548	54.97549527699947
0.0	Sillosuchus	52.87090232261947	51.71307775152094
0.0	Simosaurus_Temperate_N	67.43991462135567	27.696760092137886
0.0	Simosaurus_Tropical_S	68.29312100060216	67.55194469915281
0.0	Sinocyamodus	53.53324888420534	52.32697575653013
0.0	Sinosaurosphargis	69.83592809193946	68.19823523628385
0.0	Sinosaurus	25.836046303305725	24.354631509830178
0.0	Skybalonyx	36.24615302508022	34.715773703278636
0.0	Smilodonterpeton	27.34423161750551	26.51629831609346
0.0	Smilosuchus	54.54769706855159	34.307920730850874
0.0	Sophineta	76.27194597866873	75.84774730383491
0.0	Soturnia	53.993520042371664	31.98131412022846
0.0	Soumyasaurus	42.15998265275001	40.555349710968606
0.0	Sphenotitan	53.69002720802944	35.00527398531712
0.0	Sphodrosaurus	48.74666219835468	46.95832594188069
0.0	Spinosuchus	54.922989841642156	31.694457966372394
0.0	Spondylolestes	83.11437046022296	76.77956948545028
0.0	Spondylosoma	66.7370352294675	62.953159534739505
0.0	Stagonolepis_Temperate_N	58.18741293360985	54.441484212095176
0.0	Stagonolepis_Tropical_N	51.4721911209794	36.186653065632854
0.0	Stagonolepis_Tropical_S	45.3473985277257	43.42754466848061
0.0	Stagonosuchus	72.12573960730096	67.35669330572286
0.0	Staurikosaurus	58.32134676986323	56.621105449213466
0.0	Stauromatodon	63.309139332571746	62.54240931342452
0.0	Stegomus	50.99579029892284	37.42141163429227
0.0	Stenaulorhynchus	72.37999486283547	67.34966714579387
0.0	Stenomyti	53.044183590981056	50.84616357363065
0.0	Stenoscelida	40.440452794477665	38.81961290249977
0.0	Stereosternum_Antarctic	115.69179766582808	114.71167139206676
0.0	Stereosternum_Temperate_S	115.84275489464414	107.29715740863476
0.0	Styracocephalus	90.47960050362484	85.03751037897118
0.0	Syntarsus	32.76339435152442	31.976041539463093
0.0	Syntomiprosopus	46.66832765478672	45.00965184141742
0.0	Tachiraptor	26.74789491206799	25.89392901031592
0.0	Tanaisosaurus	74.58692431316173	74.1229002143169
0.0	Tanystropheus_Temperate_N	72.49407826569015	26.3135500528125
0.0	Tanystropheus_Tropical_N	70.23551468084592	62.04145567091616
0.0	Tanystropheus_Tropical_S	70.5574865801553	68.24590169659903
0.0	Tanytrachelos	50.806401691732994	33.26655266108068
0.0	Tarjadia	65.03404168781871	62.644369242262606
0.0	Tarsodactylus	26.06200506054701	25.194752960644237
0.0	Tasmaniosaurus	76.908857460104	76.20295048805927
0.0	Tawa	53.38163793234529	32.499506040126924
0.0	Taytalura	54.00718004350026	52.609295927180646
0.0	Technosaurus	45.4376204903842	43.61643432897953
0.0	Tecovasaurus	48.61962511638919	33.83358865442867
0.0	Tecovasuchus	52.76374253409947	38.711312522534826
0.0	Teleocrater	69.94383364409478	66.70361372596503
0.0	Temnodontosaurus	26.035830209904844	24.396092372051058
0.0	Teraterpeton	58.0888535646777	54.01819812247208
0.0	Teratophon	69.8653053343889	67.59949190081466
0.0	Teratosaurus_Temperate_N	64.81792926310072	32.96266979676798
0.0	Teratosaurus_Temperate_S	74.68604944639826	74.2221336570743
0.0	Termatosaurus	34.637878980764775	26.404008466299427
0.0	Terrestrisuchus	61.7736398580681	52.04922118267885
0.0	Tetrasauropus_Temperate_N	47.00651344827942	45.28245029994153
0.0	Tetrasauropus_Temperate_S	69.12153055584278	62.84234737109594
0.0	Teyujagua	76.06847257822253	75.62802559059178
0.0	Teyumbaita	51.88403921965394	32.74585472644874
0.0	Thadeosaurus	77.56348300007863	77.44764287366824
0.0	Thaisaurus	73.22450037270579	72.76809980319334
0.0	Thalassiodracon	31.44714461548881	24.108348188274725
0.0	Thalattoarchon	69.93612626275845	69.2078064404476
0.0	Thalattosaurus	69.75839503045626	63.35458696472288
0.0	Thecodontosaurus	72.18635168178058	26.324978391818888
0.0	Theledectes	67.4312299712028	66.74950001352803
0.0	Thelephon	71.61390757448603	70.8185221733912
0.0	Thelerpeton	71.40208988958865	67.82751198692144
0.0	Tholodus_Temperate_N	71.26945194517813	67.74632910934702
0.0	Tholodus_Tropical_N	67.22340137919655	66.4851920492851
0.0	Thuringothyris	116.2900991610282	105.62221875522033
0.0	Tichvinskia	75.77187150897113	72.18112651366582
0.0	Ticinosuchus	70.566789655292	68.81340284866512
0.0	Tikisuchus	57.80921734009142	56.10161544966564
0.0	Timanophon	76.32986595771774	71.35925123712735
0.0	Toretocnemus	61.59927385197608	54.540278347265485
0.0	Trachelosaurus	71.28613871716178	70.49653099109739
0.0	Trialestes	61.28658334295672	51.448089722652654
0.0	Tricuspisaurus	31.706561916489093	30.888685356309686
0.0	Trihamus	26.49445378766413	25.653049418881352
0.0	Trilophosaurus	55.51703156686422	33.54152732499346
0.0	Tropidosuchus	67.31720301800308	60.660980344131424
0.0	Tuebingosaurus	43.46982274977119	41.51256118777332
0.0	Turfanosuchus	71.62566686830739	70.84334536829631
0.0	Typothorax	52.76346659723763	28.198901880084655
0.0	Uatchitodon	55.13656896953539	35.960950081035605
0.0	Unaysaurus	53.15460835347621	45.18687032602332
0.0	Unguinychus	40.12932507156691	38.7104676460916
0.0	Uralosaurus	72.16499116687895	68.80829793959313
0.0	Utatsusaurus	75.82945813448511	72.05595221705475
0.0	Vallesaurus	42.719283298130925	38.07033392737075
0.0	Vancleavea	58.903607183547614	26.258816324237642
0.0	Variodens	31.55785219038159	25.86953561959135
0.0	Vellbergia	62.80576269219941	61.98647506934087
0.0	Velocipes	36.438680471238975	34.804809646011556
0.0	Venaticosuchus	60.92407098553386	59.5266682964564
0.0	Venetoraptor	60.638859430980105	44.44066958084288
0.0	Vinitasaura	59.84690212181138	58.293656269603254
0.0	Vivaron	53.14484316327038	32.754230769587934
0.0	Vjushkovisaurus	69.39249139367465	66.80507317393678
0.0	Volcanosuchus	59.08680100015447	57.49782998346577
0.0	Vonhuenia	76.73341776060266	76.39842507815574
0.0	Vritramimosaurus	76.0936873703883	75.66263771532947
0.0	Vytshegdosuchus	76.34039483599902	75.92893324169235
0.0	Wahlisaurus	25.908002872166243	25.09549741073862
0.0	Waluchelys	50.24983276996634	48.32556032736086
0.0	Wangosaurus	64.03970501839575	61.56236488629758
0.0	Wannia	42.13801679508422	32.94194399547519
0.0	Wapitisaurus	75.61552775921824	75.1601065936701
0.0	Weigeltisaurus	84.94526616857337	79.53532657822394
0.0	Whitakersaurus	27.82183635558215	26.988448538071133
0.0	Wimanius	63.708348710118	62.94774726684042
0.0	Wumengosaurus	70.3580533934579	66.74766898575439
0.0	Xenodiphyodon	56.07550655987431	54.45040186047621
0.0	Xilousuchus	68.58669480265645	67.86132097139618
0.0	Xingxiulong	24.96037714200088	24.115564182343284
0.0	Xinminosaurus	69.56326059636191	68.83359444441403
0.0	Xinpusaurus	63.78712281779827	51.892254014218
0.0	Xiphopeza	26.101332946339717	25.2366265091496
0.0	Yarasuchus	72.54499544282218	66.46615528894627
0.0	Yelaphomte	34.940324028792915	33.305401970460764
0.0	Yimenosaurus	26.28369407083428	24.226765766734204
0.0	Youngetta	76.82828483879535	76.53267642076933
0.0	Youngina	85.75280386940086	76.64449444290659
0.0	Youngosuchus	70.27948474408531	69.53850152095215
0.0	Yunguisaurus	67.27222928614799	61.322793254624834
0.0	Yunnanosaurus	26.457252894275882	24.532593546557717
0.0	Zanclodon	67.03600987580616	29.35911315806062
0.0	Zhongjiania	85.01347081076665	78.57030718955313
0.0	Zupaysaurus	34.82269391936894	33.14989257390992
