clade	species	ts	te
0.0	Abyssomedon	112.44185004791255	112.16884783716394
0.0	Acadiella	58.36005521710662	56.6826161668072
0.0	Acaenasuchus	53.54295524143495	36.176819427153056
0.0	Acallosuchus	44.904016580916725	42.939798214073384
0.0	Acerosodontosaurus	77.79017424189686	77.68406495730207
0.0	Acleistorhinus	105.62516561315914	104.2008859662321
0.0	Acrodenta	83.58849308540292	83.48232298704588
0.0	Actiosaurus	31.867552906552067	30.992896590438352
0.0	Adamanasuchus	35.84924278076938	34.233332320916986
0.0	Adelosaurus	79.56868080738785	79.46221401118694
0.0	Aenigmasaurus	73.31508630608975	72.85291811741985
0.0	Aenigmaspina	58.8786436804959	57.17548215594275
0.0	Aenigmastropheus	79.98597065843917	79.88075276045431
0.0	Aetosauroides	60.96384799461828	32.30490567591771
0.0	Aetosaurus	52.85709003080064	32.96623486586813
0.0	Agkistrognathus	74.2785424617361	73.81092476962019
0.0	Agnosphitys	60.34021344124198	58.78120393090402
0.0	Alexeyisaurus	48.81157762694736	46.737526865396156
0.0	Alwalkeria	61.477925306375575	60.18875754028681
0.0	Amanasaurus	55.14005014339047	31.626646000239916
0.0	Ammorhynchus	72.28145136122184	70.07237300561027
0.0	Ammosaurus	26.613544778050468	24.138933821767612
0.0	Amotosaurus	72.34159484748731	69.91831248894702
0.0	Anarosaurus	72.33774826905918	69.38305553644042
0.0	Anchisauripus_Temperate_N	54.31512137163336	23.963881457824012
0.0	Anchisauripus_Tropical_N	52.011413496678536	23.249094723520045
0.0	Ancistronychus	51.24598447976224	49.11575106153605
0.0	Angistorhinus	62.29772360261164	36.095368682297504
0.0	Anisodontosaurus	72.2280810109905	64.61472156156118
0.0	Anomoepus_Temperate_N	26.25594249872051	24.311192022651156
0.0	Anomoepus_Tropical_N	51.602250538826006	23.887606935217867
0.0	Anomoiodon	72.460625984573	69.48431906848971
0.0	Anshunsaurus	64.51698635394509	50.24165213931027
0.0	Anthodon	85.31071822471223	79.71875346362513
0.0	Anticheiropus	25.1740535174485	24.289084174474322
0.0	Apachesuchus	50.01564412565932	47.81672067246057
0.0	Apatopus_Temperate_N	53.48368980999525	52.19640273568784
0.0	Apatopus_Tropical_N	53.45590879428255	27.286181618141654
0.0	Apatopus_Tropical_S	56.61480887405902	54.896032540176336
0.0	Apatosuchus	40.349704458709034	38.71165775958611
0.0	Aphelosaurus	119.72661931240427	119.02607184548924
0.0	Araeoscelis	113.55724396671553	97.57979367497052
0.0	Archeopelta	66.38224701052432	65.71839029626162
0.0	Archosaurus	83.99356866833028	81.37428114565388
0.0	Arcticodactylus	35.8802408536072	34.08950946482214
0.0	Arganaceras	80.64097036739747	80.53530765604114
0.0	Arganasuchus	55.78667978893269	52.92763434179272
0.0	Argoides	26.621439021893313	24.578048802038293
0.0	Arizonasaurus	71.94582435875364	69.5276903013018
0.0	Asilisaurus	72.19106667632443	66.81230019596178
0.0	Askeptosaurus	68.51171177240907	60.673616681184264
0.0	Asperoris	70.99938193431879	70.20920744694456
0.0	Asylosaurus	34.3327270852109	26.61776036902075
0.0	Atopodentatus	69.64792328301104	68.65073213657756
0.0	Atreipus_Temperate_N	56.414417955486186	54.740403494372366
0.0	Atreipus_Tropical_N	55.49386507865139	31.721870345543337
0.0	Augustaburiania	76.54220569944246	72.2313841293045
0.0	Augustasaurus	67.82067675443781	67.13829624559459
0.0	Australothyris	86.86914375736637	86.36662048046004
0.0	Austriadactylus	37.36529542456593	34.16779205591574
0.0	Austriadraco	37.99999322424951	36.28881129756899
0.0	Avalonnectes	26.083803589093254	25.207886165069592
0.0	Avicranium	27.306000762758483	26.445956560089858
0.0	Azendohsaurus	57.24392481287266	55.54237531769513
0.0	Baeotherates	115.22630792359746	114.49220404498028
0.0	Baisesaurus	73.94223606129755	73.47499816601643
0.0	Barasaurus	85.72646181961652	73.76381046091814
0.0	Barberenasuchus	67.18364087971857	66.44769032967852
0.0	Barracudasauroides	71.41238774671689	66.71637038185851
0.0	Barracudasaurus	71.25516265415939	68.46568622961034
0.0	Barrancapus	47.155892437107724	45.30734389515024
0.0	Bashkyroleter	98.416976055855	90.01729630510064
0.0	Batrachopus_Temperate_N	73.27441471117038	25.612344012902327
0.0	Batrachopus_Tropical_N	40.90550935287304	24.198067909031646
0.0	Batrachotomus	64.57871426144322	60.5018202627776
0.0	Belebey	94.09238784533122	89.58194986582073
0.0	Benggwigwishingasuchus	71.69236397459824	70.87653033459151
0.0	Bentonyx	68.61603171391023	67.9015215292573
0.0	Bergamodactylus	39.376489510947685	37.73095582755546
0.0	Besanosaurus	68.52707978996654	67.81808937796296
0.0	Blezingeria	70.27977901747961	69.55020508026679
0.0	Blomosaurus	76.90083603478834	76.64429535117854
0.0	Bobosaurus	61.93506630469013	60.82468246997063
0.0	Bolosaurus	117.32820289685003	98.83417054277449
0.0	Boreopricea	75.75252349035522	73.81329373085016
0.0	Brachychirotherium_Temperate_N	61.76540263821975	60.56333783197207
0.0	Brachychirotherium_Tropical_N	54.388173160207195	26.511695603254264
0.0	Brachychirotherium_Tropical_S	60.114426892374325	55.4196380969856
0.0	Bradysaurus	89.49837185432709	84.63760417887148
0.0	Brasinorhynchus	67.08874363865051	63.78988475405555
0.0	Brazilosaurus	115.80087370702486	107.298350577007
0.0	Bromsgroveia	71.29305809512344	67.67592215631444
0.0	Broomia	88.00257433595051	84.29105338490776
0.0	Bunostegos	77.58602992188662	77.47775382262023
0.0	Buriolestes	62.242345173901825	38.96338261559961
0.0	Bystrowisuchus	73.78059426304026	73.31695475533876
0.0	Callawayia	47.101031277637865	35.35815418601285
0.0	Calyptosuchus	61.66084319470921	33.485828894626
0.0	Camelotia	34.087979676037556	30.20150606900629
0.0	Camposaurus	44.706084242413844	42.74992736847245
0.0	Candelaria	64.89591437240261	60.313943037200346
0.0	Captorhinikos	108.45843787656374	98.89890164120906
0.0	Captorhinoides	105.90622552842395	96.97840177463941
0.0	Captorhinus_Temperate_S	81.05620282129408	80.94868193976347
0.0	Captorhinus_Tropical_N	110.24083540405331	97.95374728294225
0.0	Captorhinus_Tropical_S	115.413746646324	99.3953667057497
0.0	Cargninia	39.9665837177181	38.341070846461704
0.0	Carnufex	53.30528936435881	51.96411986135737
0.0	Cartorhynchus	73.66099959126615	73.20254239462518
0.0	Caseosaurus	43.7322395302324	41.72644326560683
0.0	Caviramus	38.4703292528733	36.812116684042024
0.0	Ceresiosaurus	67.11736123570469	61.206682657467304
0.0	Chalishevia	67.650096140172	61.2846394774131
0.0	Chanaresuchus	67.39643527535526	62.907220196031936
0.0	Chaohusaurus	75.03227739038698	67.85050382514562
0.0	Chasmatosuchus	76.95140272142112	72.12182453507187
0.0	Chelyoposuchus	28.230189753149077	27.349604344785398
0.0	Chinchenia	63.17915672516464	62.338145555569646
0.0	Chindesaurus	52.88701798921318	39.725541988259636
0.0	Chinshakiangosaurus	25.846409037952036	24.954264675213633
0.0	Chirotherium_Temperate_N	58.7585633388451	25.405089946515076
0.0	Chirotherium_Temperate_S	64.55650265082834	61.66133865209675
0.0	Chirotherium_Tropical_N	76.83160861596119	32.80843928903821
0.0	Chromogisaurus	57.72328218610264	55.99672417767036
0.0	Clarazia	68.73554784147356	68.00990979941812
0.0	Claudiosaurus	86.14257805737428	77.18535309857397
0.0	Clevosaurus_Temperate_N	62.35914355956856	24.269457221791
0.0	Clevosaurus_Temperate_S	54.87680270736536	33.508299261225645
0.0	Coahomasuchus	55.06452171430067	35.85973032238681
0.0	Coartaredens	70.65548416293045	69.45408209236545
0.0	Coburgosuchus	51.966449224036914	49.53040917424717
0.0	Coelodontognathus	76.41227459973882	72.24451992506458
0.0	Coelophysis_Tropical_N	53.24240005028488	25.14464107371776
0.0	Coelophysis_Tropical_S	35.63649408554593	33.882035190691845
0.0	Coelurosauravus_Temperate_N	83.29987725647949	83.19265791175572
0.0	Coelurosauravus_Temperate_S	82.14431310600885	76.24911180529874
0.0	Coelurosaurichnus_Temperate_N	70.59303299437154	25.41019207608843
0.0	Coelurosaurichnus_Tropical_N	70.72187000133735	39.484805483721345
0.0	Coelurosaurichnus_Tropical_S	59.07498568074432	53.84813599603788
0.0	Coletta	75.79390487769204	75.34280030911071
0.0	Collilongus	75.84437354938595	75.38299360069786
0.0	Colobomycter	115.93696447512265	106.09360088840268
0.0	Colobops	37.90787492571158	36.27757252796809
0.0	Coloradisaurus	44.504384201454286	38.73550486917946
0.0	Coloradisuchus	48.86703696997587	46.90253610789745
0.0	Concavispina	57.63058238759704	55.89771349746927
0.0	Contectopalatus	71.82129745242895	70.99710829283607
0.0	Corosaurus	73.8544610316464	72.10002385249932
0.0	Cosesaurus	63.53798678377146	62.788824879322654
0.0	Crosbysaurus	53.474080879439995	33.59576542449279
0.0	Ctenosauriscus	73.89408191464044	73.42702863820988
0.0	Cyamodus	72.60090590984304	52.139288177298084
0.0	Cymatosaurus	72.2414855859101	67.23059286365945
0.0	Cymbospondylus_Temperate_N	72.6477386579715	62.37378918232228
0.0	Cymbospondylus_Tropical_N	73.95441284054503	63.85360450661942
0.0	Czatkowiella	75.86250062877725	75.42233075073767
0.0	Dactylosaurus	70.99423416538134	66.20725436440868
0.0	Daemonosaurus	30.75819128020027	29.870593001300456
0.0	Dagasuchus	56.18478258106217	54.49604254202691
0.0	Dawazisaurus	67.43516428868287	66.76367051361522
0.0	Decuriasuchus	67.43487252593766	61.867767728026244
0.0	Delatorrichnus	25.305032012153873	24.38459517291578
0.0	Delorhynchus	113.18955049754318	106.52950377766778
0.0	Deltadectes	48.1315223703891	30.591471287046552
0.0	Deltavjatia	90.00301995993843	84.469608343836
0.0	Desmatosuchus	54.77803505464452	33.70427858088409
0.0	Diandongosaurus	69.25947257238775	68.52625683783626
0.0	Diandongosuchus	62.827293372418005	61.845205746164424
0.0	Dianmeisaurus	70.18483406184826	66.82788036116052
0.0	Dianopachysaurus	69.62158008916296	68.89081334245766
0.0	Dimetropus	115.15317969246087	107.11336284108287
0.0	Dimorphodon	25.422706851745506	24.504881335054975
0.0	Dinocephalosaurus	69.8730478962802	68.76530121784786
0.0	Diphydontosaurus_Temperate_N	62.043511104703896	27.991046226580288
0.0	Diphydontosaurus_Tropical_N	40.987224234132704	39.205104960153484
0.0	Diphydontosaurus_Tropical_S	49.51582427859168	47.48494044002699
0.0	Dolabrosaurus	47.165755341709946	45.34078213520678
0.0	Dolerosaurus	54.05883161027631	52.6896654515408
0.0	Dolichobrachium	59.00855260421063	57.38335012283618
0.0	Doliovertebra	70.81259485031778	70.03876778868718
0.0	Dongusuchus	71.44938297496446	67.08327413840534
0.0	Dorosuchus	71.85234477301191	66.1714483963243
0.0	Doswellia	62.53637535325077	39.802944309573576
0.0	Dracoraptor	25.423233833400918	24.544383254256118
0.0	Drepanosaurus_Temperate_N	39.562431329307245	37.950317445242874
0.0	Drepanosaurus_Tropical_N	46.49598031467937	31.291418097057598
0.0	Dromomeron_Temperate_S	52.71254721889761	50.27313505786038
0.0	Dromomeron_Tropical_N	53.505939141157924	28.913098850620887
0.0	Dromomeron_Tropical_S	52.68697737846772	38.63977009250212
0.0	Dyoplax	55.45533936576862	53.8526262400456
0.0	Ebrachosuchus	55.12833195306443	53.56668415442287
0.0	Effigia	32.956578054944245	26.075152355731646
0.0	Efraasia	41.2105561687714	38.192999324441644
0.0	Eifelosaurus	70.59101648280325	69.85327089155966
0.0	Elachistosuchus	30.026617060099632	29.140614422566234
0.0	Elessaurus	73.5811636793018	73.12431283409349
0.0	Elginia	81.69869050290899	76.63681698899887
0.0	Embrithosaurus	89.20278835692145	84.29706146456311
0.0	Emeroleter	90.2381331592836	84.47197747231876
0.0	Endennasaurus	39.05068139923039	37.4095811652657
0.0	Energosuchus	67.35490615455241	63.448453168410836
0.0	Eodromaeus	60.079346155924156	58.495763656972635
0.0	Eohupehsuchus	73.16061811237105	72.69044456756721
0.0	Eohyosaurus	69.50323822508503	66.82836111072551
0.0	Eomurruna	76.88291250446555	75.88331162858566
0.0	Eoplesiosaurus	25.657974582874694	24.76207948134394
0.0	Eoraptor	60.80150486115133	52.52607464844469
0.0	Eorasaurus	89.13347087540231	88.39409382283444
0.0	Eorhynchochelys	60.17709363548549	58.516046254843076
0.0	Eosauropus_Temperate_N	54.36344148735758	41.04464467344225
0.0	Eosauropus_Tropical_N	50.2107985137805	33.23961102168485
0.0	Eretmorhipis	65.15104410226856	64.5231197320234
0.0	Erpetosuchus	44.83366454245959	43.0636551093619
0.0	Erythrosuchus	72.07504595317918	67.1029242923195
0.0	Erythrovenator	58.85733740045168	57.211022514667484
0.0	Eshanosaurus	26.499448379701064	25.6106790463792
0.0	Eubrontes_Temperate_N	52.45268831957193	24.199252734240215
0.0	Eubrontes_Tropical_N	52.069223184235575	24.276105060652945
0.0	Eucoelophysis	50.90904143212933	29.640144419097062
0.0	Eudibamus	113.3944300001085	113.11726569452074
0.0	Eudimorphodon	42.7053148946233	27.147628397117813
0.0	Eumetabolodon	73.24224208806632	67.90078712927723
0.0	Eunotosaurus	90.06248330751598	84.40663256266237
0.0	Euparkeria	72.10895360218414	66.81519792047997
0.0	Eurhinosaurus	25.30155322358961	24.39816572301744
0.0	Eurycleidus	26.026868464758675	25.148179882899434
0.0	Eusaurosphargis	71.84870235732261	61.146694990499284
0.0	Euscolosuchus	52.9974071101367	51.459965822973984
0.0	Evazoum	58.02456368317183	29.573976994317306
0.0	Fasolasuchus	52.41674081270644	50.02021540564827
0.0	Faxinalipterus	39.011247460272244	34.69170141728177
0.0	Feeserpeton	113.78453643492729	113.50196525658534
0.0	Feralisaurus	69.28116503847646	68.56890184984712
0.0	Fodonyx	72.31023876618808	66.88078252981744
0.0	Fraserosphenodon_Temperate_N	57.34126118028673	55.66013061061918
0.0	Fraserosphenodon_Tropical_S	41.626090665270006	39.87830943961012
0.0	Fraxinisaura	63.795025726286994	63.08978428504249
0.0	Fugusuchus	69.65715043467205	68.91876531381838
0.0	Fuyuansaurus	64.9299921469321	64.28913663326733
0.0	Galesphyrus	84.75383753253566	80.38689629252669
0.0	Gamatavus	66.51673717601308	60.28744446873521
0.0	Gansurhinus	97.31198870912122	80.88714054924105
0.0	Garjainia_Temperate_N	75.69614771200598	71.94089769875131
0.0	Garjainia_Temperate_S	75.27894171715293	72.68348604434829
0.0	Garzapelta	43.840149533055225	41.93860868689115
0.0	Gecatogomphius	102.09480148220314	90.56035830714987
0.0	Gephyrosaurus	30.568512454728605	28.905042582534136
0.0	Glaurung	83.29898804826384	83.19387710159181
0.0	Glyphoderma	62.81690585516467	61.858011672362856
0.0	Gnathovorax	59.32305163371912	35.18251762078884
0.0	Gojirasaurus	51.61904665627676	49.217254861321486
0.0	Gomphiosauridion	61.475534560035555	60.16582929922775
0.0	Gorgetosuchus	55.71131882240107	54.08944906369524
0.0	Gracilisuchus	66.8308175169619	60.67199335205159
0.0	Grallator_Temperate_N	59.119617954131655	23.48332031117329
0.0	Grallator_Temperate_S	61.25068094191689	42.63773782977971
0.0	Grallator_Tropical_N	60.81768413893778	24.168265264087278
0.0	Graoullyodon	33.08945659203898	32.20094990919444
0.0	Gregaripus	53.13017276501959	40.01984612260758
0.0	Gresslyosaurus	44.028843290293416	33.67781528174481
0.0	Grippia	75.89119701488988	71.57217474639796
0.0	Guaibasaurus	48.41504119867166	32.753358592614504
0.0	Gualosuchus	64.41199863260294	62.8319457223305
0.0	Guanlingsaurus	60.15391788224218	50.77567577236038
0.0	Guchengosuchus	68.88194045735035	68.16571996723846
0.0	Guizhouichthyosaurus	67.18216679891982	51.04894344813361
0.0	Gulosaurus	75.71781094925998	75.25643783432585
0.0	Gunakadeit	36.87994585854824	35.19503282450462
0.0	Gwyneddichnium	45.24276954792917	26.942933230069734
0.0	Gyposaurus	26.418276429142097	24.9478045477776
0.0	Halazhaisuchus	69.43821026219709	68.7186146474657
0.0	Haligonia_Temperate_N	32.6254676367967	25.362153156293047
0.0	Haligonia_Tropical_N	60.68175543069171	59.03322211238122
0.0	Hanosaurus	74.97750586087103	74.52639568491173
0.0	Helcura	26.946570511751425	25.106322282107694
0.0	Helveticosaurus	66.30490264119472	65.64539171672733
0.0	Hemilopas	72.70048058106256	68.3005897181533
0.0	Hemiprotosuchus	53.094915623365345	34.84049300250618
0.0	Heptasuchus	60.393423925963404	58.846604059791794
0.0	Herrerasaurus	61.761012774643184	52.30525323531675
0.0	Hescheleria	67.41007349496505	66.74732265429715
0.0	Hesperosuchus	53.50355380074449	26.73862358614165
0.0	Heterodontichnites	57.55415940578019	37.91236866102386
0.0	Heteropelta	69.80183903208821	69.0342287147857
0.0	Himalayasaurus	41.428449416916806	39.806821640432176
0.0	Hispaniasaurus	64.58886170789904	63.96361465111256
0.0	Honghesaurus	69.88790925758786	69.12787644424945
0.0	Horaffia	65.11131745977121	60.951427232096144
0.0	Hovasaurus	84.67022277774471	75.29167316846053
0.0	Howesia	69.69540179059878	68.32488138594023
0.0	Hudsonelpidia	42.79817779579054	41.17613541032275
0.0	Hupehsuchus	76.45893519717781	63.93416829543664
0.0	Hwiccewyrm	60.66644821165231	52.07827442778262
0.0	Hyloidichnus	83.13020750462967	77.75609308065248
0.0	Hyperodapedon_Temperate_S	62.11118902063483	32.997443416752944
0.0	Hyperodapedon_Tropical_N	58.17445443425486	53.395006047714084
0.0	Hypselorhachis	67.45913556766791	66.78041105180588
0.0	Hypsognathus_Temperate_N	31.034830196150576	30.160168446200725
0.0	Hypsognathus_Tropical_N	57.93937638097805	26.075550874666238
0.0	Hypuronector	39.211320420509125	36.56211208525019
0.0	Icarosaurus	35.399604363739414	33.67597251392372
0.0	Ichthyosaurus_Temperate_N	33.71860697723779	24.189813328440483
0.0	Ichthyosaurus_Tropical_N	47.72999155134283	31.82236307769512
0.0	Ichthyotitan	33.06559748849911	32.17548745234846
0.0	Idiosaura	62.1677997093199	61.09403127898709
0.0	Ignotosaurus	58.801263651824904	56.97967908459549
0.0	Incertovenator	55.20627288015112	53.67137626964628
0.0	Ingentia	41.552087866856546	39.95181106981319
0.0	Isfjordosaurus	73.44223746873273	72.9798147339967
0.0	Ixalerpeton	61.38053107828902	38.68788899017484
0.0	Jaklapallisaurus	47.376442339606555	45.50703354917986
0.0	Jaxtasuchus	64.72896524905654	62.12525498721132
0.0	Jesairosaurus	73.7600149368465	73.30267061804867
0.0	Jingshanosaurus	26.10539651707257	23.83456438881271
0.0	Jushatyria	67.8489032260557	67.16280594313088
0.0	Kadimakara	76.84314398925986	76.05053406345155
0.0	Kalisuchus	76.780885480549	76.46255869751292
0.0	Kapes_Temperate_N	76.46503322457251	68.50924772434922
0.0	Kapes_Tropical_N	71.55047569883162	67.2363355172036
0.0	Kayentapus_Temperate_N	26.19809025708024	24.418146537088898
0.0	Kayentapus_Tropical_N	53.305553567152764	24.67942654808662
0.0	Keichousaurus	76.46442715433574	61.50116593995939
0.0	Kholumolumo	53.35773061765457	32.729048579803845
0.0	Kinelia	82.92930279519629	82.82327895884256
0.0	Kintneria	42.44551147722917	35.385470628723326
0.0	Kitchingnathus	72.77299152161565	72.31712239035357
0.0	Kocurypelta	45.779517507806545	43.98460358844634
0.0	Koiloskiosaurus	71.62215469723135	70.797629031909
0.0	Komlosaurus	26.496995704978154	24.198212418361983
0.0	Krzyzanowskisaurus	59.05678422043897	32.85737310832491
0.0	Kudnu	76.85462823499846	75.85817863447923
0.0	Kuehneosaurus	62.11157219868797	31.650315631512814
0.0	Kuehneosuchus	28.97402691701006	28.079009622652297
0.0	Kuruxuchampsa	53.960243656191984	52.579100749802855
0.0	Kwangsisaurus	76.2816689717594	73.6198031774075
0.0	Labidosaurikos	107.34967127217418	97.65933982972817
0.0	Labidosauriscus	114.58540289115267	110.14618710900348
0.0	Labidosaurus	108.61998262092575	99.04036393746588
0.0	Lagerpeton	67.3285976637659	61.64526887383666
0.0	Lanceirosphenodon	47.08164872507638	45.35464309817557
0.0	Langeronyx	72.86236380601073	58.253726850476895
0.0	Langobardisaurus	44.198218877628555	33.92805883058312
0.0	Lanthaniscus	96.62876931312294	93.62518156508462
0.0	Lanthanolania	97.0486176515668	96.15180240672629
0.0	Lanthanosuchus	88.96778707965149	88.29528206361259
0.0	Laquintasaura	24.9610168814593	24.10269539622561
0.0	Largocephalosaurus	70.29121229992587	68.38124891444552
0.0	Lariosaurus	75.21251147436156	61.17383823633606
0.0	Lasasaurus	75.56161510718815	75.10793264885275
0.0	Lavinipes	25.72392401674898	23.987591968421345
0.0	Lepidus	38.62525069436308	36.99467613137175
0.0	Leptonectes	26.898378958852454	24.1330722036953
0.0	Leptosuchus	52.780245044942454	33.095750483398525
0.0	Lessemsaurus_Temperate_S	53.142981260383365	33.3246204565134
0.0	Lewisuchus	67.87820958285508	54.93203223130956
0.0	Libognathus	46.79854786642411	44.99699631636046
0.0	Liliensternus	51.86592661230058	26.692906901055807
0.0	Lindwurmia	25.107473224840675	24.212780153631392
0.0	Litorosuchus	63.183802120513434	62.365982383329325
0.0	Lophostropheus	29.164742210664606	28.293283695234123
0.0	Lotosaurus	72.3763727327505	66.88529531946253
0.0	Lucasuchus	62.147098704368844	53.903584377600275
0.0	Lucianosaurus	48.56899643596681	46.85015687658838
0.0	Lucianovenator	41.719143607832834	40.007413650834465
0.0	Lufengosaurus	26.588852262168714	24.556228605096187
0.0	Lukousaurus	26.525239033547823	24.77735822594819
0.0	Luopingosaurus	69.99071231888621	69.24792044551255
0.0	Luperosuchus	64.4138359418295	63.04654760009822
0.0	Macgowania	48.92876053228642	37.90602180407645
0.0	Machaeroprosopus	52.54791150763635	26.182675052353463
0.0	Macrocnemus	72.34989906592548	61.501191523101895
0.0	Macrocollum	49.90518971683275	36.20867253428397
0.0	Macroleter_Temperate_N	96.77779847911223	89.2988417489603
0.0	Macroleter_Tropical_N	97.16311227330915	96.26050613397724
0.0	Macroplacus	34.11202566435222	32.60687254905078
0.0	Macroplata	25.849095639178408	24.925785995335847
0.0	Maehary	48.60351068766629	39.563965128677225
0.0	Majiashanosaurus	74.3485317992414	73.88289733593908
0.0	Malerisaurus	53.42774884645813	39.2143731113696
0.0	Malutinisuchus	68.05909069912794	63.11517127397731
0.0	Mambawakale	68.21403284365017	67.51322971181911
0.0	Mandaphon	69.54144966141854	68.79778145949656
0.0	Mandasuchus	69.92216232570092	67.142299751451
0.0	Marasuchus	66.08891164567765	60.42825183003471
0.0	Marcianosuchus	72.20142824328653	71.4670007759991
0.0	Massospondylus	57.884078012277044	56.140904365972666
0.0	Mbiresaurus	62.43169999307301	52.19597381510272
0.0	Megachirella	68.38555308894831	67.64981836062572
0.0	Megalancosaurus	43.52302916011115	32.29542833367667
0.0	Megalosauripus	25.551388603446156	24.6799357563196
0.0	Megalosaurus	29.28617793343343	28.421170536666754
0.0	Megapnosaurus	26.50582405396009	25.621734105402187
0.0	Mehliella	59.162801638191794	57.57074600696151
0.0	Melanorosaurus	36.46423768155499	34.72988951110155
0.0	Merriamosaurus	73.10665369695286	72.63506584296977
0.0	Mesodapedon	67.40205322452242	66.71746463684374
0.0	Mesosaurus_Antarctic	115.7531384632456	106.45942541529014
0.0	Mesosaurus_Temperate_S	115.45198516656174	108.18320415502549
0.0	Mesosuchus	71.25937454493469	67.42537040098613
0.0	Metamosaurus	109.38390285912716	108.91507427934364
0.0	Metashastasaurus	49.793038299512034	33.379776556956955
0.0	Microcnemus_Temperate_N	76.95243569164217	72.54267020360166
0.0	Microleter	109.39606932812147	108.95554861709572
0.0	Micromenodon	53.36654772059739	52.132248313557916
0.0	Microsphenodon	50.0397906815503	31.60715213936477
0.0	Mikadocephalus_Temperate_N	64.06388568721252	63.38702303497597
0.0	Mikadocephalus_Tropical_N	68.42719480493439	67.7142311751993
0.0	Milleretta	84.77488447155362	76.47285210676357
0.0	Millerinoides	82.99043157160982	82.88199744674422
0.0	Milleropsis	86.23537858548742	76.53979833606968
0.0	Millerosaurus	84.54494048086896	77.70688307881811
0.0	Miodentosaurus	59.36949175798351	53.75047899887262
0.0	Mixosaurus	72.40494358053554	62.72785290900425
0.0	Moradisaurus	81.27320570275019	76.77047567601248
0.0	Mystriosuchus_Temperate_N	52.95753991394218	24.297672950104115
0.0	Mystriosuchus_Tropical_N	40.07549174305153	37.0384007408763
0.0	Nambalia	37.6680627219815	32.44895140720649
0.0	Nanchangosaurus	73.89235415062565	64.02525117778248
0.0	Nanoparia	83.05536169183654	79.19283518532406
0.0	Neoaetosauroides	53.94947222207612	32.791247864462854
0.0	Neoprocolophon	69.83005159698612	69.0805270203181
0.0	Neusticosaurus	70.73750289383004	60.29192615078477
0.0	Nhandumirim	44.03628430091	34.300376871091295
0.0	Nicrosaurus_Temperate_N	53.47397705014788	33.56776498514641
0.0	Nicrosaurus_Tropical_N	36.89650860980945	35.233222065627544
0.0	Nochelesaurus	89.4833227101174	84.66063242724663
0.0	Notatesseraeraptor	52.721729320194136	50.28727522491667
0.0	Noteosuchus	76.46327781563886	76.06383722489149
0.0	Nothosaurus_Temperate_N	72.52570308095719	27.256884098170797
0.0	Nothosaurus_Tropical_N	72.36550904559981	60.18777051076241
0.0	Nothosaurus_Tropical_S	74.22844605558248	64.66078897896965
0.0	Nundasuchus	72.24712481151539	71.70430575095139
0.0	Nyasasaurus	71.43586019200227	68.2211206850214
0.0	Nycteroleter	98.16884140361225	89.82143524543062
0.0	Nyctiboetus	102.68115860346016	92.83478577641145
0.0	Nyctiphruretus	98.58505497985884	85.98102919371867
0.0	Obirkovia	91.18556603780628	82.77406572320608
0.0	Odontochelys	58.99260448488637	52.12144449742937
0.0	Omphalosaurus_Temperate_N	73.67640169311508	63.03446014197671
0.0	Omphalosaurus_Tropical_N	73.40549120268895	59.43103985988974
0.0	Opisthodontosaurus	115.64436205886727	107.62798064186416
0.0	Orenburgia	76.28081215952345	72.43883185728596
0.0	Orovenator	113.98944585448957	106.32394983811054
0.0	Oryctorhynchus	60.62392115153291	51.8831779661156
0.0	Oryporan	75.0651445713444	74.24968099979576
0.0	Osmolskina	73.28993012110207	72.8315367125085
0.0	Otozoum	37.87286728242366	36.27963370382853
0.0	Owenetta	86.14338543514842	75.2364996631645
0.0	Ozimek	56.937230800152804	50.928705465909665
0.0	Pachypes	77.9488082603956	77.84350838493039
0.0	Pachypleurosaurus	72.45358574633606	62.10355949990248
0.0	Pachystropheus	31.123448609525838	29.908720250494646
0.0	Palacrodon_Temperate_S	74.65862604165956	70.60474155168153
0.0	Palacrodon_Tropical_N	40.20077713409034	32.56085612547605
0.0	Palaeagama	78.69237494086556	78.58547828911907
0.0	Palaeochersis	54.27887364811083	35.49605990596742
0.0	Palaeosaurus	55.091858038758936	53.557959287906186
0.0	Palatodonta	69.17295222263708	68.44533578480895
0.0	Paleollanosaurus_Temperate_N	29.89474378207018	29.025385205505263
0.0	Paleollanosaurus_Tropical_S	41.28817650802507	39.450172337713084
0.0	Paliguana	76.087235062353	75.65128457869108
0.0	Pamelaria	72.1723681853393	66.50882053864474
0.0	Pamelina	74.06576684343891	73.60861881688021
0.0	Pampadromaeus	59.295343118071045	31.738895879534475
0.0	Panguraptor	25.122612577442375	24.218075314017323
0.0	Panphagia	54.72798189118702	53.207663934498996
0.0	Pantydraco	55.77131573146511	54.112818607223986
0.0	Panzhousaurus	69.67328003017045	68.90838609914533
0.0	Pappochelys	64.11119149431086	63.44980452634319
0.0	Parabrontopodus_Temperate_N	26.52538677109347	24.668656788409454
0.0	Parahupehsuchus	73.62094365502317	73.14904541888562
0.0	Paralonectes	75.63698591305221	69.54365344434684
0.0	Paraplacodus	72.35769610389858	60.280333758732475
0.0	Pararcus	68.5595072022895	67.83207340913546
0.0	Parasaurus	84.20602310936711	80.64876831463035
0.0	Parasuchus_Temperate_N	75.82197904627968	54.01061636043356
0.0	Parasuchus_Temperate_S	61.97115305427307	58.29608952386207
0.0	Parasuchus_Tropical_N	60.737158109399964	33.68396938498792
0.0	Parasuchus_Tropical_S	51.472570704726486	45.1010342200471
0.0	Paratypothorax_Temperate_N	47.98602550552513	32.24478114366695
0.0	Paratypothorax_Tropical_N	53.409895537943214	32.83355848105251
0.0	Paratypothorax_Tropical_S	45.76768683771339	44.0623797235911
0.0	Pareiasaurus	89.3850021814741	76.32204513317632
0.0	Pareiasuchus	87.16757822237867	78.59971578144906
0.0	Parringtonia	68.33868439546558	67.6174614156585
0.0	Partanosaurus	67.3057386038385	66.55800888440469
0.0	Parvinatator	68.78393203672796	68.07321005582999
0.0	Parvosuchus	65.44519927043751	64.81782663767018
0.0	Pectodens	69.68980406026007	68.95642548173764
0.0	Pelecymala	61.510682302043435	52.57045354834514
0.0	Pendraig	56.46739055937055	54.75236162536653
0.0	Pentaedrusaurus	71.7822321329161	70.9554469181454
0.0	Permotriturus	89.81797480920606	89.029407541716
0.0	Pessopteryx	73.32287549511761	68.6079111212013
0.0	Peteinosaurus	42.38266293526055	38.573455836990206
0.0	Phaanthosaurus	76.92938280941503	76.1091470887638
0.0	Phalarodon_Temperate_N	76.4927516675671	67.7889728570975
0.0	Phalarodon_Tropical_N	70.78550159899414	67.12582933645614
0.0	Phantomosaurus	69.34324051863754	68.61237485600547
0.0	Phonodus	76.8261563409209	76.52346419162933
0.0	Pisanosaurus	58.600048727384745	56.858310323821364
0.0	Pistosaurus	68.95073657557225	63.25171906675964
0.0	Placochelys	60.30005346090497	45.4193920558289
0.0	Placodus_Temperate_N	72.28325197294893	61.663777171198866
0.0	Placodus_Tropical_N	72.5636398486841	68.08844262314646
0.0	Placodus_Tropical_S	72.01239868125909	64.27615847875089
0.0	Planocephalosaurus_Temperate_N	62.62784856922181	27.111991410473667
0.0	Planocephalosaurus_Tropical_S	36.931450891712416	35.22481992834369
0.0	Plateosauravus	52.977842033180565	33.601627701881775
0.0	Plateosaurus_Temperate_N	52.67386271946729	24.86369895925284
0.0	Plateosaurus_Temperate_S	45.6171138924595	32.93742054317324
0.0	Platypterna	50.85043001228443	23.446025346632457
0.0	Plectropterna	26.342062751804406	24.25503038115739
0.0	Plesiornis	26.75828327226547	25.841731692518284
0.0	Plesiosaurus	33.2182556546051	24.09800244053753
0.0	Polesinesuchus	53.65131706602224	52.26377194125631
0.0	Polonosuchus	53.46937257157686	52.19084708897027
0.0	Polymorphodon	63.4904098525315	62.789838385234006
0.0	Poposaurus	60.853819929617515	26.390363876537123
0.0	Postosuchus	59.54886953687888	27.258599025452842
0.0	Powellvenator	46.92568674183389	44.995889662861934
0.0	Pravusuchus	49.93032205810759	47.88462612279031
0.0	Preondactylus	41.45752695939427	33.29670316295212
0.0	Prestosuchus	67.54099780785495	56.31984193675416
0.0	Procerosuchus	63.932604621027245	63.29019431736806
0.0	Procolina	75.87508337741737	75.41913748199023
0.0	Procolophon	76.83802472388321	72.17876478911101
0.0	Procolophonichnium_Temperate_N	70.21895130802136	66.82731013897295
0.0	Procolophonichnium_Temperate_S	75.77877058994908	75.32157884784986
0.0	Procompsognathus	40.97176805722271	39.25029783868242
0.0	Proganochelys_Temperate_N	53.895614100629686	28.635859196083302
0.0	Proganochelys_Tropical_N	48.226075760362555	46.34758789828525
0.0	Prolacerta	76.78862806635048	73.25679721190727
0.0	Prolacertoides	76.92814292437986	76.6932497045817
0.0	Prosantosaurus	66.55310946690703	65.87541466390165
0.0	Prosaurosphargis	72.72821709971771	72.27289391056765
0.0	Protanystropheus	71.59444884229788	68.44404069747152
0.0	Protecovasaurus	50.88688206324698	36.95338263111717
0.0	Protenodontosaurus	60.717986788041685	59.20975206636076
0.0	Proteosaurus	26.745948495868447	24.27683724089708
0.0	Proterochampsa	53.70871716617802	52.29573208878612
0.0	Proterochersis	52.859417252247965	35.36083137559274
0.0	Proterosuchus_Temperate_N	76.82719417684817	76.24633846406765
0.0	Proterosuchus_Temperate_S	76.90378046499987	72.27941970236716
0.0	Protoavis	53.21734332249968	41.38298238900796
0.0	Protocaptorhinus	115.67648813364623	106.34502258916778
0.0	Protoichthyosaurus	25.667248943729998	24.787919964454847
0.0	Protome	39.9910286288436	38.36781944662656
0.0	Protorosaurus	85.81297830662561	78.70096978016792
0.0	Protorothyris	123.69998115255471	119.3580572749428
0.0	Protosuchus	32.59691700673508	23.87522760842775
0.0	Provelosaurus	93.03244137567299	84.6851537914601
0.0	Psephochelys	53.877309728264855	52.50966663733635
0.0	Psephoderma_Temperate_N	34.77864042896249	26.69387190734426
0.0	Psephoderma_Tropical_N	42.57234978906873	37.27652903986382
0.0	Psephoderma_Tropical_S	68.3030128973705	66.92817594604264
0.0	Psephosauriscus	72.45340527707069	62.404748382272835
0.0	Psephosaurus_Temperate_N	62.75688065641728	61.72435714876858
0.0	Psephosaurus_Tropical_S	69.42039335575016	66.9752664599986
0.0	Pseudhesperosuchus	38.91232298524184	37.29269265459106
0.0	Pseudochampsa	60.749447133423935	59.33409411669712
0.0	Pseudotetrasauropus_Temperate_N	40.19328292969369	38.632433468255755
0.0	Pseudotetrasauropus_Tropical_N	53.68831007949881	27.152711833565032
0.0	Pterodactylus	24.96616401121101	24.078963768463858
0.0	Pumiliopareia	82.62122048355387	82.51487421077101
0.0	Qianichthyosaurus	65.00842970120112	51.89889777188806
0.0	Qianosuchus	69.7701426001992	68.6738653355501
0.0	Qianxisaurus	66.8544138945797	66.1432225950233
0.0	Quasianosteosaurus	73.27107791755208	72.81152793308779
0.0	Raeticodactylus	36.792302962782195	35.12596456588065
0.0	Rautiania	90.96310748816363	82.6564403567755
0.0	Redondasuchus	46.51412164271586	33.75062792994592
0.0	Redondavenator	51.94005863902282	49.73069595694943
0.0	Revueltosaurus	54.566564300018236	33.44548010812088
0.0	Rhaeticosaurus	33.98057238189702	32.58706560751379
0.0	Rhipaeosaurus	92.77896289955142	87.09572457842103
0.0	Rhomaleosaurus	28.348286687139897	24.156452987508438
0.0	Rhombopholis	68.08170080517326	66.48775920337134
0.0	Rioarribasuchus	43.91194319487555	33.27116794429716
0.0	Riojasaurus	54.190769898945	42.062952684768504
0.0	Riojasuchus	37.82131319357928	36.195670214878064
0.0	Romeria	119.21160877905162	118.5000691384504
0.0	Rothianiscus	96.1422122598085	89.26549357109522
0.0	Rotodactylus	52.2467789444934	49.74477622244772
0.0	Ruehleia	49.65967720394537	35.617081801553894
0.0	Rugarhynchos	44.976797387578294	43.11311587885783
0.0	Ruhuhuaria	70.97800762650104	70.17258408140512
0.0	Rutiodon	61.91182404344261	32.830631460119065
0.0	Sacisaurus	53.061498487989596	50.773418034430776
0.0	Saltoposuchus	50.24927708071982	36.51345353281067
0.0	Sanchiaosaurus	69.41072869354537	68.68083054750538
0.0	Sanchuansaurus	78.28234078594845	78.17608104664905
0.0	Sanjuansaurus	53.244331086622864	51.934476307961624
0.0	Santaisaurus	76.84752146230505	75.92732982564824
0.0	Sarcosaurus	25.291028090882477	24.410355003462396
0.0	Sarmatosuchus	72.3076645773381	71.782754823465
0.0	Saturnalia	60.6857611123145	38.281567530569575
0.0	Saurischichnus	53.93915984536391	32.02435014803071
0.0	Saurodektes	76.71448694783913	72.06524131381033
0.0	Sauropareion	76.78147473086676	72.32709194526132
0.0	Sauropus	26.48359773331693	25.59930054967573
0.0	Saurorictus	83.32554877756499	83.21809972244152
0.0	Saurosternon	77.73484187441245	77.62720563576597
0.0	Saurosuchus	54.81503672314144	53.29615729864397
0.0	Scelidosaurus	26.39276529875369	25.540106152277037
0.0	Scharschengia	73.2827117759387	72.81342342329204
0.0	Schleitheimia	46.093283566855916	44.306870894950976
0.0	Sclerocormus	73.30313241118924	72.8301334866921
0.0	Sclerosaurus	72.28971300206057	69.6843423693423
0.0	Sclerostropheus	46.14107869901737	44.50421714277087
0.0	Scoloparia_Temperate_N	33.109204853072946	32.215936931146516
0.0	Scoloparia_Tropical_N	62.60082476352912	57.678784711579624
0.0	Scolotosuchus	74.78858233199553	74.33212532918917
0.0	Scutarx	53.75152685954188	33.89839297280939
0.0	Scutosaurus	90.1616939741353	81.75301475111769
0.0	Scythosuchus	74.65330629240023	74.19574304895417
0.0	Seazzadactylus	52.84338796320973	50.48852141981905
0.0	Selenichnus	26.25988553026784	24.088064043895645
0.0	Serpianosaurus	72.14844494644946	62.009019132227984
0.0	Shansisuchus	72.27162281850859	66.84300497785635
0.0	Shastasaurus_Temperate_N	39.75036893691014	37.98324430562728
0.0	Shastasaurus_Tropical_S	61.82101319963784	50.56661677347206
0.0	Shihtienfenia	79.26063167176906	76.93738213510073
0.0	Shonisaurus_Temperate_N	55.42333668555224	26.731750633993904
0.0	Shonisaurus_Tropical_N	50.34026582096982	40.43369928464812
0.0	Shringasaurus	72.15536834208189	66.6612666988831
0.0	Shuangbaisaurus	26.376148575397888	25.493296884606572
0.0	Shuvosaurus	51.99043385227321	26.75132760123294
0.0	Sigmala	61.77889575954893	52.80983395811401
0.0	Sikannisuchus	53.492800341962095	40.8686433013848
0.0	Silesaurus	56.7304716183432	55.02587481692376
0.0	Sillosuchus	57.52775822609715	55.886244719166825
0.0	Simosaurus_Temperate_N	71.58074399307198	25.461441403225013
0.0	Simosaurus_Tropical_S	67.50593108873879	66.833296230149
0.0	Sinocyamodus	58.62567898090826	56.9101969037364
0.0	Sinosaurosphargis	70.05654489218858	68.65915813477973
0.0	Sinosaurus	26.839109207218815	24.486321255018776
0.0	Skybalonyx	46.04628612431933	44.32499864716466
0.0	Smilodonterpeton	28.01881179573642	27.134022098302122
0.0	Smilosuchus	60.83635208929111	32.993968238956995
0.0	Sophineta	74.28836881663582	73.83366432276627
0.0	Soturnia	53.872601778785146	43.604275976910024
0.0	Soumyasaurus	48.235539260543256	46.439509954486375
0.0	Sphenotitan	49.73485538026844	32.043690291673926
0.0	Sphodrosaurus	45.00948323370037	43.12332332921818
0.0	Spinosuchus	54.71534346196319	49.94477772863694
0.0	Spondylolestes	82.02063766517725	79.89599079301412
0.0	Spondylosoma	62.99299192520458	62.1217884070692
0.0	Stagonolepis_Temperate_N	58.66980075979077	52.93172468797452
0.0	Stagonolepis_Tropical_N	52.95588578497704	32.80375907904006
0.0	Stagonolepis_Tropical_S	35.12544415303261	33.25813595134687
0.0	Stagonosuchus	72.41959478952037	67.8994699648851
0.0	Staurikosaurus	58.584597325841465	56.92167528669697
0.0	Stauromatodon	62.48367251862915	61.30987198226322
0.0	Stegomus	51.41606193592368	35.39018402032224
0.0	Stenaulorhynchus	72.4558814837874	66.4330411299574
0.0	Stenomyti	42.13801585522957	40.447027327694144
0.0	Stenoscelida	44.383347196199146	42.337012961567225
0.0	Stereosternum_Antarctic	111.84056667082879	111.5604891541559
0.0	Stereosternum_Temperate_S	115.29216215828815	107.78431225335105
0.0	Styracocephalus	90.44420360873582	84.22625384387216
0.0	Syntarsus	34.087968542051456	32.60616265674548
0.0	Syntomiprosopus	52.49060567745419	49.88270100047366
0.0	Tachiraptor	26.63825531240703	25.765920850090307
0.0	Tanaisosaurus	73.83747902867329	73.37151470430776
0.0	Tanystropheus_Temperate_N	71.30968528066362	25.89753373779769
0.0	Tanystropheus_Tropical_N	69.48677601176364	62.64357708861808
0.0	Tanystropheus_Tropical_S	71.39726361121477	68.18749531493569
0.0	Tanytrachelos	45.620258384547846	32.76435301362635
0.0	Tarjadia	67.64220813528104	61.41961523914221
0.0	Tarsodactylus	24.99453388901936	24.117418394661627
0.0	Tasmaniosaurus	76.8383351600936	75.97460018426509
0.0	Tawa	51.32992891799248	32.84569470773055
0.0	Taytalura	59.32754230572973	57.62183843474061
0.0	Technosaurus	36.33185054355733	34.634217239888095
0.0	Tecovasaurus	54.334787147000604	35.49047021416975
0.0	Tecovasuchus	49.03268470883251	32.203112081938876
0.0	Teleocrater	71.64485797789176	67.83250336166559
0.0	Temnodontosaurus	26.841549487210553	24.898497483594277
0.0	Teraterpeton	61.86886191945007	54.62577302979096
0.0	Teratophon	69.1919551880494	66.84044614978026
0.0	Teratosaurus_Temperate_N	71.60070946893046	43.60903944363597
0.0	Teratosaurus_Temperate_S	75.66790279426554	75.20591849022652
0.0	Termatosaurus	34.7025531797002	27.99478242662096
0.0	Terrestrisuchus	61.51354528203738	51.73573640037589
0.0	Tetrasauropus_Temperate_N	50.414339425788434	48.480317626439565
0.0	Tetrasauropus_Temperate_S	65.41164205680168	63.49674006970216
0.0	Teyujagua	73.2422542551425	72.78313833805248
0.0	Teyumbaita	47.85187323682401	33.38401074737508
0.0	Thadeosaurus	81.61463318185876	81.5114973183026
0.0	Thaisaurus	73.65758320282362	73.19316626416895
0.0	Thalassiodracon	34.57568335840187	24.01817335277373
0.0	Thalattoarchon	69.34057916865174	68.59334911397673
0.0	Thalattosaurus	65.56245351306016	62.76312577758159
0.0	Thecodontosaurus	71.87576814341938	25.826180567916584
0.0	Theledectes	69.62035658479665	68.87212060308985
0.0	Thelephon	71.35718811943174	70.56137365193969
0.0	Thelerpeton	72.17171058219182	68.86657365457425
0.0	Tholodus_Temperate_N	71.96194960376326	66.41024643788208
0.0	Tholodus_Tropical_N	72.21369101489556	71.52004038056616
0.0	Thuringothyris	115.95055844449415	105.83126156207027
0.0	Tichvinskia	76.20373667503938	72.09781159742192
0.0	Ticinosuchus	69.09793170283857	67.19152776373745
0.0	Tikisuchus	59.33165428716169	57.66086915051466
0.0	Timanophon	74.52045412813952	71.74125639604748
0.0	Toretocnemus	61.403054229814074	54.521092559943234
0.0	Trachelosaurus	72.24223679397889	71.62406502776356
0.0	Trialestes	58.40153150769168	54.628689815137776
0.0	Tricuspisaurus	31.094528540342438	30.234401184205968
0.0	Trihamus	25.235839240851814	24.370165109166255
0.0	Trilophosaurus	59.7686409648205	32.595673338232245
0.0	Tropidosuchus	67.43764481843736	61.702456589962416
0.0	Tuebingosaurus	50.19267875008868	48.08710070973698
0.0	Turfanosuchus	70.53558058683427	69.77989704234207
0.0	Typothorax	52.78818479123293	27.545320443825293
0.0	Uatchitodon	62.956150866229585	38.43255627166123
0.0	Unaysaurus	51.0040324366245	37.260950831761356
0.0	Unguinychus	35.602765320259756	33.90176693161105
0.0	Uralosaurus	70.59242525215564	66.729928414878
0.0	Utatsusaurus	75.84891463845484	72.22787880192315
0.0	Vallesaurus	41.88386316895519	36.335535998619214
0.0	Vancleavea	56.49417580310512	27.816154582340815
0.0	Variodens	29.96627106098893	25.869215319735073
0.0	Vellbergia	62.3374857758032	61.00595644355412
0.0	Velocipes	50.02771168906493	48.02085679153769
0.0	Venaticosuchus	54.08685562167984	52.705377736615695
0.0	Venetoraptor	54.6526107991134	45.514220991577304
0.0	Vinitasaura	60.861001099524515	59.41753800824318
0.0	Vivaron	45.51766283729294	33.28926895273568
0.0	Vjushkovisaurus	72.08014418896465	69.65780008720087
0.0	Volcanosuchus	56.252901942995976	54.59249262381799
0.0	Vonhuenia	76.51425603292903	76.12968779882448
0.0	Vritramimosaurus	72.93255362870168	72.4663947051113
0.0	Vytshegdosuchus	75.86603083543157	75.42032509102773
0.0	Wahlisaurus	25.910806026238088	25.046987024699256
0.0	Waluchelys	36.919359468357044	35.14652588092489
0.0	Wangosaurus	65.16783319532303	61.768049974093785
0.0	Wannia	43.09664351887754	34.659418069909385
0.0	Wapitisaurus	74.64160945761347	74.1793548069028
0.0	Weigeltisaurus	84.2389350723134	78.75574233182095
0.0	Whitakersaurus	30.44747469390758	29.57987100976541
0.0	Wimanius	64.04933744166499	63.370118485604294
0.0	Wumengosaurus	71.680227236539	68.50879337146432
0.0	Xenodiphyodon	61.005974998048444	59.6083526310766
0.0	Xilousuchus	71.73990609798845	70.92155518090246
0.0	Xingxiulong	26.147657286577218	25.233845294540206
0.0	Xinminosaurus	69.32969913821013	68.58926283989716
0.0	Xinpusaurus	64.04695227536465	54.670967140561864
0.0	Xiphopeza	24.927221856837974	24.084247596044165
0.0	Yarasuchus	72.64037712826422	66.0274996444179
0.0	Yelaphomte	52.15876358021775	49.72133759913725
0.0	Yimenosaurus	26.510366150926348	24.293344346240335
0.0	Youngetta	73.82614176372427	73.36429906924653
0.0	Youngina	85.53097666272659	76.44141604348073
0.0	Youngosuchus	70.16995454781862	69.39907508328933
0.0	Yunguisaurus	65.90198876889183	61.49974553154321
0.0	Yunnanosaurus	26.69898384910499	23.810090701340037
0.0	Zanclodon	64.08873315573271	26.555838646864796
0.0	Zhongjiania	82.04925439229974	79.01155176319266
0.0	Zupaysaurus	34.612639974914735	32.945528206870435
