clade	species	ts	te
0.0	Abyssomedon	111.14371155057691	110.85389455853647
0.0	Acadiella	62.280860341962125	61.05000456434357
0.0	Acaenasuchus	52.58306516390615	32.16086746878703
0.0	Acallosuchus	48.87172438953164	46.97448630399038
0.0	Acerosodontosaurus	79.98762828617005	79.88271912706611
0.0	Acleistorhinus	108.28931465314602	107.2123188885889
0.0	Acrodenta	83.74180672064296	83.63598559402656
0.0	Actiosaurus	28.99074957701752	28.097960319125267
0.0	Adamanasuchus	36.308351657354585	34.58443839798285
0.0	Adelosaurus	80.08086441116909	79.97387423874298
0.0	Aenigmasaurus	76.93127258798992	76.72043071745722
0.0	Aenigmaspina	59.41279051015134	57.81755058219684
0.0	Aenigmastropheus	83.362680836822	83.25734744055197
0.0	Aetosauroides	59.70809793944061	34.00554906865192
0.0	Aetosaurus	51.248543497659185	33.40916292368171
0.0	Agkistrognathus	75.85688885414166	75.47104698627054
0.0	Agnosphitys	59.76521090367753	58.188422483515836
0.0	Alexeyisaurus	41.083608460179015	39.35079882024737
0.0	Alwalkeria	55.46884321917004	53.965407398058545
0.0	Amanasaurus	55.547412418051366	40.11481761229989
0.0	Ammorhynchus	72.50648878893529	69.54756554275808
0.0	Ammosaurus	26.576223619609074	24.514712682005037
0.0	Amotosaurus	72.27155587595549	69.08070892603334
0.0	Anarosaurus	72.34400420444987	67.0027434541561
0.0	Anchisauripus_Temperate_N	39.237353601905774	24.230195652830346
0.0	Anchisauripus_Tropical_N	49.82994053203874	24.583166924479183
0.0	Ancistronychus	52.83967173788727	50.60634260237753
0.0	Angistorhinus	62.78378753682594	32.11544788126788
0.0	Anisodontosaurus	72.4042562987279	60.80435600256449
0.0	Anomoepus_Temperate_N	26.678125319470215	24.198842716361437
0.0	Anomoepus_Tropical_N	40.875600219441615	24.341367261327665
0.0	Anomoiodon	72.23351040881357	69.68236498784911
0.0	Anshunsaurus	65.39175263555718	51.599855601977694
0.0	Anthodon	85.18102012721037	79.29021480500589
0.0	Anticheiropus	26.09298176807184	25.206318550668446
0.0	Apachesuchus	47.469148458137234	45.77745177500741
0.0	Apatopus_Temperate_N	61.88173186775618	60.6996124672161
0.0	Apatopus_Tropical_N	53.77060638171407	28.28203255713488
0.0	Apatopus_Tropical_S	52.99669661820875	51.802983505617135
0.0	Apatosuchus	39.1199757752192	37.49287519928489
0.0	Aphelosaurus	118.99843490110017	118.18560110103958
0.0	Araeoscelis	116.19712983814843	96.71540407133477
0.0	Archeopelta	63.32950304852058	62.583421650626995
0.0	Archosaurus	85.48693898954507	81.47368565628582
0.0	Arcticodactylus	52.66917545254065	50.517111961419175
0.0	Arganaceras	84.61220109807967	84.3554208193712
0.0	Arganasuchus	60.199488307128	50.05535245666125
0.0	Argoides	26.735108945930737	24.23129273102962
0.0	Arizonasaurus	71.48801677056895	69.45322027997189
0.0	Asilisaurus	72.29954837584584	66.96267429055167
0.0	Askeptosaurus	66.70784633842527	62.37862322551347
0.0	Asperoris	68.817556464278	68.07681604858293
0.0	Asylosaurus	34.98930067911313	25.844486006187548
0.0	Atopodentatus	70.12220986730946	69.21448473810531
0.0	Atreipus_Temperate_N	58.829089936428105	57.17381729406705
0.0	Atreipus_Tropical_N	58.024475454929714	43.64059123925851
0.0	Augustaburiania	74.31947295669121	71.40832198293583
0.0	Augustasaurus	68.15629382297563	67.4113463663868
0.0	Australothyris	89.25618676976765	88.67147021105278
0.0	Austriadactylus	37.35600904541728	34.66207299071643
0.0	Austriadraco	35.406241495427984	33.60648801316625
0.0	Avalonnectes	26.51201918037161	25.639541877074482
0.0	Avicranium	27.269320429270852	26.405017084434157
0.0	Azendohsaurus	54.15744996436	52.7468607393646
0.0	Baeotherates	113.72897053075901	113.42199371682035
0.0	Baisesaurus	73.20743623419138	72.81745958967448
0.0	Barasaurus	85.77140823045642	73.49052592127387
0.0	Barberenasuchus	62.66522048200308	61.65613090103421
0.0	Barracudasauroides	71.90065752098987	66.86975723144367
0.0	Barracudasaurus	72.46247521904785	68.4578779349367
0.0	Barrancapus	49.95955391011902	48.073359867445824
0.0	Bashkyroleter	97.01302389660688	90.33700178315041
0.0	Batrachopus_Temperate_N	73.63291769532408	25.030579327680133
0.0	Batrachopus_Tropical_N	36.74188745260943	24.164003454431892
0.0	Batrachotomus	65.4329320424928	60.90834893658385
0.0	Belebey	93.89728835012778	89.0265021332479
0.0	Benggwigwishingasuchus	67.8336203277768	67.09660851410275
0.0	Bentonyx	67.37794899544762	66.69070546610047
0.0	Bergamodactylus	41.82825541791965	40.08797392874242
0.0	Besanosaurus	67.34947339182493	66.64342317834438
0.0	Blezingeria	66.56360041238403	65.88711770757327
0.0	Blomosaurus	76.92220095210386	76.71429502907465
0.0	Bobosaurus	62.12509697907574	61.0906607131791
0.0	Bolosaurus	117.27776313450003	102.2088494046284
0.0	Boreopricea	74.64729393573698	73.67688820751957
0.0	Brachychirotherium_Temperate_N	57.10019768622371	55.53845869923729
0.0	Brachychirotherium_Tropical_N	59.7139413106572	28.36046019410198
0.0	Brachychirotherium_Tropical_S	59.274619286759794	53.32353747352008
0.0	Bradysaurus	89.56724666256335	84.5255266633342
0.0	Brasinorhynchus	64.83358598556923	63.21442815227306
0.0	Brazilosaurus	115.67461485001846	106.97740199581753
0.0	Bromsgroveia	71.71659859235548	66.74908543648328
0.0	Broomia	86.5536227341186	84.95172084502141
0.0	Bunostegos	77.84051832598497	77.73567413420412
0.0	Buriolestes	59.9913517842806	32.730175897014604
0.0	Bystrowisuchus	74.01315676325214	73.62253302836685
0.0	Callawayia	43.86348422480736	32.93098752034512
0.0	Calyptosuchus	59.96125578282803	33.01084661336796
0.0	Camelotia	34.86719593350336	26.65221903334029
0.0	Camposaurus	44.31001411116389	42.386429431543924
0.0	Candelaria	67.18988884713535	60.83177835161783
0.0	Captorhinikos	108.42259569004109	98.32237001464095
0.0	Captorhinoides	107.77389248016267	98.40356438698083
0.0	Captorhinus_Temperate_S	82.26380298884342	82.15566209434228
0.0	Captorhinus_Tropical_N	112.43275495756639	97.68350780155826
0.0	Captorhinus_Tropical_S	115.53112604838765	97.88709903821106
0.0	Cargninia	47.79025581251981	46.0289454819357
0.0	Carnufex	57.00011686897436	55.43170414995329
0.0	Cartorhynchus	72.94649845147319	72.55478169854351
0.0	Caseosaurus	42.61652702214617	40.86518327819544
0.0	Caviramus	27.92136164237304	27.025307938046286
0.0	Ceresiosaurus	67.1508021050682	63.673988151268816
0.0	Chalishevia	67.77940729564801	60.71899025445555
0.0	Chanaresuchus	67.5272955213961	62.52844894080461
0.0	Chaohusaurus	74.05614673879344	69.34498170424851
0.0	Chasmatosuchus	76.905030043453	72.13308444909545
0.0	Chelyoposuchus	32.00107665030276	31.138183718256357
0.0	Chinchenia	72.15514441211135	71.42536116323147
0.0	Chindesaurus	44.84374443113938	34.093958334865384
0.0	Chinshakiangosaurus	26.60810054417179	25.694136490760076
0.0	Chirotherium_Temperate_N	61.02699984438683	30.45264660996305
0.0	Chirotherium_Temperate_S	64.54952807764747	61.00082316673158
0.0	Chirotherium_Tropical_N	77.1246089876812	35.304954321451724
0.0	Chromogisaurus	61.69102662069792	60.5155846311473
0.0	Clarazia	67.84280383870065	67.14354912566824
0.0	Claudiosaurus	85.5505435287355	76.50879879794275
0.0	Clevosaurus_Temperate_N	61.77133018597331	24.071064758769726
0.0	Clevosaurus_Temperate_S	55.310997149159874	34.59567475736681
0.0	Coahomasuchus	57.7573665842246	48.24139696473822
0.0	Coartaredens	72.48737427840653	66.68371110038505
0.0	Coburgosuchus	48.80551986150276	47.08196403783417
0.0	Coelodontognathus	74.754266516114	72.87885992657469
0.0	Coelophysis_Tropical_N	52.84303060556247	24.467075103364433
0.0	Coelophysis_Tropical_S	52.559821935213066	50.265710801528684
0.0	Coelurosauravus_Temperate_N	81.62358736409261	81.51774510203214
0.0	Coelurosauravus_Temperate_S	85.49500806786284	79.80848071963612
0.0	Coelurosaurichnus_Temperate_N	71.3061180007462	28.821588685864306
0.0	Coelurosaurichnus_Tropical_N	72.71558437884065	36.08734671762076
0.0	Coelurosaurichnus_Tropical_S	57.302326574680954	51.4053885784987
0.0	Coletta	73.73222124428938	73.34219521877966
0.0	Collilongus	75.83478831452408	75.44973278385574
0.0	Colobomycter	115.93715629982832	110.5734910925549
0.0	Colobops	48.995702592094744	47.1883728692726
0.0	Coloradisaurus	45.96448284588344	35.26734015284765
0.0	Coloradisuchus	49.9553825005398	48.09012674915856
0.0	Concavispina	53.043755829909315	51.88894350253087
0.0	Contectopalatus	63.64252886428575	62.927663806613815
0.0	Corosaurus	73.18915317018362	72.26625052567398
0.0	Cosesaurus	63.20389923403923	62.413187976935276
0.0	Crosbysaurus	52.50128060515803	34.52203706209296
0.0	Ctenosauriscus	74.0467284524281	73.65762046721481
0.0	Cyamodus	72.5606823117199	54.871187407502376
0.0	Cymatosaurus	72.48233388590003	67.0977578618562
0.0	Cymbospondylus_Temperate_N	68.41789192441846	60.40194669459221
0.0	Cymbospondylus_Tropical_N	74.43038451121876	62.65433700429733
0.0	Czatkowiella	72.68518405922308	72.30335805986762
0.0	Dactylosaurus	71.85849094452664	68.67279755949217
0.0	Daemonosaurus	34.2153494301036	32.63501881424094
0.0	Dagasuchus	61.952580136897595	60.85652469768959
0.0	Dawazisaurus	69.501800606822	68.77074814721338
0.0	Decuriasuchus	67.50688404794785	61.01637368034908
0.0	Delatorrichnus	26.257045478709728	25.363368555437983
0.0	Delorhynchus	115.95873533119824	105.44509774830911
0.0	Deltadectes	37.60900115744731	29.01361479093277
0.0	Deltavjatia	89.51282945727728	84.47650462850532
0.0	Desmatosuchus	56.70672246904493	32.59480949623041
0.0	Diandongosaurus	69.55867687875245	68.8193958874466
0.0	Diandongosuchus	64.34719195519013	63.691205973797636
0.0	Dianmeisaurus	70.57138684748342	68.57212876539003
0.0	Dianopachysaurus	69.58245041275954	68.85938442710086
0.0	Dimetropus	115.9565209602448	106.54272363894079
0.0	Dimorphodon	26.314946022136187	25.426636800429588
0.0	Dinocephalosaurus	69.81648032989503	69.17767440279822
0.0	Diphydontosaurus_Temperate_N	62.69955102175276	26.063366778499752
0.0	Diphydontosaurus_Tropical_N	40.52755033514642	38.864972483836915
0.0	Diphydontosaurus_Tropical_S	46.322045875455956	44.751209916476725
0.0	Dolabrosaurus	48.35247789306652	46.588690883897996
0.0	Dolerosaurus	54.37799257063493	52.97725342542134
0.0	Dolichobrachium	59.30597517018186	57.74739162082229
0.0	Doliovertebra	71.33795546669617	70.52212970919527
0.0	Dongusuchus	71.99014644054232	67.86198679017299
0.0	Dorosuchus	71.81478390835701	70.6447535378951
0.0	Doswellia	61.310582213762586	43.47024186340159
0.0	Dracoraptor	25.5298976548411	24.57737310177565
0.0	Drepanosaurus_Temperate_N	42.083263471983166	40.256248295574544
0.0	Drepanosaurus_Tropical_N	53.90134843533909	26.9730479798623
0.0	Dromomeron_Temperate_S	43.8896705939254	42.124104078891875
0.0	Dromomeron_Tropical_N	49.94563314105425	28.195908678742928
0.0	Dromomeron_Tropical_S	54.546309280380434	32.29253076086183
0.0	Dyoplax	56.49145681876873	54.80568386082766
0.0	Ebrachosuchus	52.842914121615	51.60424310318016
0.0	Effigia	31.87508926880966	26.877494301518396
0.0	Efraasia	47.28965237740866	38.135769884854476
0.0	Eifelosaurus	71.25559941841294	70.44024149577548
0.0	Elachistosuchus	27.45379310707365	26.567158721923725
0.0	Elessaurus	76.9306528158763	76.72185407227417
0.0	Elginia	79.47338588282436	76.82425712821832
0.0	Embrithosaurus	90.46183238591064	84.53685967879296
0.0	Emeroleter	88.91048570780876	84.48987906110294
0.0	Endennasaurus	39.70382186992549	38.12948136313004
0.0	Energosuchus	67.75480871753926	60.96728684811741
0.0	Eodromaeus	54.89099739674199	53.36390558280645
0.0	Eohupehsuchus	73.6764186702865	73.28865818421359
0.0	Eohyosaurus	69.77901775038808	66.34230356698497
0.0	Eomurruna	76.70098729802092	76.32676879578261
0.0	Eoplesiosaurus	25.56823087745063	24.67132338932205
0.0	Eoraptor	59.84099729156998	50.766480630390255
0.0	Eorasaurus	87.67825288510241	87.24067955653634
0.0	Eorhynchochelys	54.12138699830458	52.749729244711666
0.0	Eosauropus_Temperate_N	54.4559183298779	34.12601815474708
0.0	Eosauropus_Tropical_N	49.77456891323181	44.16842737563035
0.0	Eretmorhipis	63.685959958004	63.01039613503842
0.0	Erpetosuchus	35.17734994123015	33.39674341823428
0.0	Erythrosuchus	72.31944259403879	66.96338135173262
0.0	Erythrovenator	61.09759142713833	59.744034628226544
0.0	Eshanosaurus	25.86895118669291	24.969786791601056
0.0	Eubrontes_Temperate_N	50.49144196398049	24.162141117343893
0.0	Eubrontes_Tropical_N	50.38930053882303	24.19441540291843
0.0	Eucoelophysis	42.3637069553572	31.79763496802457
0.0	Eudibamus	110.15606806777606	109.85492035483263
0.0	Eudimorphodon	42.936653487056994	25.89429582621413
0.0	Eumetabolodon	72.39552023151558	66.01702431774758
0.0	Eunotosaurus	90.084952358551	84.50057633404815
0.0	Euparkeria	71.93356928482551	67.80022740770873
0.0	Eurhinosaurus	25.91550614003147	25.02744971281711
0.0	Eurycleidus	25.402877268310007	24.532364591810286
0.0	Eusaurosphargis	70.91751473833472	62.68371203081872
0.0	Euscolosuchus	59.16063552710371	57.539353262196485
0.0	Evazoum	55.71857500247628	28.21306785202503
0.0	Fasolasuchus	48.12262678883664	46.35498522277929
0.0	Faxinalipterus	51.45578765848011	40.377289538382456
0.0	Feeserpeton	112.34822433047371	112.0551701762518
0.0	Feralisaurus	70.45671415972348	69.68795809454973
0.0	Fodonyx	71.86771163751732	67.2056458163162
0.0	Fraserosphenodon_Temperate_N	57.9315027486402	56.22009105410005
0.0	Fraserosphenodon_Tropical_S	49.41539101029575	47.7423491710042
0.0	Fraxinisaura	63.458805878635026	62.65579301131881
0.0	Fugusuchus	69.6978228407411	68.9519870924803
0.0	Fuyuansaurus	63.8738770185614	63.18788331714477
0.0	Galesphyrus	83.6791186435332	78.95076409248588
0.0	Gamatavus	66.76888709932975	65.77674811429787
0.0	Gansurhinus	97.60579818440965	83.39927187588657
0.0	Garjainia_Temperate_N	74.24914046412187	72.28886186797332
0.0	Garjainia_Temperate_S	76.42107975767709	72.05969094018765
0.0	Garzapelta	49.44623887664816	47.566190447869964
0.0	Gecatogomphius	94.32423068612668	92.05913635463634
0.0	Gephyrosaurus	32.77217367484236	25.736576523699355
0.0	Glaurung	81.13155841583226	81.02492700110325
0.0	Glyphoderma	63.30824182528192	62.528815519249505
0.0	Gnathovorax	59.37385408751736	35.722895607627876
0.0	Gojirasaurus	51.542500955444375	49.42050456388925
0.0	Gomphiosauridion	57.886619722004966	56.25673045107504
0.0	Gorgetosuchus	53.917004313865554	52.57410583216023
0.0	Gracilisuchus	65.37214506682932	60.293282943222266
0.0	Grallator_Temperate_N	55.632056565654175	23.654871090486452
0.0	Grallator_Temperate_S	58.02789457395761	38.43895639072327
0.0	Grallator_Tropical_N	56.56148711106701	24.173545185730283
0.0	Graoullyodon	34.16400029430911	32.61999767204041
0.0	Gregaripus	52.93204760237667	37.37497500376043
0.0	Gresslyosaurus	52.85782318206869	32.83572801300578
0.0	Grippia	76.03592857160193	73.47022744639945
0.0	Guaibasaurus	51.58687544062154	33.93821096589643
0.0	Gualosuchus	67.7420049127051	60.704668534631175
0.0	Guanlingsaurus	55.548681097394095	52.28920621371639
0.0	Guchengosuchus	68.72084655628522	67.987509764052
0.0	Guizhouichthyosaurus	64.2841997758845	52.01202623689682
0.0	Gulosaurus	76.442682645006	75.37894392690836
0.0	Gunakadeit	48.45139711735544	46.79454392129695
0.0	Gwyneddichnium	48.58712631515085	25.49094691335486
0.0	Gyposaurus	26.89548767380538	24.753140628125347
0.0	Halazhaisuchus	68.1646414465024	67.41211977398163
0.0	Haligonia_Temperate_N	28.570950613336123	26.084828927557492
0.0	Haligonia_Tropical_N	60.92013865905021	59.496718355805825
0.0	Hanosaurus	74.45492824417803	74.05977975464609
0.0	Helcura	25.537550152173274	24.145379863723708
0.0	Helveticosaurus	66.97062239422928	66.2616167696104
0.0	Hemilopas	73.71500683950603	68.90941376979555
0.0	Hemiprotosuchus	51.208807685206665	34.98403458078294
0.0	Heptasuchus	53.06877209756355	51.83376830594422
0.0	Herrerasaurus	62.2017099177504	53.56233727420231
0.0	Hescheleria	68.74512081368792	67.99341062658335
0.0	Hesperosuchus	49.619212879759516	27.680434230891727
0.0	Heterodontichnites	61.63524158741116	31.67145145349459
0.0	Heteropelta	69.71450143773993	68.97833939766359
0.0	Himalayasaurus	40.41929526713902	38.76239930402164
0.0	Hispaniasaurus	64.19160896051831	63.532031592106584
0.0	Honghesaurus	69.63808872919023	68.89990517625832
0.0	Horaffia	64.73647846086527	60.77346828158353
0.0	Hovasaurus	84.62829820765616	74.89082602951184
0.0	Howesia	70.69981077532596	69.03592009118341
0.0	Hudsonelpidia	37.81594508620114	36.03744728108878
0.0	Hupehsuchus	75.60077435339898	63.80622737850427
0.0	Hwiccewyrm	61.444621317864936	53.643396563137244
0.0	Hyloidichnus	78.44038372592689	76.52696670567965
0.0	Hyperodapedon_Temperate_S	61.76005603533159	33.07270063120055
0.0	Hyperodapedon_Tropical_N	62.123633078213985	57.8348957037606
0.0	Hypselorhachis	71.40927031912334	70.59437933847632
0.0	Hypsognathus_Temperate_N	28.056763495775176	27.17766931929752
0.0	Hypsognathus_Tropical_N	56.83484485636242	27.872880104312948
0.0	Hypuronector	54.013192516275716	41.78112960503863
0.0	Icarosaurus	47.48775094026871	45.76508311441408
0.0	Ichthyosaurus_Temperate_N	33.91149579622659	24.198194906191084
0.0	Ichthyosaurus_Tropical_N	47.41806937359728	40.59606215848843
0.0	Ichthyotitan	31.773112766937654	30.923082273548538
0.0	Idiosaura	59.515141130927326	57.98369602285826
0.0	Ignotosaurus	52.90421119184414	51.76974923336611
0.0	Incertovenator	61.70336151136713	60.50451210338239
0.0	Ingentia	52.91464564927267	50.859948543745034
0.0	Isfjordosaurus	73.36864317439317	72.98205518907847
0.0	Ixalerpeton	60.70390731246789	34.071093411165734
0.0	Jaklapallisaurus	40.37916221476345	38.70231481225974
0.0	Jaxtasuchus	64.79051320722134	61.92999365785155
0.0	Jesairosaurus	71.66257150005843	70.84670902767111
0.0	Jingshanosaurus	27.002281314219697	24.34670899704707
0.0	Jushatyria	68.46172349551127	67.72207530363657
0.0	Kadimakara	76.81765442636802	76.06282369336189
0.0	Kalisuchus	76.85885625989135	76.60944278867466
0.0	Kapes_Temperate_N	75.96455540544942	66.6614935973037
0.0	Kapes_Tropical_N	72.05625034739413	68.89558793556797
0.0	Kayentapus_Temperate_N	26.705102182917535	24.58615447657144
0.0	Kayentapus_Tropical_N	52.79749862672568	24.13127497987046
0.0	Keichousaurus	73.12693763171316	61.230086778424486
0.0	Kholumolumo	52.71032349672573	33.53348964618385
0.0	Kinelia	82.1698594354181	82.06448152147951
0.0	Kintneria	52.546172536458705	36.301856323791824
0.0	Kitchingnathus	74.52937124447017	74.13519001820961
0.0	Kocurypelta	45.572408027982185	43.794661227818004
0.0	Koiloskiosaurus	71.35961621364014	70.56232349610914
0.0	Komlosaurus	26.7372880287345	24.24934105512481
0.0	Krzyzanowskisaurus	54.834099850443735	33.833398625756935
0.0	Kudnu	76.75113136043691	76.45433404478983
0.0	Kuehneosaurus	62.818276400210685	26.88212803170999
0.0	Kuehneosuchus	30.703435506583823	29.86341341186374
0.0	Kuruxuchampsa	54.73025443545466	53.25783882151141
0.0	Kwangsisaurus	74.74687015076536	74.32047833690119
0.0	Labidosaurikos	108.46503373805984	99.07659879800927
0.0	Labidosauriscus	116.05764868254792	107.30275419171784
0.0	Labidosaurus	108.31345963244375	98.04523974097557
0.0	Lagerpeton	66.20863108649434	61.31037712839042
0.0	Lanceirosphenodon	42.4492798738909	40.71989602188687
0.0	Langeronyx	72.15824092657223	66.98770376008216
0.0	Langobardisaurus	40.57543594794587	33.432817741804946
0.0	Lanthaniscus	96.77057071127545	92.00969632560626
0.0	Lanthanolania	94.24104018014336	93.54763652357617
0.0	Lanthanosuchus	91.00980113661598	90.35509212622847
0.0	Laquintasaura	26.499823560603907	25.603539162672995
0.0	Largocephalosaurus	70.05254376304171	68.89377856188611
0.0	Lariosaurus	73.37321067382457	60.78501634242729
0.0	Lasasaurus	76.6460418411691	76.32572190723101
0.0	Lavinipes	25.803438003291568	23.910452998772943
0.0	Lepidus	47.93746305570565	46.2646412907385
0.0	Leptonectes	25.75337303547032	24.16742383374166
0.0	Leptosuchus	52.671369549866604	32.92736521186896
0.0	Lessemsaurus_Temperate_S	53.142815707503004	35.13995573630853
0.0	Lewisuchus	66.3474732241982	59.02481596282136
0.0	Libognathus	37.08134330456515	35.25589699103006
0.0	Liliensternus	53.46037558870614	29.23736248085095
0.0	Lindwurmia	26.655158007532627	25.759524245797248
0.0	Litorosuchus	65.65899874526885	64.98609077072814
0.0	Lophostropheus	30.781571398356608	29.877247594376207
0.0	Lotosaurus	72.25615841800735	67.03344122692766
0.0	Lucasuchus	61.40186464548625	52.69103835223997
0.0	Lucianosaurus	43.98196267505795	42.30412379172186
0.0	Lucianovenator	50.48610066245735	48.58886595094371
0.0	Lufengosaurus	26.792445377575305	24.072578102780074
0.0	Lukousaurus	26.44741147751299	24.150313365329218
0.0	Luopingosaurus	70.0520113054164	69.3010710532522
0.0	Luperosuchus	67.35035938418487	60.43601008633714
0.0	Macgowania	42.75510287266443	34.13743879578764
0.0	Machaeroprosopus	52.69991451181492	26.255271727639798
0.0	Macrocnemus	72.14781955959182	61.3877332989908
0.0	Macrocollum	51.15291481793402	31.85467507101066
0.0	Macroleter_Temperate_N	95.60154532222255	90.23969156791291
0.0	Macroleter_Tropical_N	94.74215259535723	94.0600976314112
0.0	Macroplacus	32.708370053859824	31.820375631499125
0.0	Macroplata	26.744346219049877	25.845406295754117
0.0	Maehary	46.81717903018599	31.67217769432921
0.0	Majiashanosaurus	74.47654390999755	74.08693515991799
0.0	Malerisaurus	44.84150021458468	36.414117267865116
0.0	Malutinisuchus	66.1210887645583	63.159017833424336
0.0	Mambawakale	71.501071615682	70.67689601418333
0.0	Mandaphon	72.14834427741121	71.43382943360227
0.0	Mandasuchus	72.28875112414099	66.97630257575155
0.0	Marasuchus	66.88072983749866	61.770954702876054
0.0	Marcianosuchus	70.5268270888099	69.76813240384331
0.0	Massospondylus	60.91889636690652	59.46105406881086
0.0	Mbiresaurus	59.00538233612659	52.45889912041122
0.0	Megachirella	69.34720880892955	68.62055632346235
0.0	Megalancosaurus	42.899490086573486	33.29501959133893
0.0	Megalosauripus	26.32095417347175	25.41336726694651
0.0	Megalosaurus	32.34211204234258	31.45102049742323
0.0	Megapnosaurus	25.303026035936206	24.4142635552496
0.0	Mehliella	61.08523657746624	59.75456240223915
0.0	Melanorosaurus	40.54517928635545	38.77334360519325
0.0	Merriamosaurus	73.1191414378008	72.73370405891391
0.0	Mesodapedon	67.6965378524256	66.99032418065573
0.0	Mesosaurus_Antarctic	116.31161070865713	105.68023165767971
0.0	Mesosaurus_Temperate_S	115.51540698303204	107.94623382819692
0.0	Mesosuchus	72.37380318820642	66.53353530586428
0.0	Metamosaurus	114.09885071958172	113.76083814459447
0.0	Metashastasaurus	46.32857253353082	36.444130874973425
0.0	Microcnemus_Temperate_N	76.77347525732527	73.43335111991487
0.0	Microleter	108.85263345177343	107.68462815780688
0.0	Micromenodon	53.178456332991736	51.994211735342944
0.0	Microsphenodon	45.134087107639964	33.0439149060851
0.0	Mikadocephalus_Temperate_N	65.03014288225235	64.38163521142567
0.0	Mikadocephalus_Tropical_N	69.7378165952436	69.00676728704424
0.0	Milleretta	84.53940259454201	76.39622172352374
0.0	Millerinoides	80.41467299799456	80.30739013295275
0.0	Milleropsis	85.27875057082879	76.52519184214965
0.0	Millerosaurus	85.62725084566404	76.72736584759292
0.0	Miodentosaurus	61.40784125609925	51.325902124930835
0.0	Mixosaurus	72.27292146609153	63.529402037237375
0.0	Moradisaurus	85.5235995999337	76.30247773308844
0.0	Mystriosuchus_Temperate_N	52.95953835361393	24.806981825583613
0.0	Mystriosuchus_Tropical_N	44.058076293729535	33.64023115124803
0.0	Nambalia	51.388452772244854	33.380083967608
0.0	Nanchangosaurus	73.15932476698895	65.07939839931844
0.0	Nanoparia	83.58951045449479	80.26841580499483
0.0	Neoaetosauroides	53.51545798710999	32.46054865445783
0.0	Neoprocolophon	68.37925561892054	67.65966220834486
0.0	Neusticosaurus	70.06704764773592	60.56396755856856
0.0	Nhandumirim	46.5419056797817	39.04947366300287
0.0	Nicrosaurus_Temperate_N	49.23853139500039	33.58074152143342
0.0	Nicrosaurus_Tropical_N	47.18459669027744	45.57783617980101
0.0	Nochelesaurus	88.82795798570363	85.04081013279603
0.0	Notatesseraeraptor	45.499973786348654	43.847112616631385
0.0	Noteosuchus	76.64694510668187	76.33311579326828
0.0	Nothosaurus_Temperate_N	72.2648886734286	27.677382119186316
0.0	Nothosaurus_Tropical_N	70.1880329460402	63.1596201151915
0.0	Nothosaurus_Tropical_S	72.26682340124019	65.39566173672225
0.0	Nundasuchus	71.89273853986182	71.05752690594211
0.0	Nyasasaurus	71.72463258645655	66.44002077970136
0.0	Nycteroleter	98.06022495262295	89.40875657447442
0.0	Nyctiboetus	106.33527826261117	92.47697334404073
0.0	Nyctiphruretus	99.66278452629476	81.32469171204895
0.0	Obirkovia	84.47414698701542	81.71608697574696
0.0	Odontochelys	57.54581919488014	55.296477367373946
0.0	Omphalosaurus_Temperate_N	73.88982759179602	61.78025349189127
0.0	Omphalosaurus_Tropical_N	73.17143406150943	65.6761223420039
0.0	Opisthodontosaurus	115.4913899542761	107.5205816657212
0.0	Orenburgia	76.33362313787	72.94234173657141
0.0	Orovenator	113.05689837398283	106.11934328237858
0.0	Oryctorhynchus	62.118791334440836	60.133381982719946
0.0	Oryporan	76.41061855429746	73.12027923296709
0.0	Osmolskina	73.87573145072253	73.48402334094192
0.0	Otozoum	42.071014051748136	40.37323409893494
0.0	Owenetta	84.76907583661821	75.04809250723477
0.0	Ozimek	60.23925787077908	53.73799483072995
0.0	Pachypes	78.40059877266887	78.29597323785579
0.0	Pachypleurosaurus	71.68302872926337	60.89048934840187
0.0	Pachystropheus	32.295047048075965	27.18338660650344
0.0	Palacrodon_Temperate_S	74.14753383858142	70.79525629075572
0.0	Palacrodon_Tropical_N	46.44015425495453	31.970095394078655
0.0	Palaeagama	78.3254851464093	78.22186800274697
0.0	Palaeochersis	36.13748798419362	32.69715049207793
0.0	Palaeosaurus	53.997201284064055	52.62310465270757
0.0	Palatodonta	70.8118194926742	70.04403706594294
0.0	Paleollanosaurus_Temperate_N	31.281728961981887	30.368275538844777
0.0	Paleollanosaurus_Tropical_S	35.31241121549786	33.40360682234432
0.0	Paliguana	72.8979568967227	72.50764537033496
0.0	Pamelaria	71.22092528492026	66.73500085470981
0.0	Pamelina	74.4666116122642	74.0763004293011
0.0	Pampadromaeus	56.17800245287791	41.04272515671051
0.0	Panguraptor	25.63996552084761	24.707094617177372
0.0	Panphagia	57.35210170239016	55.706770168140736
0.0	Pantydraco	61.36507155427576	60.039102978298345
0.0	Panzhousaurus	70.07272252595773	69.32419811194784
0.0	Pappochelys	64.22347792056637	63.51692760573238
0.0	Parabrontopodus_Temperate_N	26.36007496840903	24.609491280133973
0.0	Parahupehsuchus	72.43596980131503	72.03495865745853
0.0	Paralonectes	75.58102734162271	62.68152622928033
0.0	Paraplacodus	72.49613039882634	63.73613156034278
0.0	Pararcus	67.9865421965396	67.26368851888348
0.0	Parasaurus	83.87599437828838	79.71209057692056
0.0	Parasuchus_Temperate_N	75.21283844429747	47.840323178523114
0.0	Parasuchus_Temperate_S	62.48675314646776	55.52931518829453
0.0	Parasuchus_Tropical_N	60.81326450542687	50.385018869255745
0.0	Parasuchus_Tropical_S	51.382148779195646	34.91541356598986
0.0	Paratypothorax_Temperate_N	53.92542847416668	32.16627785546969
0.0	Paratypothorax_Tropical_N	53.208138208898305	33.292744220801964
0.0	Paratypothorax_Tropical_S	50.045639081864195	48.24104942874844
0.0	Pareiasaurus	90.22173601896127	76.29869483389878
0.0	Pareiasuchus	90.49957000248375	79.01062535712074
0.0	Parringtonia	70.74248484944205	69.93573410652631
0.0	Partanosaurus	64.37517429071926	63.69609200201627
0.0	Parvinatator	70.73621860880445	69.96528996084444
0.0	Parvosuchus	65.1935668028997	64.55197005285038
0.0	Pectodens	70.41216416902317	69.64512917989687
0.0	Pelecymala	58.916072512360344	51.401814548652666
0.0	Pendraig	54.069766567170596	52.6584738960438
0.0	Pentaedrusaurus	72.1624108299859	71.41729094188473
0.0	Permotriturus	91.33063640734845	90.65969113910248
0.0	Pessopteryx	73.43663778381067	65.91224537064355
0.0	Peteinosaurus	40.20022017131264	36.87948551058818
0.0	Phaanthosaurus	76.94774626803937	76.1025861730371
0.0	Phalarodon_Temperate_N	76.44919701815738	66.85902757666457
0.0	Phalarodon_Tropical_N	71.74261117672019	62.780843720369816
0.0	Phantomosaurus	68.12362227110067	67.385443766577
0.0	Phonodus	76.53237957988452	76.19529989356067
0.0	Pisanosaurus	58.557784135369936	56.94834708323983
0.0	Pistosaurus	69.44732011725533	61.65804753463693
0.0	Placochelys	62.917307940906184	31.58985472059331
0.0	Placodus_Temperate_N	72.22227893082726	61.07995119909335
0.0	Placodus_Tropical_N	69.9604035219975	67.67125458180122
0.0	Placodus_Tropical_S	73.56240784502188	63.98883118348859
0.0	Planocephalosaurus_Temperate_N	62.73053761666335	29.03837205841185
0.0	Planocephalosaurus_Tropical_S	35.555237867903266	33.64193401158376
0.0	Plateosauravus	53.97622184286617	32.80794138311514
0.0	Plateosaurus_Temperate_N	52.42710519254774	25.142163672520823
0.0	Plateosaurus_Temperate_S	44.02164301102426	32.79280184113038
0.0	Platypterna	48.98806119839918	23.444179767783513
0.0	Plectropterna	26.797664764832295	24.720088139424796
0.0	Plesiornis	26.03658424555536	25.15824572482285
0.0	Plesiosaurus	33.48775211871931	24.185331377034043
0.0	Polesinesuchus	59.13447979536993	57.548033357225634
0.0	Polonosuchus	54.015396730143344	52.650017843937654
0.0	Polymorphodon	64.94078403414925	64.27895246068428
0.0	Poposaurus	59.319439269181785	31.272196835432748
0.0	Postosuchus	58.927268084980724	28.943077215794787
0.0	Powellvenator	45.272718690977825	43.5377631611415
0.0	Pravusuchus	48.430202660344015	46.70915326992399
0.0	Preondactylus	43.16247616068509	32.70076961468963
0.0	Prestosuchus	67.3537122598678	57.52222069632446
0.0	Procerosuchus	67.17042731152193	66.45446843438725
0.0	Procolina	73.78267378636008	73.3917456520633
0.0	Procolophon	76.62366566233914	72.08377156507797
0.0	Procolophonichnium_Temperate_N	71.87277157862825	67.93631313937964
0.0	Procolophonichnium_Temperate_S	72.90123373194197	72.50568132023194
0.0	Procompsognathus	41.165916611972925	39.468600466203846
0.0	Proganochelys_Temperate_N	53.68056363028821	27.580970213174762
0.0	Proganochelys_Tropical_N	36.69486084937599	34.988679285798376
0.0	Prolacerta	76.85958353619206	72.54151292489652
0.0	Prolacertoides	76.5242570858374	76.18067911043865
0.0	Prosantosaurus	65.57941578991567	64.90871192718933
0.0	Prosaurosphargis	72.92452599348074	72.5435181120843
0.0	Protanystropheus	72.35863264827316	69.28648265419501
0.0	Protecovasaurus	50.932495580900635	33.82878063880624
0.0	Protenodontosaurus	60.24736422363363	58.799084266316605
0.0	Proteosaurus	25.500797156850936	23.99379816813281
0.0	Proterochampsa	55.488451168387755	53.941994706742115
0.0	Proterochersis	53.32713678822305	36.364172581243594
0.0	Proterosuchus_Temperate_N	76.87482049001105	76.61002317777381
0.0	Proterosuchus_Temperate_S	76.86583954482543	72.03847191172387
0.0	Protoavis	53.87304440178486	32.082971355997564
0.0	Protocaptorhinus	114.22758651195541	105.36351763959915
0.0	Protoichthyosaurus	26.049539527337213	25.12778346590363
0.0	Protome	35.486310506111096	33.60697392615301
0.0	Protorosaurus	85.94934802719803	78.80911628640881
0.0	Protorothyris	124.11552601158918	118.29730102771919
0.0	Protosuchus	29.360082702217166	24.074149320591545
0.0	Provelosaurus	92.12047570633166	89.39282697499675
0.0	Psephochelys	54.73476112407018	53.28609754326576
0.0	Psephoderma_Temperate_N	34.58030748313762	28.783864474951624
0.0	Psephoderma_Tropical_N	41.071774193386084	38.13744390044165
0.0	Psephoderma_Tropical_S	68.37226923730537	66.49103017181422
0.0	Psephosauriscus	72.00741128059977	62.97150051417945
0.0	Psephosaurus_Temperate_N	64.30272560801643	63.62318442797023
0.0	Psephosaurus_Tropical_S	71.9502473805006	66.78840783070022
0.0	Pseudhesperosuchus	41.86977507781515	40.25339779582853
0.0	Pseudochampsa	57.48822359564592	55.811755614255105
0.0	Pseudotetrasauropus_Temperate_N	44.195514972654095	42.43842731830312
0.0	Pseudotetrasauropus_Tropical_N	52.20200179354715	25.562368607210445
0.0	Pterodactylus	25.142477407804797	24.206048626097452
0.0	Pumiliopareia	82.48164633295269	82.37687536879544
0.0	Qianichthyosaurus	65.16680536617368	53.68176314121026
0.0	Qianosuchus	70.25329221107111	68.35172054016847
0.0	Qianxisaurus	64.58647746818534	63.92908661277679
0.0	Quasianosteosaurus	73.62226143110107	73.2352868383005
0.0	Raeticodactylus	37.88821611397695	36.16874711076585
0.0	Rautiania	83.1016437966323	82.41245948945885
0.0	Redondasuchus	44.49347976131677	32.97369342493907
0.0	Redondavenator	35.61901833356148	33.70199533048511
0.0	Revueltosaurus	53.38997993423967	32.72599211364085
0.0	Rhaeticosaurus	31.417527063811576	30.53574408992194
0.0	Rhipaeosaurus	92.65628500409959	85.71072512458235
0.0	Rhomaleosaurus	27.05416873449664	24.686971447024064
0.0	Rhombopholis	72.03969052981556	66.23906439192183
0.0	Rioarribasuchus	48.90688678500775	32.45030457394755
0.0	Riojasaurus	53.53183125907266	38.06291956708094
0.0	Riojasuchus	48.866838052155366	47.25959230950724
0.0	Romeria	123.35787409405117	122.5108121263912
0.0	Rothianiscus	97.76787808728281	89.78415300817716
0.0	Rotodactylus	35.59679154451451	33.699170309321524
0.0	Ruehleia	53.62376562672481	34.44082712086752
0.0	Rugarhynchos	45.9260524160237	44.24755742172032
0.0	Ruhuhuaria	67.68634094013493	66.97436002078454
0.0	Rutiodon	53.8300532593073	33.223230266299986
0.0	Sacisaurus	44.434547432860434	42.698884128505924
0.0	Saltoposuchus	44.86727577931087	37.69662731566748
0.0	Sanchiaosaurus	71.13509290849686	70.33199293299117
0.0	Sanchuansaurus	79.14970704204542	79.04536609842835
0.0	Sanjuansaurus	54.58277575945282	53.079301799099674
0.0	Santaisaurus	76.91161344142697	76.28190223432881
0.0	Sarcosaurus	25.373099253208423	24.469659097984344
0.0	Sarmatosuchus	69.9993901742465	69.2525722471861
0.0	Saturnalia	59.9815610122602	45.61651850527433
0.0	Saurischichnus	54.11028909306344	37.66619581117482
0.0	Saurodektes	76.89432392853429	75.23019534894233
0.0	Sauropareion	76.73634298417288	72.42649294267724
0.0	Sauropus	26.560545487710545	25.662251505726896
0.0	Saurorictus	80.45155959332182	80.3450569237679
0.0	Saurosternon	79.28727204006745	79.18091469172693
0.0	Saurosuchus	56.54209847613489	54.93174180236099
0.0	Scelidosaurus	25.85371771355982	24.962361725184753
0.0	Scharschengia	72.80854903857625	72.42598913128256
0.0	Schleitheimia	37.83368016676696	36.10105156551024
0.0	Sclerocormus	73.16376690629234	72.78003329636215
0.0	Sclerosaurus	72.54444919116368	69.29619604616683
0.0	Sclerostropheus	34.36252365584972	32.684391258761785
0.0	Scoloparia_Temperate_N	30.460436671572285	29.56565933367131
0.0	Scoloparia_Tropical_N	61.535432726413795	52.61511163281076
0.0	Scolotosuchus	73.72685759962859	73.34431867094374
0.0	Scutarx	53.667518389389045	32.006166713159395
0.0	Scutosaurus	90.1437771494686	82.30378166945638
0.0	Scythosuchus	75.72542732793556	75.3375189777692
0.0	Seazzadactylus	38.10636292101803	36.38314703822005
0.0	Selenichnus	26.87822135019672	23.48898297969759
0.0	Serpianosaurus	70.35418096669632	61.35259808537961
0.0	Shansisuchus	72.23357947199779	66.81620619489536
0.0	Shastasaurus_Temperate_N	41.32489107274884	39.58064410856028
0.0	Shastasaurus_Tropical_S	61.38822379512041	51.924883200992504
0.0	Shihtienfenia	79.19067561846823	76.81993196616328
0.0	Shonisaurus_Temperate_N	56.69788039108946	28.92514631998837
0.0	Shonisaurus_Tropical_N	53.261512160681654	42.47495190954394
0.0	Shringasaurus	72.47842850698908	66.58330531075872
0.0	Shuangbaisaurus	25.258978278103605	24.343969571186797
0.0	Shuvosaurus	52.7835722087704	26.30629816357232
0.0	Sigmala	61.41682641390695	52.868553588672455
0.0	Sikannisuchus	51.8383916626487	32.38051714536559
0.0	Silesaurus	55.14903627644525	53.606087537585175
0.0	Sillosuchus	59.56496677270745	57.98343612226231
0.0	Simosaurus_Temperate_N	67.14119958473742	29.740332244385304
0.0	Simosaurus_Tropical_S	68.5752667813201	67.83933473570292
0.0	Sinocyamodus	54.732087837787475	53.238791327494035
0.0	Sinosaurosphargis	69.67081190590956	68.59742555878493
0.0	Sinosaurus	26.319682950917986	24.37096912434552
0.0	Skybalonyx	48.987949246465654	47.23219090515756
0.0	Smilodonterpeton	31.844096247195548	30.961599946244746
0.0	Smilosuchus	53.760164636219166	33.7629399946711
0.0	Sophineta	74.52636142259448	74.13151243133966
0.0	Soturnia	42.861671943857715	34.0772329268968
0.0	Soumyasaurus	50.35407497316563	48.31994576253429
0.0	Sphenotitan	48.945056150075416	35.57774345659664
0.0	Sphodrosaurus	48.58171146189715	46.76224048199343
0.0	Spinosuchus	56.6682886457678	47.53817084279772
0.0	Spondylolestes	79.97059277903978	76.37194014901098
0.0	Spondylosoma	67.30822853278394	61.877511757679216
0.0	Stagonolepis_Temperate_N	57.735705597876766	51.36315524494742
0.0	Stagonolepis_Tropical_N	52.71242907869502	32.49101552128877
0.0	Stagonolepis_Tropical_S	39.89049209605865	38.22732343474126
0.0	Stagonosuchus	71.61679352146639	68.08743402029049
0.0	Staurikosaurus	62.246079956271394	61.18916654795257
0.0	Stauromatodon	63.28625180235773	62.47570490571136
0.0	Stegomus	51.18055113526473	35.78156187655991
0.0	Stenaulorhynchus	72.05179352746192	68.0444854740801
0.0	Stenomyti	52.97122114687141	51.01293296772757
0.0	Stenoscelida	47.512476681950595	45.84690741285692
0.0	Stereosternum_Antarctic	114.32819209380011	113.92991079764427
0.0	Stereosternum_Temperate_S	115.70068610861114	108.04344025209336
0.0	Styracocephalus	89.33836605221408	84.22118887573207
0.0	Syntarsus	30.225157192675148	29.308466205154094
0.0	Syntomiprosopus	43.73597513593242	41.92823759418417
0.0	Tachiraptor	25.140905169547338	24.244082281453586
0.0	Tanaisosaurus	76.00059460928291	75.62422513781608
0.0	Tanystropheus_Temperate_N	70.68832539652782	28.48820353376737
0.0	Tanystropheus_Tropical_N	70.06684030855718	62.92588704610343
0.0	Tanystropheus_Tropical_S	71.43958817160953	68.43702775749946
0.0	Tanytrachelos	51.568039037985585	32.59376311500831
0.0	Tarjadia	65.020339895782	61.47195100436884
0.0	Tarsodactylus	25.457924397057507	24.545468717634222
0.0	Tasmaniosaurus	76.76358278147335	76.01328029069523
0.0	Tawa	53.04070278522628	32.325990512590856
0.0	Taytalura	56.30839538287906	54.697157158537166
0.0	Technosaurus	39.376653027215866	37.61345897325253
0.0	Tecovasaurus	53.107152061218166	38.214850357269746
0.0	Tecovasuchus	53.53076428106028	34.916953773611986
0.0	Teleocrater	72.38309691573734	68.78942591480546
0.0	Temnodontosaurus	25.778111981588037	24.4434392885792
0.0	Teraterpeton	60.643435066326404	50.91021022348022
0.0	Teratophon	72.05182402741339	66.69955603396119
0.0	Teratosaurus_Temperate_N	71.53750095364772	45.77910859795741
0.0	Teratosaurus_Temperate_S	75.12704656193166	74.73855858531473
0.0	Termatosaurus	34.30503681652328	26.10182814509878
0.0	Terrestrisuchus	61.713225388254465	54.5181275990643
0.0	Tetrasauropus_Temperate_N	48.91136493962104	47.174918376751016
0.0	Tetrasauropus_Temperate_S	72.70088121145632	64.32098956318096
0.0	Teyujagua	72.69898348310818	72.3120021566476
0.0	Teyumbaita	48.13622672421597	32.54494591784721
0.0	Thadeosaurus	82.65976235747299	82.55533087706884
0.0	Thaisaurus	73.35631216256441	72.96736539572456
0.0	Thalassiodracon	34.4940982708166	23.892313554530986
0.0	Thalattoarchon	70.05951077359211	69.30629804620023
0.0	Thalattosaurus	71.96726819567856	67.74540302643688
0.0	Thecodontosaurus	72.61370871877166	25.330757191619735
0.0	Theledectes	70.90788784014174	70.14484518669606
0.0	Thelephon	71.34481944175802	70.53476880789302
0.0	Thelerpeton	72.46997135491702	67.16623806496308
0.0	Tholodus_Temperate_N	71.85275168877259	66.3007684377398
0.0	Tholodus_Tropical_N	65.86731116666503	65.2087444158265
0.0	Thuringothyris	115.35715480938484	106.27738252004907
0.0	Tichvinskia	75.70469947853259	72.16788665145704
0.0	Ticinosuchus	72.42736129500781	68.32996707360009
0.0	Tikisuchus	60.434322128959764	58.9192504758078
0.0	Timanophon	75.48002824811515	73.40907861466312
0.0	Toretocnemus	58.7079193528807	52.48982949748439
0.0	Trachelosaurus	71.95187643561547	71.14760279398863
0.0	Trialestes	59.72372947961049	50.28308642082669
0.0	Tricuspisaurus	27.955742444554303	27.031924696530247
0.0	Trihamus	25.347187932253444	24.466780012651185
0.0	Trilophosaurus	56.42741950294428	32.622342249922404
0.0	Tropidosuchus	66.91509588053039	61.33493506826961
0.0	Tuebingosaurus	44.76145953132819	43.02214690961225
0.0	Turfanosuchus	69.8395925160608	69.1121639787941
0.0	Typothorax	52.64285067478618	27.691820866759986
0.0	Uatchitodon	56.531171393549954	37.10253575562248
0.0	Unaysaurus	49.99979345712761	33.87889951553472
0.0	Unguinychus	42.168348485719136	40.44489987739373
0.0	Uralosaurus	70.75360326544497	67.9824740281389
0.0	Utatsusaurus	75.31990892075764	72.13135482223275
0.0	Vallesaurus	43.25028500697407	36.552954819646146
0.0	Vancleavea	59.5789139366632	29.195499196809894
0.0	Variodens	34.84692379752597	27.27874429889788
0.0	Vellbergia	63.27172526716995	62.472294476878
0.0	Velocipes	42.57188619325463	40.9322284649106
0.0	Venaticosuchus	57.24351025792721	55.590506204674796
0.0	Venetoraptor	63.14980185093674	44.16599558428445
0.0	Vinitasaura	59.172256336467136	57.612797734857
0.0	Vivaron	52.09857816779604	32.15867244470533
0.0	Vjushkovisaurus	72.3043957009077	66.9637327840552
0.0	Volcanosuchus	53.06290832786894	51.876156952391945
0.0	Vonhuenia	76.39831672158974	76.05125292400321
0.0	Vritramimosaurus	74.7659475187692	74.3738238638857
0.0	Vytshegdosuchus	76.0765663635841	75.7018006253668
0.0	Wahlisaurus	25.107689394652482	24.247666958419735
0.0	Waluchelys	42.21642515422729	40.489282712925785
0.0	Wangosaurus	65.57108326932156	61.98083707636464
0.0	Wannia	36.303912480033695	33.38372458802532
0.0	Wapitisaurus	75.5832957192969	75.199850518621
0.0	Weigeltisaurus	84.95538687165593	78.95120507779686
0.0	Whitakersaurus	31.353606918088598	30.469378760967654
0.0	Wimanius	71.88680501758722	71.04011178229008
0.0	Wumengosaurus	72.09694384764957	66.75351965208309
0.0	Xenodiphyodon	59.63802989644734	58.16023276741475
0.0	Xilousuchus	69.16990369812643	68.42619519123394
0.0	Xingxiulong	25.71653178860553	24.803780675868644
0.0	Xinminosaurus	69.22506249702992	68.50154570044754
0.0	Xinpusaurus	63.662907558108266	52.50001210701592
0.0	Xiphopeza	25.668458429813192	24.792609012749676
0.0	Yarasuchus	72.4898409842067	66.30223353596455
0.0	Yelaphomte	38.57003588144501	36.76242188860487
0.0	Yimenosaurus	26.696855574512828	24.25728216552373
0.0	Youngetta	74.34484051017515	73.9671253830123
0.0	Youngina	85.19403926034872	76.7413672719435
0.0	Youngosuchus	71.13214417883472	70.32110974242816
0.0	Yunguisaurus	67.21955064611709	63.07445113220673
0.0	Yunnanosaurus	26.85919811643194	23.802803133338983
0.0	Zanclodon	67.08964738643635	29.699223750050507
0.0	Zhongjiania	85.04183061403005	78.6372312692093
0.0	Zupaysaurus	36.493139637888845	34.670971830929055
