clade	species	ts	te
0.0	Abyssomedon	114.53137960731623	114.11926357313968
0.0	Acadiella	56.787548264463325	55.0780703794132
0.0	Acaenasuchus	47.44991967787878	33.16110666522172
0.0	Acallosuchus	51.016215850705166	48.88904143228437
0.0	Acerosodontosaurus	81.6965653314864	81.59061214276882
0.0	Acleistorhinus	99.87189251990965	98.56008819349884
0.0	Acrodenta	79.97370853801021	79.8703118768556
0.0	Actiosaurus	28.02906496690526	27.106860889460645
0.0	Adamanasuchus	36.42325355037232	34.84645929107412
0.0	Adelosaurus	80.60505476217446	80.49942548119316
0.0	Aenigmasaurus	74.87481400072377	74.45772426643154
0.0	Aenigmaspina	53.97639732879082	52.64707578663584
0.0	Aenigmastropheus	79.74435152899086	79.63877574907242
0.0	Aetosauroides	59.091635050457924	38.78511821161652
0.0	Aetosaurus	52.814143018997875	33.60970272062268
0.0	Agkistrognathus	75.52625167101311	75.11427280641486
0.0	Agnosphitys	52.90360849012543	51.30158203013907
0.0	Alexeyisaurus	47.60235217103974	45.909977053796446
0.0	Alwalkeria	53.45482698170618	52.17142946574636
0.0	Amanasaurus	55.0191889365828	36.111256414108745
0.0	Ammorhynchus	72.38491394087507	69.34470937330191
0.0	Ammosaurus	25.48946365744499	24.139759561843995
0.0	Amotosaurus	72.23865483719375	69.87878152846493
0.0	Anarosaurus	72.26675932358796	66.81212690878073
0.0	Anchisauripus_Temperate_N	42.94399200506344	23.334132607204236
0.0	Anchisauripus_Tropical_N	53.58920485382368	23.567699572501102
0.0	Ancistronychus	43.76296235032422	41.75849635578638
0.0	Angistorhinus	60.30881770893853	33.89043746154317
0.0	Anisodontosaurus	72.13656700952605	63.13256910768421
0.0	Anomoepus_Temperate_N	26.774417169376285	24.34883127967119
0.0	Anomoepus_Tropical_N	41.16202783416287	24.169817999630713
0.0	Anomoiodon	72.41972631146551	66.83947917630242
0.0	Anshunsaurus	64.29338303162756	51.683357447321775
0.0	Anthodon	83.50815272474286	78.75416997267375
0.0	Anticheiropus	25.859047378400962	24.96127823097057
0.0	Apachesuchus	44.43538011943833	42.416432023775435
0.0	Apatopus_Temperate_N	59.12866307537333	57.46766816911846
0.0	Apatopus_Tropical_N	52.78770875591304	25.611021509797066
0.0	Apatopus_Tropical_S	59.57029574297654	57.91697368266831
0.0	Apatosuchus	42.36590023260546	40.60434767489956
0.0	Aphelosaurus	122.10922034606138	121.07241120036811
0.0	Araeoscelis	115.78516629080517	96.56072821212248
0.0	Archeopelta	66.672124553705	65.96265122344401
0.0	Archosaurus	85.71177142308026	81.42535218636716
0.0	Arcticodactylus	46.55909591205294	44.85395241966277
0.0	Arganaceras	83.64180999013963	83.53485535000542
0.0	Arganasuchus	59.31684294757037	50.929817342515285
0.0	Argoides	26.567195079504774	24.004011042931563
0.0	Arizonasaurus	72.35307777778519	69.28370023577378
0.0	Asilisaurus	72.19963552766106	67.1880034201576
0.0	Askeptosaurus	67.86333239721043	60.73299524610688
0.0	Asperoris	72.20435456769268	71.52107691637258
0.0	Asylosaurus	31.127533079612803	27.31712360387191
0.0	Atopodentatus	70.0573981001974	69.17053483975607
0.0	Atreipus_Temperate_N	58.31043454805271	56.76103483282517
0.0	Atreipus_Tropical_N	54.01719137875304	44.45805366325598
0.0	Augustaburiania	75.36672711941195	74.18625849926677
0.0	Augustasaurus	68.77685916736682	68.0443322747907
0.0	Australothyris	87.46358509332923	86.94181308278216
0.0	Austriadactylus	38.83107042115375	34.83601790738282
0.0	Austriadraco	36.87347188421281	35.31664657829083
0.0	Avalonnectes	25.154954883950683	24.25652867936422
0.0	Avicranium	27.932008798977762	27.02783661627292
0.0	Azendohsaurus	55.764307307776306	54.18999674292985
0.0	Baeotherates	110.3940020852502	110.13036597496502
0.0	Baisesaurus	73.30063741182659	72.87472692843104
0.0	Barasaurus	85.92363327295512	73.4716850605488
0.0	Barberenasuchus	64.08938113206239	63.425415856772894
0.0	Barracudasauroides	69.72204619369082	67.02238642645008
0.0	Barracudasaurus	71.37621693168995	69.34730170877218
0.0	Barrancapus	44.78385432681843	42.80996723024075
0.0	Bashkyroleter	98.0538704322773	88.83197522828212
0.0	Batrachopus_Temperate_N	68.90675849866635	24.685507727314786
0.0	Batrachopus_Tropical_N	43.45230213994174	24.058824081142454
0.0	Batrachotomus	64.6608930130661	61.11829646375809
0.0	Belebey	92.8745071485589	89.04565489331168
0.0	Benggwigwishingasuchus	69.64758336670809	68.90266851065986
0.0	Bentonyx	71.99699447421331	71.19815903744036
0.0	Bergamodactylus	40.850292483748234	39.26778053997459
0.0	Besanosaurus	67.20727359919462	66.41804966441691
0.0	Blezingeria	70.38343532546568	69.62891999462103
0.0	Blomosaurus	76.53072841195957	76.1678471037497
0.0	Bobosaurus	59.673164340475836	58.08871820959014
0.0	Bolosaurus	122.3116138457232	100.12703035200592
0.0	Boreopricea	73.54548131249511	72.86656925117495
0.0	Brachychirotherium_Temperate_N	53.82775550716159	52.54897729381844
0.0	Brachychirotherium_Tropical_N	53.93564964519253	28.15624247929427
0.0	Brachychirotherium_Tropical_S	54.43501698620101	50.98522952121766
0.0	Bradysaurus	89.60809059315922	84.61129007581974
0.0	Brasinorhynchus	66.46139304553095	64.68096752568451
0.0	Brazilosaurus	116.24311458337719	107.57783681597496
0.0	Bromsgroveia	72.54115906055226	67.36141623088476
0.0	Broomia	90.16156010786781	84.5971562756445
0.0	Bunostegos	77.71367535675928	77.6106074416293
0.0	Buriolestes	60.70015727753365	31.992081635299794
0.0	Bystrowisuchus	75.05914277479849	74.64079847991673
0.0	Callawayia	53.52289939967244	35.1567315631693
0.0	Calyptosuchus	61.81124211310891	33.20713543924944
0.0	Camelotia	34.42737710413825	26.43843985536022
0.0	Camposaurus	41.797710665881006	40.15323649864228
0.0	Candelaria	67.42633363364301	62.20261249063725
0.0	Captorhinikos	108.41047907061586	97.5813265589552
0.0	Captorhinoides	108.2329905962014	100.8256662780717
0.0	Captorhinus_Temperate_S	83.16566278752259	83.05803048696907
0.0	Captorhinus_Tropical_N	110.60343827831993	98.0476666561441
0.0	Captorhinus_Tropical_S	115.60036518826809	99.26303311970767
0.0	Cargninia	48.338394585002725	46.5951050006056
0.0	Carnufex	61.93250382633513	60.722739595498346
0.0	Cartorhynchus	72.49388424106851	72.05608000726141
0.0	Caseosaurus	37.7882301945148	36.223284092644455
0.0	Caviramus	30.10762395483448	29.198662956717147
0.0	Ceresiosaurus	67.14402110262937	61.05993855023128
0.0	Chalishevia	67.73758018162604	61.117080862820075
0.0	Chanaresuchus	65.65119041869367	62.56078867501851
0.0	Chaohusaurus	74.61144114857595	64.63549756284263
0.0	Chasmatosuchus	76.83523657608148	72.48366818139823
0.0	Chelyoposuchus	28.684483736881184	27.790370283173896
0.0	Chinchenia	66.34941580333204	65.66165063690809
0.0	Chindesaurus	54.43781082694805	34.688075825420505
0.0	Chinshakiangosaurus	25.04695250671738	24.142027364601724
0.0	Chirotherium_Temperate_N	60.72358610256241	25.742762070094074
0.0	Chirotherium_Temperate_S	67.7750575351874	65.25574228876653
0.0	Chirotherium_Tropical_N	77.02917753987506	38.29808499593982
0.0	Chromogisaurus	59.19928684045939	57.618075776560154
0.0	Clarazia	68.57892786354189	67.85678961775942
0.0	Claudiosaurus	84.43998955113138	77.23936094680552
0.0	Clevosaurus_Temperate_N	61.88273577313832	23.970261651692738
0.0	Clevosaurus_Temperate_S	59.29601469772829	33.115561006093984
0.0	Coahomasuchus	57.94376198796821	34.08473164047346
0.0	Coartaredens	71.75761547332863	66.16249980527479
0.0	Coburgosuchus	51.615644480263065	49.427815596459396
0.0	Coelodontognathus	75.26973179567972	71.92925528935973
0.0	Coelophysis_Tropical_N	52.25512006761868	25.616737741664988
0.0	Coelophysis_Tropical_S	48.17972604799317	46.228524124143995
0.0	Coelurosauravus_Temperate_N	80.44715610514477	80.3407613429525
0.0	Coelurosauravus_Temperate_S	83.02323052935344	78.37870608292145
0.0	Coelurosaurichnus_Temperate_N	72.39472637375691	25.84030125228198
0.0	Coelurosaurichnus_Tropical_N	70.98250094053907	38.36114828125308
0.0	Coelurosaurichnus_Tropical_S	60.785379615780144	56.18483597296461
0.0	Coletta	73.33309700919352	72.91447397162227
0.0	Collilongus	72.87890617042129	72.4589941307977
0.0	Colobomycter	113.72736139924851	107.75728605375954
0.0	Colobops	36.87522783355526	35.367758188454744
0.0	Coloradisaurus	47.64786687461125	32.690832168379735
0.0	Coloradisuchus	42.642014455366656	40.99276278930929
0.0	Concavispina	54.429972724548136	52.96522850602475
0.0	Contectopalatus	69.95544246308255	69.20092414458746
0.0	Corosaurus	73.60252768343923	71.9496373490828
0.0	Cosesaurus	63.964912322135035	63.240992969480715
0.0	Crosbysaurus	52.25050598232463	34.076265680345365
0.0	Ctenosauriscus	73.9416061091113	73.51633972700833
0.0	Cyamodus	70.49265748164026	50.92806029644906
0.0	Cymatosaurus	70.68554453734819	66.52937323966529
0.0	Cymbospondylus_Temperate_N	70.96393237078406	60.77208461390914
0.0	Cymbospondylus_Tropical_N	76.49663247231692	61.15124764720721
0.0	Czatkowiella	74.26898681603821	73.85090348104157
0.0	Dactylosaurus	72.35018038491361	68.6943603737128
0.0	Daemonosaurus	33.48492243816683	32.49141948238752
0.0	Dagasuchus	60.25683669466693	58.63055067064349
0.0	Dawazisaurus	69.63221742883792	68.8856046245448
0.0	Decuriasuchus	71.18604821531869	63.29562938983801
0.0	Delatorrichnus	26.413556709798836	25.562868797640785
0.0	Delorhynchus	109.6512253594176	106.75717897879177
0.0	Deltadectes	41.91497712914082	27.431441648974943
0.0	Deltavjatia	89.48372406983167	84.66216209603718
0.0	Desmatosuchus	54.911862344493834	35.10921205815236
0.0	Diandongosaurus	70.07818170140584	69.31420392092606
0.0	Diandongosuchus	62.51006801438785	61.34295400642012
0.0	Dianmeisaurus	69.92446198491909	67.30402653595766
0.0	Dianopachysaurus	69.53761949449145	68.81413962884756
0.0	Dimetropus	115.99488083528003	107.74749295499421
0.0	Dimorphodon	26.156094126502328	25.269950611794727
0.0	Dinocephalosaurus	70.04177276602016	68.49954696318463
0.0	Diphydontosaurus_Temperate_N	62.73483588582737	25.932813652481556
0.0	Diphydontosaurus_Tropical_N	39.56095780291285	38.00935529979573
0.0	Diphydontosaurus_Tropical_S	45.90696716934142	44.004362508867885
0.0	Dolabrosaurus	38.768756519872	37.137894379496565
0.0	Dolerosaurus	53.9268129390297	52.57545829869495
0.0	Dolichobrachium	60.04970077983617	58.576141336196166
0.0	Doliovertebra	70.35297660503021	69.5965478642261
0.0	Dongusuchus	72.59342291462181	66.34731070144052
0.0	Dorosuchus	69.90841310914738	68.86769526715312
0.0	Doswellia	62.610662171749134	32.692559166343315
0.0	Dracoraptor	25.169715849671185	24.30122826218317
0.0	Drepanosaurus_Temperate_N	41.8734815629529	40.30118535925676
0.0	Drepanosaurus_Tropical_N	47.718532113928845	27.778925225116495
0.0	Dromomeron_Temperate_S	45.13602251616856	43.152683544334934
0.0	Dromomeron_Tropical_N	48.43868555958872	29.397123064368316
0.0	Dromomeron_Tropical_S	51.01610363256105	39.60627238679087
0.0	Dyoplax	60.62329098326395	59.20106510239225
0.0	Ebrachosuchus	60.7614640533114	59.263352154341916
0.0	Effigia	31.484907819019032	25.583795823496043
0.0	Efraasia	43.66955499073769	37.17266159563762
0.0	Eifelosaurus	71.09883656724936	70.30056743547466
0.0	Elachistosuchus	27.734298685186644	26.862246947647886
0.0	Elessaurus	73.40641533606538	72.98967040193186
0.0	Elginia	78.54033038839727	76.51424389715503
0.0	Embrithosaurus	90.42974011504357	84.85207229406863
0.0	Emeroleter	89.54169296047827	85.44068546739186
0.0	Endennasaurus	41.90308138680631	40.247052448813434
0.0	Energosuchus	65.96460747783813	63.579138406511646
0.0	Eodromaeus	53.713464102551036	52.437248412447474
0.0	Eohupehsuchus	72.56182487946519	72.12081194848462
0.0	Eohyosaurus	71.87467403662002	68.671864461699
0.0	Eomurruna	76.89963094484	76.14782266160775
0.0	Eoplesiosaurus	25.95469852309171	25.06057714379945
0.0	Eoraptor	62.23344571445584	58.21549363014053
0.0	Eorasaurus	85.18967044522437	84.78942345545991
0.0	Eorhynchochelys	54.69777404153862	53.23438225617826
0.0	Eosauropus_Temperate_N	43.86880935644878	39.94690560227641
0.0	Eosauropus_Tropical_N	48.84249692821128	35.87794915564442
0.0	Eretmorhipis	63.780793629542025	63.07977718647311
0.0	Erpetosuchus	46.54527167188691	44.83227911581354
0.0	Erythrosuchus	72.06665999146563	66.94125131731722
0.0	Erythrovenator	60.86150376693238	59.464558876262174
0.0	Eshanosaurus	25.13593859481118	24.26881298859796
0.0	Eubrontes_Temperate_N	53.022402230527184	23.732093250684958
0.0	Eubrontes_Tropical_N	51.32148206542594	24.225544556435032
0.0	Eucoelophysis	37.72608197040217	30.226896596536733
0.0	Eudibamus	113.95930483242523	113.6750717717356
0.0	Eudimorphodon	46.05378029388635	26.049870818149646
0.0	Eumetabolodon	76.2216160082132	66.50489601080649
0.0	Eunotosaurus	89.14976659621071	85.20465541429176
0.0	Euparkeria	71.81863956954697	66.74104130727281
0.0	Eurhinosaurus	25.34335109207861	24.459134187628926
0.0	Eurycleidus	26.82193787620816	25.908067506518165
0.0	Eusaurosphargis	72.43597966944762	61.057818079759606
0.0	Euscolosuchus	61.06736334604209	59.74167983842446
0.0	Evazoum	58.973183456197155	27.830506348246537
0.0	Fasolasuchus	52.86777168288757	50.8011035808098
0.0	Faxinalipterus	42.84634380898819	32.138809018765656
0.0	Feeserpeton	110.12035184045641	109.8565198904702
0.0	Feralisaurus	67.75953522954957	67.07009099169176
0.0	Fodonyx	72.30461707170859	66.98930293957535
0.0	Fraserosphenodon_Temperate_N	55.468946851738934	53.91970081720257
0.0	Fraserosphenodon_Tropical_S	49.7885234577321	47.94790686675049
0.0	Fraxinisaura	63.47035127866826	62.77767410860687
0.0	Fugusuchus	67.65917191520028	66.97250627942691
0.0	Fuyuansaurus	66.3300484548131	65.64001453553811
0.0	Galesphyrus	82.60493808528646	80.72431845538452
0.0	Gamatavus	64.56063987547998	60.582493423547334
0.0	Gansurhinus	97.25388167586797	82.7691556919376
0.0	Garjainia_Temperate_N	76.30214811003088	71.976329650605
0.0	Garjainia_Temperate_S	75.83583832758156	71.81423467430305
0.0	Garzapelta	38.4793171737614	36.93852868441584
0.0	Gecatogomphius	100.22317316690136	92.5690578406212
0.0	Gephyrosaurus	31.834173167459323	26.974874600119737
0.0	Glaurung	82.15228585270927	82.04581911133914
0.0	Glyphoderma	64.6278910525831	63.990953702761026
0.0	Gnathovorax	58.74691470206202	39.490251907472924
0.0	Gojirasaurus	35.85331147118444	34.18985998482979
0.0	Gomphiosauridion	54.55900934430466	53.17251183009504
0.0	Gorgetosuchus	61.88308374664652	60.77018936073489
0.0	Gracilisuchus	66.86630646620274	60.28967989538177
0.0	Grallator_Temperate_N	61.627837440686534	23.84209841672836
0.0	Grallator_Temperate_S	57.092103003733605	33.59761201357923
0.0	Grallator_Tropical_N	62.079619587700506	24.172041231133925
0.0	Graoullyodon	27.46907896382096	26.62506867382966
0.0	Gregaripus	53.01205292750363	37.5166759874215
0.0	Gresslyosaurus	53.34778251617523	31.908483406446134
0.0	Grippia	76.08837630528011	72.32854631277002
0.0	Guaibasaurus	53.78834553103159	33.255440656125295
0.0	Gualosuchus	65.69199981760029	61.3552282883149
0.0	Guanlingsaurus	58.41125962108716	50.889901117361376
0.0	Guchengosuchus	70.49487213756362	69.73605572458368
0.0	Guizhouichthyosaurus	67.58387911357437	55.22094586716922
0.0	Gulosaurus	76.34484029703043	74.31574614426098
0.0	Gunakadeit	35.91935683969457	34.34659264965692
0.0	Gwyneddichnium	53.09784386569762	28.90274599837628
0.0	Gyposaurus	26.639385115573525	25.644309825002587
0.0	Halazhaisuchus	69.50841817807614	68.74109681752346
0.0	Haligonia_Temperate_N	31.10892373051715	29.01190520286429
0.0	Haligonia_Tropical_N	55.16857535592176	53.684200978049255
0.0	Hanosaurus	75.22354673399362	74.80833070819129
0.0	Helcura	26.954866442380162	23.876178083964685
0.0	Helveticosaurus	68.02017196442785	67.31076049472952
0.0	Hemilopas	73.40047893299045	69.17754795063708
0.0	Hemiprotosuchus	52.29618568882103	39.559404112714084
0.0	Heptasuchus	54.845343720269796	53.41892006535784
0.0	Herrerasaurus	62.0988043906635	51.65121977569493
0.0	Hescheleria	67.47291869905871	66.77081878001914
0.0	Hesperosuchus	53.76268026791299	25.47733657841775
0.0	Heterodontichnites	60.8085814458976	35.86574252202302
0.0	Heteropelta	71.80574775060356	70.98685894116801
0.0	Himalayasaurus	39.332187915384914	37.72148985400216
0.0	Hispaniasaurus	63.6452428707196	62.93659341219769
0.0	Honghesaurus	69.27948346467062	68.54118896978294
0.0	Horaffia	65.2573742430928	61.051502729360855
0.0	Hovasaurus	84.64692404718342	75.50375363565941
0.0	Howesia	71.57799345497351	67.42960913955937
0.0	Hudsonelpidia	44.771001854885455	42.859174429665025
0.0	Hupehsuchus	75.17723656599877	64.59835082012097
0.0	Hwiccewyrm	62.28109832555832	51.23013095424839
0.0	Hyloidichnus	80.25379785400703	76.43778699119656
0.0	Hyperodapedon_Temperate_S	61.88020575653372	33.117240855554925
0.0	Hyperodapedon_Tropical_N	59.83371733546089	51.82325555740294
0.0	Hypselorhachis	69.31585618886349	68.58390231454615
0.0	Hypsognathus_Temperate_N	30.324589767667145	29.465335136499778
0.0	Hypsognathus_Tropical_N	59.883712484649884	29.268032514662103
0.0	Hypuronector	52.38713530482155	37.27011648343111
0.0	Icarosaurus	38.77217565679876	37.25937358462461
0.0	Ichthyosaurus_Temperate_N	33.332681583994635	24.45722266777957
0.0	Ichthyosaurus_Tropical_N	51.735794151690556	35.49873456757194
0.0	Ichthyotitan	31.265565757870075	30.39873690603662
0.0	Idiosaura	53.6194400183078	52.452261152505145
0.0	Ignotosaurus	57.06919958057561	55.41117014696361
0.0	Incertovenator	53.04445718395292	51.96108502565827
0.0	Ingentia	42.63543516659289	41.001768951539994
0.0	Isfjordosaurus	73.11496018448557	72.69016686550322
0.0	Ixalerpeton	60.184794079823426	47.45149379475667
0.0	Jaklapallisaurus	35.18032464068303	33.49627033452607
0.0	Jaxtasuchus	65.09367597316057	60.74104484854282
0.0	Jesairosaurus	67.974114876486	67.25754258429868
0.0	Jingshanosaurus	26.5934085068353	24.493319091112667
0.0	Jushatyria	71.02563592117514	70.2130718875145
0.0	Kadimakara	76.76894910928164	76.41790783315388
0.0	Kalisuchus	76.60145257072288	76.25766340952248
0.0	Kapes_Temperate_N	76.19100862497142	69.01340026371543
0.0	Kapes_Tropical_N	72.2066993804752	68.58779048874283
0.0	Kayentapus_Temperate_N	26.734062138781866	24.143005655282906
0.0	Kayentapus_Tropical_N	53.20369312459486	25.47466706424035
0.0	Keichousaurus	73.4508953344382	60.82783217707202
0.0	Kholumolumo	53.545997182585424	39.01292442454126
0.0	Kinelia	84.7809876640676	84.43309230192078
0.0	Kintneria	50.85086884830391	33.107545146753615
0.0	Kitchingnathus	76.25754995779704	75.85858849541002
0.0	Kocurypelta	36.08856937114854	34.49188055160534
0.0	Koiloskiosaurus	71.94819715958374	71.16321521284226
0.0	Komlosaurus	26.547590554724387	24.287081733192693
0.0	Krzyzanowskisaurus	61.99732998998366	35.563458092969036
0.0	Kudnu	76.68045707752215	76.07990179251306
0.0	Kuehneosaurus	62.0385038606428	32.0466643421977
0.0	Kuehneosuchus	29.996946655257098	29.100746261244762
0.0	Kuruxuchampsa	59.98553557891609	58.43182483990536
0.0	Kwangsisaurus	76.13322411840912	71.380605455627
0.0	Labidosaurikos	108.16349502961741	97.82302915499825
0.0	Labidosauriscus	116.37170041399055	105.66867061414173
0.0	Labidosaurus	108.43062451739542	97.87629112579695
0.0	Lagerpeton	67.55852138989749	61.146131718598966
0.0	Lanceirosphenodon	43.85348785475194	41.802965107496256
0.0	Langeronyx	72.220535477663	67.00278670591635
0.0	Langobardisaurus	43.44427202761666	35.851473971330265
0.0	Lanthaniscus	93.14470437515253	89.03977870443745
0.0	Lanthanolania	90.35572783831336	89.61375549161556
0.0	Lanthanosuchus	85.59300076725215	85.12954993668711
0.0	Laquintasaura	25.710253594011693	24.841252565020564
0.0	Largocephalosaurus	69.68799371646432	68.58914206133778
0.0	Lariosaurus	72.63647210340167	61.39193974341468
0.0	Lasasaurus	75.59895708750994	75.18771626983705
0.0	Lavinipes	25.86327919516611	24.75196955109547
0.0	Lepidus	41.171383546720506	39.64679155891786
0.0	Leptonectes	26.23689299819559	24.926747400519446
0.0	Leptosuchus	52.60974788694096	33.37869108455562
0.0	Lessemsaurus_Temperate_S	53.017135190442566	33.15408190146183
0.0	Lewisuchus	66.37309168639132	53.7798468344181
0.0	Libognathus	51.9120643073714	49.65165364950878
0.0	Liliensternus	53.78964896929187	25.336573291896606
0.0	Lindwurmia	26.715940483122225	25.83032455384664
0.0	Litorosuchus	64.80661785563736	64.14974512995087
0.0	Lophostropheus	26.98578716253219	26.100766833597625
0.0	Lotosaurus	71.99841673265291	66.84190652234973
0.0	Lucasuchus	59.16978896264517	54.321779915139395
0.0	Lucianosaurus	43.53255702347634	41.391085885246646
0.0	Lucianovenator	47.058289357869576	45.472049921868575
0.0	Lufengosaurus	26.89208195088445	24.01655972679536
0.0	Lukousaurus	26.46680383369867	24.329318784575506
0.0	Luopingosaurus	69.71662680954148	68.95338482854514
0.0	Luperosuchus	64.33047791459651	61.17197719429798
0.0	Macgowania	43.67618615348179	32.05553954271284
0.0	Machaeroprosopus	52.48411499224583	26.21111363280704
0.0	Macrocnemus	71.39552963150996	61.67334453430656
0.0	Macrocollum	47.19992059157033	42.29339883641565
0.0	Macroleter_Temperate_N	93.98937169059202	89.50320495971344
0.0	Macroleter_Tropical_N	92.33476986946383	91.46902155127768
0.0	Macroplacus	31.71881202913172	30.87715681625703
0.0	Macroplata	26.65776305393143	25.786893006340854
0.0	Maehary	45.84740587265704	36.964328456922146
0.0	Majiashanosaurus	73.24844192426113	72.82107939855284
0.0	Malerisaurus	46.282966622192454	33.63855859271058
0.0	Malutinisuchus	64.75149407511039	62.636362082905244
0.0	Mambawakale	68.03549125784221	67.32181260437072
0.0	Mandaphon	71.07906996696072	70.29890945655099
0.0	Mandasuchus	72.19968772060592	69.15808169955022
0.0	Marasuchus	67.29973151500043	59.569724488887296
0.0	Marcianosuchus	72.0141581310073	71.23222721417906
0.0	Massospondylus	61.231597284079434	59.87187316904992
0.0	Mbiresaurus	61.98603555743595	52.37885988691521
0.0	Megachirella	68.35101226592981	67.62753365262837
0.0	Megalancosaurus	42.11196751097382	32.70347037436351
0.0	Megalosauripus	25.767889543351526	24.88402055847582
0.0	Megalosaurus	32.23200224189225	31.360085424455622
0.0	Megapnosaurus	25.335432728443717	24.440537545268135
0.0	Mehliella	57.40808523326851	55.80612446840392
0.0	Melanorosaurus	45.389643779963684	43.50253597333333
0.0	Merriamosaurus	73.94812746269369	73.52528556607014
0.0	Mesodapedon	69.2609530430506	68.51211109759754
0.0	Mesosaurus_Antarctic	115.95354249745282	106.1380874665062
0.0	Mesosaurus_Temperate_S	115.560159845131	108.30177059383298
0.0	Mesosuchus	72.26608679890575	67.85241945653183
0.0	Metamosaurus	109.47931670474597	109.12972710616583
0.0	Metashastasaurus	46.654797808619335	33.85118495872758
0.0	Microcnemus_Temperate_N	76.8604592697739	72.72320668775939
0.0	Microleter	111.16894104723062	110.90699023499924
0.0	Micromenodon	57.13025982394109	55.480402020069235
0.0	Microsphenodon	52.85281608335084	49.11566529249181
0.0	Mikadocephalus_Temperate_N	63.047375900534675	62.18340197565988
0.0	Mikadocephalus_Tropical_N	66.95221094481442	66.2093504640257
0.0	Milleretta	85.84372472095168	76.36530034833488
0.0	Millerinoides	81.97748124212328	81.87137199316543
0.0	Milleropsis	84.91354853909446	76.29786116274408
0.0	Millerosaurus	83.85997732675672	80.95652135697753
0.0	Miodentosaurus	60.270323863721956	55.14270117987744
0.0	Mixosaurus	72.31626234540586	62.85772139470087
0.0	Moradisaurus	82.60452764917889	76.26800441277034
0.0	Mystriosuchus_Temperate_N	53.895358125800584	25.12515910425581
0.0	Mystriosuchus_Tropical_N	44.09376411335305	33.21694252172809
0.0	Nambalia	46.349056472462465	33.491016273774676
0.0	Nanchangosaurus	73.36507657451101	67.57111424321317
0.0	Nanoparia	84.34318517189426	81.22130502849386
0.0	Neoaetosauroides	53.540522498527146	33.263106796903244
0.0	Neoprocolophon	68.22187600912842	67.47987904449244
0.0	Neusticosaurus	70.54839015331373	63.40604534876632
0.0	Nhandumirim	54.41877166989461	38.832082904279
0.0	Nicrosaurus_Temperate_N	52.26690697579582	33.22839805959937
0.0	Nicrosaurus_Tropical_N	39.00280594706817	37.47070870695705
0.0	Nochelesaurus	88.80633404940552	85.38714166977945
0.0	Notatesseraeraptor	36.0505479676133	34.47585540062972
0.0	Noteosuchus	76.76849685450402	76.468766360179
0.0	Nothosaurus_Temperate_N	72.34737832704832	31.3050587096976
0.0	Nothosaurus_Tropical_N	71.97075680492802	61.39701377282516
0.0	Nothosaurus_Tropical_S	74.99781777838174	61.960437842591055
0.0	Nundasuchus	69.37582593301399	68.58874702539978
0.0	Nyasasaurus	72.42893504413783	66.52097105002268
0.0	Nycteroleter	96.58316843568963	91.88906704962288
0.0	Nyctiboetus	101.60207447422141	92.39512074315289
0.0	Nyctiphruretus	98.2713376630533	83.82586578913171
0.0	Obirkovia	89.0774826463588	83.66229754296873
0.0	Odontochelys	58.353954462939015	53.07408676289506
0.0	Omphalosaurus_Temperate_N	74.0886907290415	60.36139603555972
0.0	Omphalosaurus_Tropical_N	73.48708147577312	62.211335347841136
0.0	Opisthodontosaurus	115.89198465222562	109.6088770913913
0.0	Orenburgia	76.23832094383214	71.86793728348826
0.0	Orovenator	112.6212004437314	105.5602494210197
0.0	Oryctorhynchus	61.63067406690493	53.846149402237266
0.0	Oryporan	75.25704982866988	74.43386263407606
0.0	Osmolskina	74.31280625833008	73.88736574625368
0.0	Otozoum	41.97171885570409	40.38553466397227
0.0	Owenetta	85.66932709129533	74.63995365179453
0.0	Ozimek	56.51234304816524	54.53360314996298
0.0	Pachypes	77.4010031618225	77.2743591962679
0.0	Pachypleurosaurus	65.1903290737407	60.91531369765359
0.0	Pachystropheus	31.697561746143688	27.900117633154977
0.0	Palacrodon_Temperate_S	76.28142915691917	70.49852133043407
0.0	Palacrodon_Tropical_N	41.92401816310665	33.69326636083274
0.0	Palaeagama	77.92884625938936	77.82458790199244
0.0	Palaeochersis	52.9229853988102	33.00309706457244
0.0	Palaeosaurus	59.30643188887119	57.69125766516485
0.0	Palatodonta	69.19339558030299	68.4544951345032
0.0	Paleollanosaurus_Temperate_N	31.003172725803296	30.118144167191296
0.0	Paleollanosaurus_Tropical_S	50.97885425815973	48.83336449037081
0.0	Paliguana	72.82332484845777	72.40010784217144
0.0	Pamelaria	71.76529769224412	68.86896702552409
0.0	Pamelina	74.43808888025558	74.01236711121999
0.0	Pampadromaeus	58.17084734664806	41.385614021395085
0.0	Panguraptor	25.241329972344694	24.345362202548042
0.0	Panphagia	56.81339331476773	55.22168920384828
0.0	Pantydraco	61.83470419007227	60.84459871850729
0.0	Panzhousaurus	70.03506855493808	69.28229906421896
0.0	Pappochelys	64.19736680382147	63.54977252651353
0.0	Parabrontopodus_Temperate_N	26.693588818914655	24.02361182059375
0.0	Parahupehsuchus	72.89763462486516	72.47684738290852
0.0	Paralonectes	76.40484384544487	68.88910783456403
0.0	Paraplacodus	72.26001924027959	62.07572450495572
0.0	Pararcus	70.98438172874678	70.1955247502458
0.0	Parasaurus	85.96486971811298	80.80148341663185
0.0	Parasuchus_Temperate_N	74.9405521499572	53.754022727302676
0.0	Parasuchus_Temperate_S	59.1122582754081	54.84356488011649
0.0	Parasuchus_Tropical_N	60.40884515897	42.40035976017653
0.0	Parasuchus_Tropical_S	50.79474802237839	37.07749882232304
0.0	Paratypothorax_Temperate_N	48.905911199300505	34.26344324875054
0.0	Paratypothorax_Tropical_N	51.25243657358197	34.14593795159939
0.0	Paratypothorax_Tropical_S	48.86342190810211	47.067471676813426
0.0	Pareiasaurus	90.48128298996666	78.46856142080198
0.0	Pareiasuchus	89.04698484138201	79.2446538564181
0.0	Parringtonia	67.65355664172452	66.98119508475467
0.0	Partanosaurus	63.90168844669949	63.23056066856428
0.0	Parvinatator	72.85857096496473	72.42975576506812
0.0	Parvosuchus	66.39600855695417	65.71305809347585
0.0	Pectodens	69.17407445367574	68.42877524561392
0.0	Pelecymala	61.47963919226886	55.44241936270182
0.0	Pendraig	60.339930458353074	58.86790995439806
0.0	Pentaedrusaurus	71.50663290060012	70.68784812209678
0.0	Permotriturus	91.62196333594031	90.7981717272469
0.0	Pessopteryx	74.11449270309657	69.61072723975819
0.0	Peteinosaurus	44.89515613105767	36.7553378182904
0.0	Phaanthosaurus	76.93861876535956	76.21338229988582
0.0	Phalarodon_Temperate_N	76.44173540189648	63.56461397751151
0.0	Phalarodon_Tropical_N	70.45736755377821	62.70431161256383
0.0	Phantomosaurus	68.31691402822011	67.59941894868993
0.0	Phonodus	76.38991741544542	76.01597443206046
0.0	Pisanosaurus	59.422002844495886	57.83578869393506
0.0	Pistosaurus	72.79016714489791	61.697976736021474
0.0	Placochelys	61.13282395992652	32.68655457003819
0.0	Placodus_Temperate_N	70.82529668885444	62.46828896953888
0.0	Placodus_Tropical_N	70.09242647248848	66.3067794736044
0.0	Placodus_Tropical_S	70.62954061145786	65.26573060712505
0.0	Planocephalosaurus_Temperate_N	62.139906719808096	27.3050293786627
0.0	Planocephalosaurus_Tropical_S	49.29766886457483	47.30942123811944
0.0	Plateosauravus	47.873402317384006	34.73014520875928
0.0	Plateosaurus_Temperate_N	52.647670888585566	25.913696368220126
0.0	Plateosaurus_Temperate_S	53.458176275824385	34.22747143585397
0.0	Platypterna	43.107742620786524	24.228036420244987
0.0	Plectropterna	26.766096972871207	24.456745604760936
0.0	Plesiornis	26.667604601301026	25.746120326739327
0.0	Plesiosaurus	34.23750197083667	24.138111868950073
0.0	Polesinesuchus	60.65592469691839	59.196542011313106
0.0	Polonosuchus	52.904863566179294	51.71434108097458
0.0	Polymorphodon	64.26643944350397	63.610960710945555
0.0	Poposaurus	62.749234016809524	25.61234286899909
0.0	Postosuchus	55.84171180867431	25.84792709191461
0.0	Powellvenator	41.77558859587388	40.17080977487634
0.0	Pravusuchus	38.331058598331246	36.761116006499215
0.0	Preondactylus	40.52809410375013	36.27833314859306
0.0	Prestosuchus	67.61481524973225	52.459458545654996
0.0	Procerosuchus	62.82858814895235	61.87170933763397
0.0	Procolina	74.89594813320923	74.4773618347633
0.0	Procolophon	76.94981108271718	72.08879923197368
0.0	Procolophonichnium_Temperate_N	71.81139717390496	68.62521943405673
0.0	Procolophonichnium_Temperate_S	76.08191124263669	75.68299066916309
0.0	Procompsognathus	42.29426710076992	40.66917497935159
0.0	Proganochelys_Temperate_N	50.58373434426673	28.669848989572504
0.0	Proganochelys_Tropical_N	51.50478877344918	49.41628351853116
0.0	Prolacerta	76.84199334772762	72.92477029850494
0.0	Prolacertoides	76.94628886276116	76.73412673413061
0.0	Prosantosaurus	66.20615521264146	65.53448125656068
0.0	Prosaurosphargis	73.88090261862858	73.46354334429586
0.0	Protanystropheus	71.27632147615026	67.15080815961284
0.0	Protecovasaurus	54.44415926282896	36.541327815708456
0.0	Protenodontosaurus	60.97919198285891	59.612838669128706
0.0	Proteosaurus	26.8590555845308	23.929501821984413
0.0	Proterochampsa	55.05050964101784	53.56230764538085
0.0	Proterochersis	52.457535130926914	36.51297925003148
0.0	Proterosuchus_Temperate_N	76.95666393553363	76.35195349884646
0.0	Proterosuchus_Temperate_S	76.70892525172144	72.07025537571859
0.0	Protoavis	54.39453637076249	33.88543230478812
0.0	Protocaptorhinus	114.5002222485297	106.2734191047676
0.0	Protoichthyosaurus	26.178037492113987	25.31387388254991
0.0	Protome	34.48041216947028	32.853635392488734
0.0	Protorosaurus	85.92092414947977	78.85783754344837
0.0	Protorothyris	123.75277927870557	118.31697587464049
0.0	Protosuchus	34.29093597786168	24.256438384819532
0.0	Provelosaurus	92.14252749617177	90.29881097819032
0.0	Psephochelys	54.66936436420981	53.244576493671666
0.0	Psephoderma_Temperate_N	30.81819763265317	27.0803420505928
0.0	Psephoderma_Tropical_N	41.42414081770088	39.07919461191947
0.0	Psephoderma_Tropical_S	69.76369279376992	64.9679688895925
0.0	Psephosauriscus	72.00711539949383	63.95097967597238
0.0	Psephosaurus_Temperate_N	63.37100057497452	62.66916589497008
0.0	Psephosaurus_Tropical_S	69.64653758079687	66.20514138182988
0.0	Pseudhesperosuchus	43.689663453592274	41.652102906445826
0.0	Pseudochampsa	54.825345927482466	53.325203897879284
0.0	Pseudotetrasauropus_Temperate_N	41.64429485331311	40.06648297570967
0.0	Pseudotetrasauropus_Tropical_N	50.38082598762002	25.59203916387461
0.0	Pterodactylus	25.078903510874298	24.193647651835587
0.0	Pumiliopareia	82.12383096842005	82.02511195106571
0.0	Qianichthyosaurus	64.38104617926213	52.10534837060702
0.0	Qianosuchus	69.51766529372826	68.44650935946625
0.0	Qianxisaurus	65.81166967707374	65.14520649183419
0.0	Quasianosteosaurus	74.08920058926972	73.67254991754102
0.0	Raeticodactylus	34.889960155728296	33.31648307462351
0.0	Rautiania	90.08186612674133	86.03038579174847
0.0	Redondasuchus	41.49044889866764	33.37019211896762
0.0	Redondavenator	35.51946424585565	33.87253902004134
0.0	Revueltosaurus	58.27012743177618	32.66865283539103
0.0	Rhaeticosaurus	32.85620734313432	31.94992051150763
0.0	Rhipaeosaurus	90.89304259258641	86.26941989053032
0.0	Rhomaleosaurus	30.73750213177566	23.74180332312171
0.0	Rhombopholis	71.20827044018775	63.86774187877502
0.0	Rioarribasuchus	52.19900855322641	32.99747718311815
0.0	Riojasaurus	42.831732526988276	35.539600913059154
0.0	Riojasuchus	40.6023498087209	39.07928906010025
0.0	Romeria	124.25256251231671	123.31196303043205
0.0	Rothianiscus	97.07126656773791	89.47694630028384
0.0	Rotodactylus	42.734983498829386	41.17319606801457
0.0	Ruehleia	51.588961260079934	36.23033682016541
0.0	Rugarhynchos	34.49270149489239	32.929668437814
0.0	Ruhuhuaria	68.24082216759346	67.51122306439454
0.0	Rutiodon	57.52039186363513	34.515818304461106
0.0	Sacisaurus	39.46315896910717	37.74508677740125
0.0	Saltoposuchus	42.66896635016465	38.57713322413789
0.0	Sanchiaosaurus	68.48173696594233	67.77364196917372
0.0	Sanchuansaurus	77.74813479315844	77.64223396570335
0.0	Sanjuansaurus	57.462321668196964	55.79840904486164
0.0	Santaisaurus	76.96626382122894	75.91076244820601
0.0	Sarcosaurus	26.6423365601023	25.744294351211263
0.0	Sarmatosuchus	69.76881651608812	69.02971196879378
0.0	Saturnalia	58.642830757102814	33.56445276929644
0.0	Saurischichnus	51.972897184308096	34.187244931594726
0.0	Saurodektes	76.84361779553308	73.9720364359647
0.0	Sauropareion	76.7841473835699	74.56761104052036
0.0	Sauropus	26.540215418169566	25.63077397656028
0.0	Saurorictus	82.32633996368033	82.22237528160518
0.0	Saurosternon	81.82288208447001	81.71731275172547
0.0	Saurosuchus	57.66251750014224	55.994673504722954
0.0	Scelidosaurus	25.223698614710774	24.36934463733109
0.0	Scharschengia	73.63149393344561	73.21428607469167
0.0	Schleitheimia	34.55575645824669	33.02889591139383
0.0	Sclerocormus	72.65621619119908	72.21243322158324
0.0	Sclerosaurus	72.60330793310476	69.41037111675199
0.0	Sclerostropheus	48.8122612134883	47.13650235984521
0.0	Scoloparia_Temperate_N	27.45946309343828	26.58980815395617
0.0	Scoloparia_Tropical_N	60.8843531452789	52.91154154855142
0.0	Scolotosuchus	75.10686261663318	74.6920706857344
0.0	Scutarx	49.274694610210375	32.747243016973414
0.0	Scutosaurus	89.65789945198613	81.88853536183782
0.0	Scythosuchus	75.16201163790565	74.74888782298437
0.0	Seazzadactylus	50.52262600614693	48.34840397156956
0.0	Selenichnus	26.73763770165166	23.991833728555285
0.0	Serpianosaurus	72.13158143972696	62.195824778335734
0.0	Shansisuchus	72.3664851174524	66.91836629487793
0.0	Shastasaurus_Temperate_N	41.16086719102333	39.582754260009956
0.0	Shastasaurus_Tropical_S	62.11593501311293	52.75903223088812
0.0	Shihtienfenia	79.37877586364193	76.33867329058162
0.0	Shonisaurus_Temperate_N	58.697478226455864	26.06468729162927
0.0	Shonisaurus_Tropical_N	51.49744574556679	41.41987316475358
0.0	Shringasaurus	72.4171849267683	67.69714283589262
0.0	Shuangbaisaurus	25.881980641344544	25.002990580343656
0.0	Shuvosaurus	53.139307211224605	27.877758190718286
0.0	Sigmala	61.0960856061935	52.0681192142689
0.0	Sikannisuchus	53.214767984823396	38.913108855574656
0.0	Silesaurus	55.344511805287695	53.76714191191347
0.0	Sillosuchus	53.76456264830747	52.433476339204425
0.0	Simosaurus_Temperate_N	67.66918910522197	29.935704786507245
0.0	Simosaurus_Tropical_S	67.4188904537428	66.72601244497665
0.0	Sinocyamodus	57.6479612852517	55.96097853235
0.0	Sinosaurosphargis	70.05547648575109	69.12685584649546
0.0	Sinosaurus	26.54025254264241	24.495944684570127
0.0	Skybalonyx	40.45630106647082	38.88492285617727
0.0	Smilodonterpeton	28.628991612363528	27.764298744623048
0.0	Smilosuchus	55.097902903076495	32.982996177876856
0.0	Sophineta	76.25071987802069	75.86140842874639
0.0	Soturnia	49.28393126729861	33.29854342005331
0.0	Soumyasaurus	37.72032710608135	36.21527824531461
0.0	Sphenotitan	52.319312803670186	39.219178875195944
0.0	Sphodrosaurus	35.90123477350686	34.27374291126887
0.0	Spinosuchus	59.12088439735085	35.86291770334637
0.0	Spondylolestes	84.85903302075775	79.78128553699469
0.0	Spondylosoma	68.03211113114821	60.31341297256098
0.0	Stagonolepis_Temperate_N	57.67508953305281	50.550462482002
0.0	Stagonolepis_Tropical_N	52.6186997097008	36.64354491145237
0.0	Stagonolepis_Tropical_S	39.67685215517015	38.00778044396419
0.0	Stagonosuchus	72.2511896250864	69.94243556196619
0.0	Staurikosaurus	60.647982218991544	59.15947595576659
0.0	Stauromatodon	62.91840193239486	62.029502826822615
0.0	Stegomus	46.86050557964118	36.80990482578497
0.0	Stenaulorhynchus	72.01956392613818	67.01943830527702
0.0	Stenomyti	49.71141101181753	47.725731638797654
0.0	Stenoscelida	38.44622308602795	36.98222634748129
0.0	Stereosternum_Antarctic	112.14050208131579	111.87941468462108
0.0	Stereosternum_Temperate_S	115.88966681491615	107.94661444242236
0.0	Styracocephalus	90.41547375907162	84.75894623121194
0.0	Syntarsus	33.84760311971521	32.56272317284633
0.0	Syntomiprosopus	35.028431280623984	33.434454143158455
0.0	Tachiraptor	26.51591125142637	25.640974509298125
0.0	Tanaisosaurus	73.38484812061651	72.96718666731094
0.0	Tanystropheus_Temperate_N	72.08329833544839	26.501030242451428
0.0	Tanystropheus_Tropical_N	72.35564180088197	62.5326855555376
0.0	Tanystropheus_Tropical_S	70.00568315538864	68.33305913517022
0.0	Tanytrachelos	52.454916595113545	32.360029490176586
0.0	Tarjadia	66.85068914530318	60.353369796065124
0.0	Tarsodactylus	26.79182064579356	25.883751745820884
0.0	Tasmaniosaurus	76.97080441667511	76.12684437084305
0.0	Tawa	52.476958629726695	32.49531157924241
0.0	Taytalura	58.946455126532086	57.311573450179765
0.0	Technosaurus	44.25046931542542	42.20591895637057
0.0	Tecovasaurus	54.129275379042845	33.58119689507709
0.0	Tecovasuchus	53.58870254255869	33.00716593064485
0.0	Teleocrater	72.28168319799168	66.18049359478054
0.0	Temnodontosaurus	27.315967066610302	23.89968630293938
0.0	Teraterpeton	60.15151154606663	53.77847477670797
0.0	Teratophon	71.44480865977577	66.87285377395379
0.0	Teratosaurus_Temperate_N	71.21275166614953	40.25335472696507
0.0	Teratosaurus_Temperate_S	76.16867079230937	75.76933494142666
0.0	Termatosaurus	33.966881807553946	26.46898103490322
0.0	Terrestrisuchus	61.06160304802071	55.18690516442123
0.0	Tetrasauropus_Temperate_N	42.49649639882894	40.79416818429956
0.0	Tetrasauropus_Temperate_S	68.50981734118893	60.32991369949045
0.0	Teyujagua	74.48921639137171	74.08012019458903
0.0	Teyumbaita	47.70876214303782	35.45391572902663
0.0	Thadeosaurus	83.90962832715216	83.80459264463957
0.0	Thaisaurus	72.81522319118639	72.39292737523215
0.0	Thalassiodracon	33.61421747170664	24.070562238033283
0.0	Thalattoarchon	69.43313217302065	68.6840731706541
0.0	Thalattosaurus	72.75548590295163	65.63668710866243
0.0	Thecodontosaurus	65.1827583023048	25.70761845624244
0.0	Theledectes	70.79703337290107	70.00059317985071
0.0	Thelephon	68.33393222833824	67.59932639603973
0.0	Thelerpeton	72.21165232690657	66.20935475842298
0.0	Tholodus_Temperate_N	72.6615549500876	68.10219814001805
0.0	Tholodus_Tropical_N	71.37147159031981	70.55858806341928
0.0	Thuringothyris	115.96426195646852	108.91027329955523
0.0	Tichvinskia	75.87414053430184	71.8089806234854
0.0	Ticinosuchus	68.77784325521336	66.43886837442746
0.0	Tikisuchus	53.31108365285011	52.12619942934732
0.0	Timanophon	76.26954536923068	72.40010824002643
0.0	Toretocnemus	60.79016485206898	51.592180471099255
0.0	Trachelosaurus	71.85245728410489	71.05649080373304
0.0	Trialestes	61.0494712867628	56.21424575269551
0.0	Tricuspisaurus	28.992593082503785	28.098227640648528
0.0	Trihamus	26.46884400554471	25.587963922203045
0.0	Trilophosaurus	60.03810291526718	32.89225331741892
0.0	Tropidosuchus	67.37615201429472	61.756521022846776
0.0	Tuebingosaurus	39.4581153708238	37.84381973480348
0.0	Turfanosuchus	71.40269460453109	70.57192607409927
0.0	Typothorax	52.61389806185453	26.59390055359309
0.0	Uatchitodon	59.306091229591104	32.588417837845924
0.0	Unaysaurus	47.233271518567584	37.838932337170384
0.0	Unguinychus	45.38892895498872	43.512787722710385
0.0	Uralosaurus	71.90256791649192	68.06233879010331
0.0	Utatsusaurus	76.02726465014267	73.0790159656838
0.0	Vallesaurus	43.83066806874461	36.0603808633381
0.0	Vancleavea	58.98040877043422	25.904315313648816
0.0	Variodens	33.93250805691885	28.228630045173723
0.0	Vellbergia	64.34435367029532	63.662626218623494
0.0	Velocipes	38.14484570907041	36.594519658432375
0.0	Venaticosuchus	56.02472651506972	54.417986264444515
0.0	Venetoraptor	56.82068819609739	40.622883142319075
0.0	Vinitasaura	60.01985066068304	58.427693647470164
0.0	Vivaron	54.13635191410696	32.46957611019072
0.0	Vjushkovisaurus	71.59510033627562	67.97734518489953
0.0	Volcanosuchus	54.15082244320008	52.88095874526061
0.0	Vonhuenia	76.92966250677875	76.70081302539057
0.0	Vritramimosaurus	74.82984914417258	74.4157048882288
0.0	Vytshegdosuchus	76.00198443227326	75.60612456716305
0.0	Wahlisaurus	25.45110651902399	24.557238620251262
0.0	Waluchelys	42.64762728814161	41.11289120197931
0.0	Wangosaurus	65.43832055840694	61.386278691583954
0.0	Wannia	50.94476380179768	37.63951918396536
0.0	Wapitisaurus	76.13139098707288	75.73502424414198
0.0	Weigeltisaurus	84.96554429220447	78.66776978732429
0.0	Whitakersaurus	32.79189848897288	31.990887021712354
0.0	Wimanius	68.89034758815193	68.13791193249867
0.0	Wumengosaurus	72.25088491488157	66.97338529162684
0.0	Xenodiphyodon	53.009990693288785	51.896564073866266
0.0	Xilousuchus	73.22141661607068	72.79671441328306
0.0	Xingxiulong	26.157941778268498	25.27681261213194
0.0	Xinminosaurus	69.39120142008112	68.64597608404118
0.0	Xinpusaurus	67.18526644473049	54.05981868474278
0.0	Xiphopeza	26.796166539834637	25.904866010267607
0.0	Yarasuchus	72.68214669520368	66.76199797717989
0.0	Yelaphomte	51.88922069331967	49.64796568104033
0.0	Yimenosaurus	26.54160124836007	24.372246506758664
0.0	Youngetta	75.77280052962105	75.36163341896828
0.0	Youngina	85.90526729922219	76.6849243558332
0.0	Youngosuchus	72.20729152709254	71.55062735728434
0.0	Yunguisaurus	65.79992540757256	61.53686507680044
0.0	Yunnanosaurus	26.809594052795727	25.684473178861612
0.0	Zanclodon	66.16907941756061	27.41174844313986
0.0	Zhongjiania	84.2972657224461	79.27613679644323
0.0	Zupaysaurus	49.63882074387891	47.622764826738184
