clade	species	ts	te
0.0	Abyssomedon	112.79060462962963	112.63214437737737
0.0	Acadiella	57.09284702202201	56.33861029829829
0.0	Acaenasuchus	52.3273482072072	34.3415850990991
0.0	Acallosuchus	41.793050764764764	40.812282659659665
0.0	Acerosodontosaurus	80.18425525025025	80.07604310610611
0.0	Acleistorhinus	104.18282645745745	103.81534865965966
0.0	Acrodenta	81.60799573473473	81.51760958558557
0.0	Actiosaurus	30.14485322922923	29.837073890890892
0.0	Adamanasuchus	40.74759071971972	39.808612646646644
0.0	Adelosaurus	82.712639996997	82.5816011071071
0.0	Aenigmasaurus	73.64065640840842	73.47845467367368
0.0	Aenigmaspina	56.042380745745746	54.986501221221225
0.0	Aenigmastropheus	81.26009695795794	81.14836382382383
0.0	Aetobarbakinoides	57.36880278478479	56.796408160160155
0.0	Aetosauroides	60.3877710940941	32.19998242142142
0.0	Aetosaurus	52.48421428228229	33.311486007007005
0.0	Agkistrognathus	73.79924736736737	73.59763909309308
0.0	Agnosphitys	58.27349435635636	57.26561361861861
0.0	Ahvaytum	57.22298604904905	56.66758481081081
0.0	Alexeyisaurus	42.08160637737738	41.311067182182185
0.0	Alwalkeria	58.02023402302302	57.48794563763764
0.0	Amanasaurus	60.21799101301301	33.73860044144145
0.0	Ammorhynchus	71.7662636936937	69.75970030630631
0.0	Ammosaurus	26.02127818918919	24.663687764764767
0.0	Amotosaurus	72.01154255855855	68.47375822022023
0.0	Anarosaurus	72.25303179979979	66.88363831631631
0.0	Ancistronychus	46.67611768668669	45.445701189189194
0.0	Angistorhinus	62.02047839239239	35.810089192192194
0.0	Anisodontosaurus	71.98559411511513	64.67888215915916
0.0	Anomoepus	25.498224873873873	25.213587005005007
0.0	Anomoiodon	72.35845641641642	68.15003788188189
0.0	Anshunsaurus	65.05605342242242	52.16372881781781
0.0	Antarctanax	73.55934776576576	73.43093366266267
0.0	Anthodon	86.08768784584585	78.76526566366367
0.0	Apachesuchus	44.477213812812806	43.42734135935935
0.0	Apatopus	58.87573496596596	33.99897191591591
0.0	Apatosuchus	40.418784074074075	39.77313414614615
0.0	Aphelosaurus	121.33940036636636	120.32204185785785
0.0	Araeoscelis	114.05162081481483	98.47097855755756
0.0	Archeopelta	65.27873615415416	64.90606470970971
0.0	Archosaurus	87.09874306106107	79.8659395015015
0.0	Arcticodactylus	40.48804260560561	39.76286974774775
0.0	Arganaceras	81.18956867567567	81.09431431531533
0.0	Arganasuchus	58.19851157157157	54.02328783183184
0.0	Arizonasaurus	71.97859861161162	69.35237055155156
0.0	Asilisaurus	71.79304903103103	67.04791832432433
0.0	Askeptosaurus	71.31783615215215	57.82059681981982
0.0	Asperoris	70.09270391791792	69.58925436136137
0.0	Asylosaurus	32.341832387387385	27.45503757057057
0.0	Atopodentatus	71.14369393693694	69.49086526326326
0.0	Augustaburiania	75.52468962062062	72.71628805605604
0.0	Augustasaurus	70.0731290790791	69.69918665065066
0.0	Australothyris	87.26417877377378	86.71058922722722
0.0	Austriadactylus	38.79480065865866	34.746059120120115
0.0	Austriadraco	36.63677775375375	35.92760253953954
0.0	Avalonnectes	25.836115163163168	25.537140081081077
0.0	Avicranium	31.49532643243243	31.09049876276276
0.0	Azendohsaurus	57.48945326726727	56.72622877777778
0.0	Baeotherates	111.32612420320321	111.20977083883884
0.0	Baisesaurus	74.25818196796797	74.04491505605604
0.0	Barasaurus	86.26907902002002	71.66620916716717
0.0	Barberenasuchus	64.09864267367367	63.674476642642645
0.0	Barracudasauroides	71.7698998148148	67.80596327627627
0.0	Barracudasaurus	72.06130526126127	64.6780626996997
0.0	Bashkyroleter	98.32399658258258	89.31700736336337
0.0	Batrachopus	29.701042026026027	29.381436486486486
0.0	Batrachotomus	64.08145042642643	61.95853708508509
0.0	Beesiiwo	58.47469862262262	57.719829628628624
0.0	Belebey	95.31188362962963	89.1516121091091
0.0	Benggwigwishingasuchus	69.64224351151151	69.29386654054053
0.0	Bentonyx	70.09262781981981	69.70809990590591
0.0	Bergamodactylus	39.8175384054054	38.95253123323323
0.0	Besanosaurus	67.37758748448448	67.09737351751752
0.0	Blezingeria	66.00350083083083	65.7098992952953
0.0	Blikanasaurus	29.962567175175174	29.52761085285285
0.0	Blomosaurus	76.60858927527528	76.42733036436435
0.0	Bobosaurus	60.62882758758759	59.64451881281281
0.0	Bolosaurus	123.10023211911911	101.81251098798799
0.0	Boreopricea	74.93528324924925	73.26834134134133
0.0	Bradysaurus	89.85885016416417	82.86217641641642
0.0	Brasinorhynchus	65.6278093023023	63.25838662862863
0.0	Brazilosaurus	116.95027901501501	108.61770451551551
0.0	Bromsgroveia	71.71163908308309	67.09266689489489
0.0	Broomia	88.74995743143143	85.46978320820821
0.0	Bunostegos	78.22361995295294	78.12789274874875
0.0	Buriolestes	61.31127416616617	32.46193294394394
0.0	Bystrowisuchus	74.36464525125125	74.17108310310309
0.0	Callawayia	47.4191507067067	36.274676174174175
0.0	Calyptosuchus	57.913290683683684	33.141637788788785
0.0	Camelotia	31.758207664664667	28.738817666666666
0.0	Camposaurus	42.26914253753754	41.29231676176177
0.0	Candelaria	67.09224052152152	62.443570499499494
0.0	Captorhinikos	108.28971214314315	98.4080592952953
0.0	Captorhinoides	106.66059911611612	102.8200487897898
0.0	Captorhinus	116.68835646646646	81.59545281681682
0.0	Cargninia	44.07710723523523	42.63450811711712
0.0	Carnufex	57.377567781781785	56.589653977977974
0.0	Cartorhynchus	74.63337238438439	74.44136610610609
0.0	Caseosaurus	44.08918601701701	42.99500642142142
0.0	Ceresiosaurus	67.23493344144144	61.84832964664665
0.0	Chalishevia	66.23904618318318	62.769291048048046
0.0	Chanaresuchus	66.4381885005005	63.079842865865864
0.0	Chaohusaurus	76.17767530030031	66.40690661861862
0.0	Chasmatosuchus	76.83893028428429	71.85982084084084
0.0	Chelyoposuchus	31.054087907907906	30.687043796796797
0.0	Chinchenia	66.92949931331331	66.63765474374374
0.0	Chindesaurus	54.87585015715715	33.42103524424424
0.0	Chinshakiangosaurus	25.53629168068068	25.239200817817817
0.0	Chirotherium	57.91027778478479	56.92565509009009
0.0	Chromogisaurus	58.103411313313316	57.48472136336337
0.0	Cladeiodon	69.70326426226227	69.41225226026026
0.0	Clarazia	69.22917424824824	68.87611823323323
0.0	Claudiosaurus	84.63278162462463	76.98238704304305
0.0	Clevosaurus	61.765550387387385	24.139674052052047
0.0	Coahomasuchus	60.10654836036036	40.59661349449449
0.0	Coartaredens	70.56766957257257	68.51796678978978
0.0	Coburgosuchus	41.64525593393394	40.871739440440436
0.0	Coelodontognathus	74.67296137437438	72.84825600300299
0.0	Coelophysis	53.175158470470464	24.493347605605607
0.0	Coelurosauravus	86.19190831731731	75.3047320990991
0.0	Coletta	73.37892521321321	73.21852599099098
0.0	Collilongus	74.43448412312313	74.22544073073072
0.0	Colobomycter	115.08237024824825	109.35923175075075
0.0	Colobops	41.03781707707708	39.99751595895896
0.0	Coloradisaurus	49.80725602302302	34.62033435635636
0.0	Coloradisuchus	41.991313328328324	40.668907128128126
0.0	Concavispina	57.04496703703704	56.02300995295295
0.0	Contectopalatus	64.58375325425425	64.34958994194193
0.0	Cornualbus	58.64002411211211	58.05442712712712
0.0	Corosaurus	75.40132515915917	72.42962694494494
0.0	Cosesaurus	63.58272455455455	63.369126808808815
0.0	Crosbysaurus	53.382403394394395	33.09734398598599
0.0	Ctenosauriscus	74.40938807907908	74.21280281381381
0.0	Cyamodus	71.84061082882883	53.46575192192193
0.0	Cymatosaurus	71.94723505105105	67.01602300000002
0.0	Cymbospondylus	74.56523999299299	60.643308286286285
0.0	Czatkowiella	73.57003715915916	73.36712850550549
0.0	Dactylosaurus	72.18451746346346	66.84812007507507
0.0	Daemonosaurus	30.647958046046046	30.28853681881882
0.0	Dagasuchus	56.01195281481482	55.43314426926927
0.0	Dawazisaurus	69.77373059759759	69.4088444734735
0.0	Decuriasuchus	69.54220361861861	60.39819407207208
0.0	Delorhynchus	114.00718295095095	108.50003277977977
0.0	Deltadectes	45.36542913913914	28.16859347247247
0.0	Deltavjatia	89.41529574574574	84.63342786586588
0.0	Desmatosuchus	57.453012363363364	32.65072309309309
0.0	Diandongosaurus	70.9510483923924	70.57577576776778
0.0	Diandongosuchus	64.55244737037037	64.33695049149149
0.0	Dianmeisaurus	71.19943592592594	68.59991759859861
0.0	Dianopachysaurus	70.8619821051051	70.47468575975975
0.0	Dimetropus	115.99711828928928	108.0986612022022
0.0	Dimorphodon	25.259730849849852	24.970974665665665
0.0	Dinocephalosaurus	71.49658256156155	69.1858582882883
0.0	Diphydontosaurus	62.19278398898899	25.859307654654657
0.0	Dolabrosaurus	43.12993012412412	42.06533159159159
0.0	Dolerosaurus	55.19211704904905	54.210290505505505
0.0	Dolichobrachium	57.32262566066066	56.558641558558556
0.0	Doliovertebra	69.85791135135135	69.56338003503504
0.0	Dongusuchus	72.21364827227228	67.70234417217216
0.0	Dorosuchus	70.61332946646647	67.97645077777779
0.0	Doswellia	61.460323824824826	36.45473064764765
0.0	Dracoraptor	25.577525107107107	25.291103354354355
0.0	Drepanosaurus	52.78529448548549	26.589172298298298
0.0	Dromomeron	54.946144514514515	27.086383695695694
0.0	Dynamosuchus	56.543877565565566	55.98270217317318
0.0	Dyoplax	57.72207678478478	56.6685041971972
0.0	Ebrachosuchus	57.485922570570565	56.44785933833834
0.0	Effigia	31.643752157157156	27.898579866866868
0.0	Efraasia	44.17694327927928	37.42635552052052
0.0	Eifelosaurus	71.03172413513514	70.74320367867868
0.0	Elachistosuchus	29.63977132032032	29.33262163863864
0.0	Elessaurus	73.88029177677677	73.70716719819819
0.0	Elginia	82.73417174074075	75.91188897397396
0.0	Elorhynchus	64.37736664164164	63.979428833833836
0.0	Embrithosaurus	89.1463996986987	84.68707818218219
0.0	Emeroleter	89.90296972772772	84.85090753153153
0.0	Endennasaurus	40.0942156006006	39.19544174574575
0.0	Energosuchus	65.95269393693694	63.99050769469469
0.0	Eodromaeus	58.72217888088088	58.15560506406406
0.0	Eohupehsuchus	73.47163934434434	73.26727255255255
0.0	Eohyosaurus	70.25028010110111	63.31885336836837
0.0	Eomurruna	76.73556708608609	76.06626074974974
0.0	Eoplesiosaurus	25.595492238238243	25.28816216716717
0.0	Eoraptor	58.49934284784784	53.826931017017024
0.0	Eorasaurus	86.9240071961962	86.38370372772775
0.0	Eorhynchochelys	58.60495283983984	57.661798874874876
0.0	Eretmorhipis	67.4494642122122	67.15020171271271
0.0	Erpetosuchus	43.3519346906907	42.243146739739736
0.0	Erythrosuchus	72.02227095595596	60.92659557457457
0.0	Erythrovenator	57.82268841541541	57.28897175775776
0.0	Eshanosaurus	26.06688855155155	25.782784850850852
0.0	Eucoelophysis	54.80412766166167	26.944241761761763
0.0	Eudibamus	111.71059123923925	111.5979361971972
0.0	Eudimorphodon	46.03235951751752	27.575033748748748
0.0	Eumetabolodon	73.2974118008008	67.59151406206206
0.0	Eunotosaurus	89.61960859159159	84.96685327527527
0.0	Euparkeria	71.65447611111111	66.89114758958958
0.0	Eurhinosaurus	25.5882480990991	25.303364105105107
0.0	Eurycleidus	25.482527731731732	25.18306418318318
0.0	Eusaurosphargis	72.29028055155153	62.603844105105104
0.0	Euscolosuchus	58.24101498898899	57.51773941241241
0.0	Fasolasuchus	40.80478160860861	39.45414974274274
0.0	Faxinalipterus	49.38197582482482	39.70543355655656
0.0	Feeserpeton	111.14613039339342	110.99168137837837
0.0	Feralisaurus	69.01546752652654	68.66553531431431
0.0	Fodonyx	71.74770319519519	67.07083607907909
0.0	Fraserosphenodon	60.78366530930931	32.76814092392392
0.0	Fraxinisaura	63.09790748048048	62.756009944944935
0.0	Fugusuchus	71.12698991591591	70.87219002802802
0.0	Fuyuansaurus	64.26719784084084	64.03674476676676
0.0	Galesphyrus	85.24693345445445	80.23552188588589
0.0	Gamatavus	66.05867687387388	63.48610197997998
0.0	Gansurhinus	98.62952052452452	79.87445298098099
0.0	Garjainia	76.06319443943944	71.71616356756758
0.0	Garzapelta	42.23435887587587	41.121115183183186
0.0	Gecatogomphius	96.54330283383382	95.43250442542542
0.0	Gephyrosaurus	31.495098051051052	28.927746897897897
0.0	Germanosaurus	70.75441074274275	68.15438664264265
0.0	Glaurung	82.23304127027026	82.11600279079079
0.0	Glyphoderma	65.04971258858859	64.83087879779781
0.0	Gnathovorax	59.7358638998999	35.874735325325325
0.0	Gojirasaurus	45.85852020420421	44.71494486086086
0.0	Gomphiosauridion	58.816860204204204	58.03540319419419
0.0	Gondwanax	65.03890248848849	64.63605192592593
0.0	Gorgetosuchus	56.49710415315315	55.6947231981982
0.0	Gracilisuchus	65.33136241741742	62.969989758758764
0.0	Grallator	48.880903738738745	36.95532934534535
0.0	Graoullyodon	29.077137482482485	28.770809579579577
0.0	Gresslyosaurus	48.76439385585585	32.03215707807808
0.0	Grippia	75.84114022522523	71.86565702002002
0.0	Guaibasaurus	50.725773143143144	33.67699706306306
0.0	Gualosuchus	64.72982501601602	62.63110871671672
0.0	Guanlingsaurus	58.79780666166166	52.69868276776777
0.0	Guchengosuchus	69.40712565665666	69.12965262762762
0.0	Guizhouichthyosaurus	65.72233273873873	51.5141571071071
0.0	Gulosaurus	75.27986741341341	73.50375983583584
0.0	Gunakadeit	43.824898365365364	42.73769432532532
0.0	Gyposaurus	26.00141782182182	24.920644215215212
0.0	Halazhaisuchus	69.90082835935935	69.60724450350351
0.0	Haligonia	59.82019401901901	25.506213315315314
0.0	Hanosaurus	74.48944417717716	74.27469865965965
0.0	Helveticosaurus	70.40809445445444	67.1098675945946
0.0	Hemilopas	74.0107219009009	67.55194012612613
0.0	Hemiprotosuchus	47.31336349449449	35.53081278378379
0.0	Henodus	61.37684313513513	52.39824517017017
0.0	Heptasuchus	58.25914476076076	57.4610436996997
0.0	Herrerasaurus	61.776793050050046	52.44997233633634
0.0	Hescheleria	69.77549544044045	69.42865480280281
0.0	Hesperosuchus	53.976232007007006	27.066845857857857
0.0	Heterodontichnites	58.83054557057058	37.795599517517516
0.0	Heteropelta	69.03594340740742	68.76256564064064
0.0	Himalayasaurus	40.842128694694686	39.96365103803804
0.0	Hispaniasaurus	64.80601095495496	64.54913434034034
0.0	Honghesaurus	70.40092083883884	70.0076407917918
0.0	Horaffia	65.63496058058057	60.50932615115114
0.0	Hovasaurus	84.66581874274274	74.00021745345344
0.0	Howesia	71.00638679679679	68.29436567867869
0.0	Hudsonelpidia	43.49746282882882	42.46583753653653
0.0	Hupehsuchus	74.95866503103103	61.309291708708706
0.0	Hwiccewyrm	61.64948721021022	52.142551560560555
0.0	Hyperodapedon	61.67495387587587	32.98464161861862
0.0	Hypselorhachis	68.96806094594594	68.47402596796796
0.0	Hypsognathus	60.42786312112112	24.913101937937938
0.0	Hypuronector	45.97936871571572	35.653345697697695
0.0	Icarosaurus	43.146137491491494	42.041699677677684
0.0	Ichthyosaurus	50.033617680680685	23.87379053053053
0.0	Ichthyotitan	30.11328735835836	29.763936987987986
0.0	Idiosaura	57.882882188188184	57.07124971371371
0.0	Ignotosaurus	55.601661412412405	55.00553949849851
0.0	Incertovenator	56.01696957957957	55.49788779179179
0.0	Indosauriscus	81.96168896996997	81.85631723823825
0.0	Ingentia	48.2010007007007	39.1422156076076
0.0	Isfjordosaurus	73.7174567047047	73.51900414414415
0.0	Issi	42.72177034934934	41.94868863563564
0.0	Ixalerpeton	61.817485166166165	38.563589876876875
0.0	Jaklapallisaurus	43.841200493493496	42.445551483483484
0.0	Jaxtasuchus	64.49841648948949	62.148610920920916
0.0	Jesairosaurus	70.70438762562563	70.29708764964965
0.0	Jingshanosaurus	25.982066721721722	24.772048831831828
0.0	Jupijkam	43.91786740640641	42.85203732032032
0.0	Jushatyria	69.08886291391391	68.81566425025025
0.0	Kadimakara	76.70056920620621	76.29951635835835
0.0	Kahneria	96.01728699999998	94.84248374374374
0.0	Kalisuchus	76.6860853093093	76.54153864564564
0.0	Kapes	75.95429728328328	67.69060358458458
0.0	Keichousaurus	74.03503823023023	60.583889545545546
0.0	Kholumolumo	52.243901403403406	33.97875695095095
0.0	Kinelia	94.19203166266266	80.48297953553553
0.0	Kitchingnathus	74.22125641741742	74.0491255115115
0.0	Kocurypelta	41.8699068068068	41.14810964864864
0.0	Koilamasuchus	64.3292450950951	63.91555923223223
0.0	Koiloskiosaurus	70.9203493913914	70.62255003103104
0.0	Kranosaura	40.41590502802803	39.027846053053054
0.0	Krzyzanowskisaurus	60.24112718818819	39.89008890490491
0.0	Kudnu	76.82447991991992	76.41835523123122
0.0	Kuehneosaurus	62.36083511211211	28.88080562962963
0.0	Kuehneosuchus	29.215476934934937	28.92918788988989
0.0	Kuruxuchampsa	57.14337841241241	56.56743233833834
0.0	Kwangsisaurus	75.37008973773774	73.55997003603605
0.0	Labidosaurikos	108.00687980580581	98.40936707307307
0.0	Labidosauriscus	115.51296595595596	108.62512510710711
0.0	Labidosaurus	108.21160209609609	98.66365705105105
0.0	Lagerpeton	66.98289426726728	62.58012002202203
0.0	Lanceirosphenodon	45.922944830830836	44.43247335835835
0.0	Langeronyx	71.81024412212211	62.73815197197197
0.0	Langobardisaurus	42.39292323323323	32.802430160160156
0.0	Lanthaniscus	97.66650297497497	92.41278442342343
0.0	Lanthanolania	95.81395500900902	94.76216275575575
0.0	Lanthanosuchus	90.99307632332332	90.14677764264265
0.0	Laquintasaura	25.591209936936938	25.25929902102102
0.0	Largocephalosaurus	71.11140777277276	69.28043443243243
0.0	Lariosaurus	73.62608065665664	60.59955117817818
0.0	Lasasaurus	74.38821326726726	74.21709696396397
0.0	Lepidus	40.1907409089089	39.19509071471471
0.0	Leptonectes	30.475792783783785	23.645939954954954
0.0	Leptopleuron	56.844664243243244	55.8107386986987
0.0	Leptosuchus	52.745238928928934	33.04375598198199
0.0	Lessemsaurus	52.202431916916915	33.06002783183183
0.0	Lewisuchus	67.38203499499498	54.27837661961962
0.0	Leyesaurus	43.33184681281281	41.85564576676676
0.0	Libognathus	42.947899534534535	41.926373632632625
0.0	Liliensternus	53.59372974474474	26.90355466066066
0.0	Lindwurmia	25.43291008808809	25.12307188888889
0.0	Litorosuchus	64.28581988788788	64.05557221321321
0.0	Lophostropheus	29.397127980980983	29.100792919919922
0.0	Lotosaurus	71.7387848958959	67.16992247047045
0.0	Lucasuchus	59.12303882982983	54.284950026026024
0.0	Lucianosaurus	41.98897177877878	40.96738233733734
0.0	Lucianovenator	43.35696192392392	42.00193957857857
0.0	Lufengosaurus	26.2602598018018	24.499280779779777
0.0	Lukousaurus	25.782924548548554	25.00873590990991
0.0	Luopingosaurus	70.40744242942942	70.04055442642644
0.0	Luperosuchus	65.76636192692692	63.03677125525525
0.0	Macgowania	46.0944978008008	36.397465315315316
0.0	Machaeroprosopus	52.73120246946947	26.204301260260262
0.0	Macrocnemus	72.07748308608608	60.19353726726726
0.0	Macrocollum	51.68784601501502	37.83341470470471
0.0	Macroleter	97.89184864064065	89.68047912712713
0.0	Macroplacus	29.810419372372372	29.510766724724725
0.0	Macroplata	25.651340352352356	25.341140664664668
0.0	Maehary	47.84987922222222	39.35763781181181
0.0	Majiashanosaurus	74.41671319219219	74.226682995996
0.0	Malerisaurus	46.19105081681682	37.23974175275276
0.0	Malutinisuchus	67.28254058158157	60.97955492392392
0.0	Mambawakale	69.6691905915916	69.17594669469469
0.0	Mandaphon	69.5235137927928	68.9991607147147
0.0	Mandasuchus	71.51292861561562	66.84421075275276
0.0	Marasuchus	65.47582946546547	62.75260131531532
0.0	Marcianosuchus	70.78138051451454	70.40547252852853
0.0	Massospondylus	58.49060482482482	57.931664814814816
0.0	Mbiresaurus	60.359417264264266	52.95569410710711
0.0	Megachirella	69.70278820320321	69.4203726916917
0.0	Megalancosaurus	42.765266990990995	32.86127895295295
0.0	Megalosaurus	30.397946136136138	30.105569712712715
0.0	Megapnosaurus	25.595692507507504	25.262034789789787
0.0	Melanorosaurus	43.79040846146146	42.41242035535536
0.0	Merriamosaurus	73.92999336136137	73.72217801701701
0.0	Mesodapedon	69.74793123423423	69.25896795095095
0.0	Mesosaurus	116.10575434734734	108.27303387787788
0.0	Mesosuchus	71.65333663563563	63.725971300300294
0.0	Metamosaurus	111.76783378778778	111.58919714914914
0.0	Metashastasaurus	48.64784341741741	40.00577445645646
0.0	Microcnemus	76.90255052452451	71.84135711911911
0.0	Microleter	112.30674618518519	112.19676604804806
0.0	Micromenodon	55.0295096066066	54.26228096996997
0.0	Microsphenodon	47.50739600400401	38.481630727727726
0.0	Mikadocephalus	71.70001155255255	58.180117746746745
0.0	Milleretta	85.92463975275277	76.09382271771773
0.0	Millerinoides	80.80058323923923	80.69656923123124
0.0	Milleropsis	85.77041935535536	76.595756991992
0.0	Millerosaurus	84.62363348248248	77.02315230730731
0.0	Miodentosaurus	59.79521868768769	54.425693123123125
0.0	Mixosaurus	72.10942195295296	61.59069238838838
0.0	Moradisaurus	83.22582424124124	76.11373362062064
0.0	Mystriosuchus	53.519599782782784	24.139109175175175
0.0	Nambalia	49.621284603603605	35.09152410910911
0.0	Nanchangosaurus	75.42806494394394	62.018389857857855
0.0	Nanoparia	85.23167495095096	79.02037137037037
0.0	Neoaetosauroides	51.582155385385384	34.41556683383383
0.0	Neoprocolophon	69.53523494994994	69.24294128228227
0.0	Neusticosaurus	71.07999155155156	60.52652442042042
0.0	new_Neotheropoda	45.33081336236237	43.79793994694695
0.0	new_Rhynchocephalia	43.79509781381382	42.301973819819814
0.0	Nhandumirim	49.364371377377374	36.67662155455455
0.0	Nicrosaurus	53.96291508808809	32.51914102202202
0.0	Nochelesaurus	89.22603621321322	84.90609292092093
0.0	Notatesseraeraptor	44.53147599499499	43.7310214994995
0.0	Noteosuchus	76.6294474924925	76.48700786586586
0.0	Nothosaurus	72.47728546646647	29.520600220220217
0.0	Nundasuchus	69.3447155945946	68.81715063963965
0.0	Nyasasaurus	70.34412242042042	67.60731647047047
0.0	Nycteroleter	97.09329382882882	90.99908244244244
0.0	Nyctiboetus	104.45941307407408	104.26896959259258
0.0	Nyctiphruretus	99.48293366466467	84.60702384084084
0.0	Obirkovia	88.24475282682683	80.62918732832833
0.0	Odoiporosaurus	63.461532710710706	63.23521832232232
0.0	Odontochelys	57.22418335735736	53.055849741741746
0.0	Omphalosaurus	75.49471252652653	59.77081226526527
0.0	Opisthodontosaurus	115.999414007007	108.40120161661662
0.0	Orenburgia	76.13567504204204	71.75411061561562
0.0	Orovenator	114.02800876676676	109.18370948748749
0.0	Oryctorhynchus	58.71678882182182	54.93841352752753
0.0	Oryporan	75.76330627627627	73.5077664144144
0.0	Osmolskina	74.0690041131131	73.86739463863863
0.0	Owenetta	85.98869847547547	73.82313883683683
0.0	Ozimek	59.067388704704705	53.38748329029029
0.0	Pachagnathus	41.895744775775775	40.53203864964966
0.0	Pachypleurosaurus	68.0392457047047	60.21981819119119
0.0	Pachystropheus	34.32963535535536	27.11949965965966
0.0	Palacrodon	76.29531824224225	33.59328883083083
0.0	Palaeagama	77.51292974874876	77.38057548848849
0.0	Palaeochersis	49.97172795195195	36.21533621821822
0.0	Palaeosaurus	55.84325933533534	54.876408845845845
0.0	Paleollanosaurus	54.169896416416414	26.313811852852854
0.0	Paliguana	74.5747581141141	74.41365739039038
0.0	Pamelaria	71.29839837537538	67.05520648348347
0.0	Pamelina	73.96487402002	73.7725825985986
0.0	Pampadromaeus	60.14321071071071	36.01366945545546
0.0	Panguraptor	25.465981838838836	25.17363222822823
0.0	Panphagia	57.74989521721722	57.18425561961961
0.0	Pantydraco	58.05086268668669	57.03464471671671
0.0	Panzhousaurus	70.54794312312312	70.18242997697698
0.0	Pappochelys	63.003266562562565	62.64745415115116
0.0	Parahupehsuchus	74.17850456456456	73.97413961561561
0.0	Paralonectes	75.32542827127128	62.8677766026026
0.0	Paraplacodus	71.77251915015013	60.74030499499499
0.0	Pararcus	69.01688849749749	68.72011352052051
0.0	Parasaurus	86.80164528628627	78.57149347647649
0.0	Parasuchus	74.4710090990991	35.00400204204203
0.0	Paratypothorax	53.26376661361361	32.4004634934935
0.0	Pareiasaurus	90.24770992392392	76.18921300700701
0.0	Pareiasuchus	89.74829158458458	77.18148755655658
0.0	Parringtonia	69.80266682382383	69.30869367267266
0.0	Partanosaurus	64.71101352852853	64.45286954454454
0.0	Parvosuchus	64.62625565265265	64.20914706606607
0.0	Pectodens	69.29443144944946	68.90096203403405
0.0	Pelecymala	60.38805286086086	53.55071499299299
0.0	Pendraig	57.534738743743745	56.51616267867868
0.0	Pentaedrusaurus	72.27149653353354	72.04030286786787
0.0	Permotriturus	91.22875398698697	90.31779713713715
0.0	Pessopteryx	74.2003246946947	68.98149932132131
0.0	Peteinosaurus	41.29954138538539	38.58712885685685
0.0	Phaanthosaurus	76.88903251951952	76.08335790090091
0.0	Phalarodon	76.1023965755756	63.53304252952953
0.0	Phantomosaurus	69.429011994995	69.1492733953954
0.0	Phonodus	76.58989516016017	76.43016464564563
0.0	Pinheirochampsa	64.21272558758758	63.832756436436426
0.0	Pintosaurus	78.04786588288287	77.91858573473475
0.0	Pisanosaurus	57.34803728528528	56.80988722422422
0.0	Pistosaurus	72.2070862992993	60.94052555755755
0.0	Placochelys	61.55560065065065	26.296911573573574
0.0	Placodus	73.77468193593594	54.59272094894895
0.0	Planocephalosaurus	62.10873390890891	26.59697314714715
0.0	Plateosauravus	48.41770103103103	35.14868256656657
0.0	Plateosaurus	52.67214834534535	25.05790150550551
0.0	Plesiosaurus	33.54654327727728	24.56886885885886
0.0	Polesinesuchus	57.563217806806804	56.9976601001001
0.0	Polonosuchus	55.48542718918919	54.41165866166166
0.0	Polymorphodon	63.51620364064064	63.219481855855854
0.0	Poposaurus	61.00494460460461	28.039160595595597
0.0	Postosuchus	58.35792836836836	27.496728668668666
0.0	Powellvenator	42.07728418318318	40.75297967267268
0.0	Pravusuchus	42.651365890890894	41.587758452452455
0.0	Preondactylus	40.402064483483485	37.552989911911915
0.0	Prestosuchus	67.28188921921922	54.43771254254254
0.0	Procerosuchus	65.38831678678679	64.98952268068068
0.0	Procolina	74.62570089389389	74.42926432632632
0.0	Procolophon	76.90696420820821	71.6190608048048
0.0	Procolophonichnium	73.88164782782783	73.70422689289288
0.0	Procompsognathus	40.66342063863864	40.005925072072074
0.0	Proganochelys	54.35169386986987	27.223613709709714
0.0	Prolacerta	76.84834325225225	71.73839642842843
0.0	Prolacertoides	76.68508931131133	76.51805561361363
0.0	Prosantosaurus	66.00574484984985	65.74454722222224
0.0	Prosaurosphargis	74.1700407907908	73.96630178278278
0.0	Protanystropheus	72.22660865965965	66.36919905705706
0.0	Protecovasaurus	46.968551834834834	37.73472951451452
0.0	Protenodontosaurus	60.835851291291284	59.898758265265265
0.0	Proteosaurus	26.22234722822823	24.528891954954954
0.0	Proterochampsa	57.11665439539539	56.520791874874874
0.0	Proterochersis	51.79132654154154	33.421312524524524
0.0	Proterosuchus	76.81114010610611	71.79524598398397
0.0	Protoavis	47.109799649649645	35.205234448448444
0.0	Protocaptorhinus	116.91307316816817	108.82225534734734
0.0	Protoichthyosaurus	25.549805865865867	25.257555690690687
0.0	Protome	43.38627188288289	42.348695335335336
0.0	Protorosaurus	87.27442036236235	78.4589281131131
0.0	Protorothyris	124.08058833233234	118.21257628728728
0.0	Protosuchus	33.27869451051051	23.833468181181182
0.0	Provelosaurus	92.35227383583585	88.319116006006
0.0	Psephochelys	55.32682521121121	54.288702030030024
0.0	Psephoderma	71.91819362662663	24.530986843843845
0.0	Psephosauriscus	71.87817697097097	62.72022991791792
0.0	Psephosaurus	72.30184036936937	55.65130073173173
0.0	Pseudhesperosuchus	43.8269807017017	42.38017692292292
0.0	Pseudochampsa	57.19107713013013	56.617401759759765
0.0	Pterodactylus	25.588230402402402	25.298399384384382
0.0	Puercosuchus	39.17968137037037	38.21021661061061
0.0	Pumiliopareia	81.8436791931932	81.7411490960961
0.0	Qianichthyosaurus	64.40205971471472	51.74853276276275
0.0	Qianosuchus	71.66354686086086	69.20340924424424
0.0	Qianxisaurus	64.00109234734735	63.73309971771772
0.0	Quasianosteosaurus	73.7450137047047	73.54757443043043
0.0	Raibliania	57.65819008208208	56.64789824124125
0.0	Rauisuchus	55.973595708708714	55.382565985985984
0.0	Rautiania	87.93497362762763	83.59995267167167
0.0	Redondasuchus	50.382525303303304	35.615684633633634
0.0	Redondavenator	42.01536848648649	41.059777110110105
0.0	Retymaijychampsa	65.37054437137137	64.98861977577577
0.0	Revueltosaurus	57.91741336136136	32.40522905205205
0.0	Rhaeticosaurus	29.540127585585587	29.207347316316316
0.0	Rhipaeosaurus	93.69521975975975	85.77118416716716
0.0	Rhomaleosaurus	30.311367767767766	23.95242384584585
0.0	Rhombopholis	72.0752382002002	64.91747314814815
0.0	Rioarribasuchus	53.931811469469466	32.94727774974975
0.0	Riojasaurus	47.52473697797798	37.82361305605606
0.0	Riojasuchus	42.846035571571576	41.368534484484485
0.0	Romeria	121.48576229729731	120.47087750650651
0.0	Rothianiscus	99.0178402952953	89.42266406806807
0.0	Ruehleia	46.59607014914915	37.528505262262264
0.0	Rugarhynchos	44.3326496926927	43.27738533933935
0.0	Ruhuhuaria	69.46566786286286	68.9751863933934
0.0	Rutiodon	57.48587591691692	32.6093808008008
0.0	Sacisaurus	43.8299863953954	42.382788574574576
0.0	Saltoposuchus	45.265509516516516	36.776662707707715
0.0	Sanchiaosaurus	69.08246876776778	68.70647365965965
0.0	Sanchuansaurus	77.9014307057057	77.75876977477478
0.0	Sanjuansaurus	57.882047468468464	57.267905830830834
0.0	Santaisaurus	76.76242605405406	76.17899747347347
0.0	Sarcosaurus	25.359639965965965	25.07711838038038
0.0	Sarmatosuchus	69.54252485285285	69.23459041941942
0.0	Saturnalia	59.19281851551551	40.19769565065065
0.0	Saurodektes	76.94605338338339	73.83441615815816
0.0	Sauropareion	76.33672057857858	72.53244295195196
0.0	Saurorictus	82.02248163563564	81.9161795855856
0.0	Saurosternon	80.8664724884885	80.75599221021021
0.0	Saurosuchus	58.41486012812813	57.848402710710715
0.0	Scelidosaurus	25.565048232232233	25.265870367367366
0.0	Scharschengia	73.85536468968968	73.65569540540541
0.0	Schleitheimia	45.34385230330331	44.48704802802803
0.0	Schultzsuchus	64.98020190190189	64.60267863963963
0.0	Sclerocormus	73.75133800300301	73.55922698999
0.0	Sclerosaurus	72.17790986186186	68.02240574974975
0.0	Sclerostropheus	42.96502931231231	41.98721490590591
0.0	Scoloparia	62.09792207507508	26.384529213213213
0.0	Scolotosuchus	74.45076990990992	74.25570104504506
0.0	Scutarx	52.58529601301301	34.20143012212212
0.0	Scutosaurus	90.83625945845847	81.93028528728729
0.0	Scythosuchus	73.90272410510511	73.70314391891891
0.0	Seazzadactylus	44.76372217817818	43.94470515715716
0.0	Serpianosaurus	71.86473746746746	61.80448991391391
0.0	Shansisuchus	71.88369996596596	66.9127360920921
0.0	Shastasaurus	62.36850609209209	32.96233616116116
0.0	Shihtienfenia	79.3451107047047	76.25303636736737
0.0	Shonisaurus	58.765384937937945	26.64319911211211
0.0	Shringasaurus	71.66155031831832	66.84827671571571
0.0	Shuangbaisaurus	25.715763258258256	25.432120990990988
0.0	Shuvosaurus	53.30404934834835	27.17011278078078
0.0	Sigmala	61.582472398398394	52.0363835995996
0.0	Sikannisuchus	48.93747877477477	37.3711416946947
0.0	Silesaurus	54.69245694194194	53.693036587587585
0.0	Sillosuchus	58.633327602602606	58.03629784284284
0.0	Simosaurus	71.1713287947948	27.706033970970974
0.0	Sinocyamodus	56.27033150550551	55.240122906906905
0.0	Sinosaurosphargis	70.91722713013013	69.30261983383383
0.0	Sinosaurus	26.190147484484484	24.641698147147146
0.0	Skybalonyx	42.312368883883885	41.34673005605606
0.0	Smilodonterpeton	29.61007722322322	29.30875038838839
0.0	Smilosuchus	58.49006587087087	32.76533814114114
0.0	Sophineta	74.57996955055054	74.38676853553554
0.0	Soturnia	49.968938109109104	35.484410571571566
0.0	Soumyasaurus	46.59081105405405	45.47585879679679
0.0	Sphenotitan	50.13068976476476	34.90280107307308
0.0	Sphodrosaurus	47.32415506606606	46.101829709709705
0.0	Spinosuchus	59.457532927927936	37.66660172472473
0.0	Spondylolestes	82.69461485285287	78.28889777877878
0.0	Spondylosoma	65.92020503203203	62.91140051951952
0.0	Stagonolepis	59.8684104004004	31.75726636736737
0.0	Stagonosuchus	71.44341925725726	67.0983521051051
0.0	Staurikosaurus	57.74859672472472	57.18029098298298
0.0	Stauromatodon	64.05866165865865	63.78353152752753
0.0	Stegomus	52.435905997998	33.77675449049049
0.0	Stenaulorhynchus	71.68215623223222	62.018020703703705
0.0	Stenomyti	42.44168711411412	41.44276801601602
0.0	Stenoscelida	40.064134870870866	38.715818736736736
0.0	Stereosternum	116.81881794094095	107.86863883583582
0.0	Styracocephalus	88.88375369469469	85.25279747747747
0.0	Suchonosaurus	85.70683235735737	85.32007878978979
0.0	Sumidadectes	103.9751994104104	103.61813737937938
0.0	Syntarsus	29.60415966166166	29.221268579579583
0.0	Syntomiprosopus	40.987973795795796	40.00409854654655
0.0	Tachiraptor	25.72059556056056	25.402338552552553
0.0	Tanaisosaurus	74.61031170570571	74.40920447547548
0.0	Tangasaurus	78.64570292992994	77.14311907507506
0.0	Tanystropheus	72.3317237007007	27.192740893893895
0.0	Tanytrachelos	53.176950830830826	33.26320496596597
0.0	Tarjadia	66.41297175675676	62.52422533933934
0.0	Tasmaniosaurus	76.91935624024025	76.0061681941942
0.0	Tawa	51.70879452052052	35.115762417417415
0.0	Taytalura	56.161853870870864	55.58841440540541
0.0	Technosaurus	44.043029158158156	42.90867605205206
0.0	Tecovasaurus	55.17772982082083	33.4539273933934
0.0	Tecovasuchus	51.24142416616617	34.932639359359364
0.0	Teleocrater	71.25245602902902	67.8188223893894
0.0	Temnodontosaurus	26.825846010010007	24.164843806806804
0.0	Teraterpeton	59.4963553983984	54.58117448248248
0.0	Teratophon	71.60043745945946	67.01926176276277
0.0	Teratosaurus	76.05938100100099	32.569182976976975
0.0	Termatosaurus	33.691578355355354	26.657391972972974
0.0	Terrestrisuchus	61.50640228728729	52.799400803803806
0.0	Teyujagua	74.75693093193193	74.59925280880881
0.0	Teyumbaita	51.42639175475475	35.6532705065065
0.0	Thadeosaurus	80.98823126326326	80.88133154654655
0.0	Thaisaurus	73.89416563463463	73.68934280580581
0.0	Thalassiodracon	32.78809772972973	24.134505453453457
0.0	Thalattoarchon	70.88344657957957	70.51949667667667
0.0	Thalattosaurus	69.35349407507508	65.7661904924925
0.0	Thecodontosaurus	71.08359402302302	25.01987061761762
0.0	Theledectes	68.40904671671672	67.92721895895896
0.0	Thelephon	68.64613205305307	68.15976154454454
0.0	Thelerpeton	71.24127877177177	67.40811542542542
0.0	Tholodus	72.1022838098098	63.26371027527528
0.0	Threordatoth	57.54365346146146	56.5444326036036
0.0	Thuringothyris	116.36949273273274	108.30015551851851
0.0	Tichvinskia	76.06602330530531	71.71864392792793
0.0	Ticinosuchus	70.93694644344345	68.04962152952953
0.0	Tikisuchus	57.865401441441435	57.299686276276276
0.0	Timanophon	75.54017802202203	72.68949252952953
0.0	Toretocnemus	59.060984829829835	54.53159579079079
0.0	Trachelosaurus	71.29111565065064	70.98568386286286
0.0	Tramuntanasaurus	96.82022951751752	96.08824425125127
0.0	Trialestes	60.15392883083083	55.04742249349349
0.0	Tricuspisaurus	30.038720225225227	29.728693454454454
0.0	Trilophosaurus	55.63158436536536	32.78185919019019
0.0	Tropidosuchus	67.1577801931932	61.97117064964965
0.0	Tuebingosaurus	42.58250232932933	41.78447926526527
0.0	Turfanosuchus	69.24730674474476	68.96953468968968
0.0	Typothorax	52.70268749049049	26.975528260260262
0.0	Uatchitodon	57.900114195195194	36.54569619519519
0.0	Unaysaurus	48.29935859059059	37.44672442942943
0.0	Unguinychus	44.22813924624625	43.127423389389385
0.0	Uralosaurus	71.8741987097097	67.23355124124124
0.0	Utatsusaurus	76.10843817817818	71.47508465065064
0.0	Vallesaurus	41.27546475875876	38.48422147347347
0.0	Vancleavea	58.23070657057057	26.429903171171173
0.0	Variodens	33.885550681681686	27.07558543843844
0.0	Vellbergia	63.894629367367365	63.625295686686684
0.0	Velocipes	45.56160906006006	44.78221914214215
0.0	Venaticosuchus	56.59792008808809	55.98899907607608
0.0	Venetoraptor	60.87344918118118	36.67381988788789
0.0	Vinitasaura	56.287120709709704	55.482212604604605
0.0	Vivaron	48.5265650990991	37.7742441981982
0.0	Vjushkovisaurus	71.56156171871872	67.98661251151152
0.0	Volcanosuchus	58.73636485585586	58.16998660860861
0.0	Vonhuenia	76.61608069469469	76.44201146446447
0.0	Vritramimosaurus	74.13797950850851	73.94334385585584
0.0	Vytshegdosuchus	74.23442144744745	74.04113925825826
0.0	Wahlisaurus	25.45518345845846	25.16005083183183
0.0	Waluchelys	38.98813101001001	37.72639542742743
0.0	Wangosaurus	63.7236956116116	62.59590200900901
0.0	Wannia	45.12731807807808	36.895831298298305
0.0	Wapitisaurus	73.800275001001	73.59407982382383
0.0	Weigeltisaurus	86.21302847747748	78.6977795085085
0.0	Whitakersaurus	30.38485062862863	30.04746497197197
0.0	Wimanius	68.72522378978978	68.42470296496498
0.0	Wumengosaurus	71.50036663363363	67.0753841941942
0.0	Xenodiphyodon	59.12244845645646	58.32800736536536
0.0	Xilousuchus	71.28861391291291	71.06166983583584
0.0	Xingxiulong	25.489992459459458	25.189032602602598
0.0	Xinminosaurus	70.4372768918919	70.05832789489489
0.0	Xinpusaurus	65.59685967967968	52.03626274874875
0.0	Yarasuchus	70.7473040910911	67.87828620820821
0.0	Yelaphomte	44.25246986986986	42.73272324724724
0.0	Yimenosaurus	26.457280547547548	24.460937505505505
0.0	Youngetta	74.50575324724726	74.31588162162161
0.0	Youngina	85.4584393903904	76.6098544944945
0.0	Youngosuchus	69.32749119719719	69.03298774074074
0.0	Yunguisaurus	66.32860549549551	62.51163696696697
0.0	Yunnanosaurus	26.252128968968965	24.971904253253253
0.0	Zanclodon	68.08272661561561	27.182911531531534
0.0	Zhongjiania	84.25321190090091	80.18850905505506
0.0	Zupaysaurus	41.434439053053055	40.00439237337337
