clade	species	ts	te
0.0	Abajudon	89.50873396274636	85.34085130205762
0.0	Abdalodon	81.18625242576879	81.02458333560442
0.0	Acratophorus	61.61671455924581	60.58738203130865
0.0	Adelobasileus	40.370538860386624	39.594141044393645
0.0	Aelurognathus	85.49121718210054	76.99604057135404
0.0	Aelurosaurus	89.95084892824201	76.64112697724522
0.0	Aelurosuchus	71.67055644447336	71.53351633497812
0.0	Agudotherium	54.42954641427275	53.53623726949661
0.0	Akidnognathus	86.01601806113295	79.9152943934082
0.0	Aleodon	71.609306932291	57.491672262713465
0.0	Alepognathus	85.94002245666734	85.39104802210159
0.0	Alopecideops	87.96503925388917	87.26885017923551
0.0	Alopecodon	89.57118271982908	84.43817969106422
0.0	Alopecognathus	88.18733679981761	85.472511882003
0.0	Alopecorhinus	87.59956200932088	86.90625013531411
0.0	Aloposaurus	86.23147458217531	77.57181281562174
0.0	Alrausuchus	98.71857258967256	91.45040596900164
0.0	Andescynodon	71.65548204847872	66.64825244079577
0.0	Angelosaurus	94.28834165328136	91.98403003954432
0.0	Angonisaurus	71.80588413359018	67.21655222502086
0.0	Annatherapsidus	91.9642628596796	81.65829666011366
0.0	Anningia	88.86112140568547	88.25990570018176
0.0	Anomocephalus	90.0322768767821	89.75117938494904
0.0	Antecosuchus	71.74955157836293	67.41293127596734
0.0	Anteosaurus	90.65164037339974	84.49934291261253
0.0	Apsisaurus	119.29213448738389	118.84896307545516
0.0	Archaeosyodon	90.573654258822	90.2780807034552
0.0	Arctognathus	86.17438008680789	77.65518514187873
0.0	Arctops	86.63862664221418	77.89512373493356
0.0	Arctotraversodon	54.214896257937525	51.717201992374456
0.0	Arisierpeton	112.21020333302889	111.82831582406078
0.0	Ascendonanus	112.92864895357506	108.41090673755154
0.0	Aulacephalodon	85.4702714294	76.89609399325951
0.0	Aulacocephalus	81.83888448282741	81.64493667750246
0.0	Australobarbarus	89.3486474588996	87.44238585656282
0.0	Australosyodon	89.95089074549091	89.66389644374702
0.0	Avenantia	85.64635324221386	85.1316914351935
0.0	Baldwinonus	118.20926338199789	117.79126467552719
0.0	Basilodon	86.68389987256379	76.37924740372716
0.0	Bauria	71.0437919479369	67.3190101353257
0.0	Beishanodon	73.86354426275567	73.80798016038338
0.0	Biarmosuchoides	91.8010193639575	91.53893083133688
0.0	Biarmosuchus	101.64628230309422	88.22117140652234
0.0	Biseridens	98.64068254908723	91.92645777366195
0.0	Blattoidealestes	87.77558285540054	87.07331063467403
0.0	Bolodon	32.908328758211795	31.902030133319666
0.0	Bolotridon	68.09282643046735	67.84895306804246
0.0	Bonacynodon	65.32997802457712	57.64115673719342
0.0	Boreogomphodon	58.82565166444521	42.154761275290944
0.0	Botucaraitherium	37.199693340132754	35.87281633212051
0.0	Brachyprosopus	90.74059901045018	84.8504434078467
0.0	Brachyzostrodon	33.51742965924397	25.827127882758575
0.0	Brasilitherium	52.19532801281644	34.3676041377195
0.0	Brasilodon	52.90800161636667	32.72000252613852
0.0	Bulbasaurus	85.72699401587842	79.37848502567685
0.0	Bullacephalus	88.98751923900717	88.38888968343059
0.0	Burnetia	83.91002854333257	83.75759850154256
0.0	Cabarzia	119.10614466632744	118.66164657247344
0.0	Callibrachion	112.17522362215239	111.801008245649
0.0	Candelariodon	67.02218458967856	66.85053402270212
0.0	Caodeyao	82.33246289636232	82.16814811853476
0.0	Casea	110.05559211324541	99.0742902544286
0.0	Cerdorhinus	83.11951911192197	82.96855689111048
0.0	Cerdosuchus	81.89246513722534	81.70740100311941
0.0	Chalepotherium	32.03546302407608	30.994720400442784
0.0	Chaliminia	52.820398059476844	46.39016622653567
0.0	Charassognathus	81.66352203081617	81.48477456320991
0.0	Chiniquodon	67.32090318495109	54.673944347580886
0.0	Choerosaurus	80.203304077997	80.05278357134064
0.0	Chthomaloporus	91.63044461131877	91.35505367924276
0.0	Chthonosaurus	85.88931837101009	81.87181626984501
0.0	Cistecephaloides	80.06326943404353	79.89033222820312
0.0	Cistecephalus	84.73596501650694	79.03997049353231
0.0	Cistecynodon	71.63543971254609	71.48505028702118
0.0	Clelandina	86.46457652818192	78.9988655557249
0.0	Clepsydrops	106.23181425300243	105.97329360469638
0.0	Colobodectes	89.8838159411413	78.23680205420129
0.0	Compsodon	86.2173602472987	78.45848358312172
0.0	Cotylorhynchus	104.57968817216958	91.15772142708477
0.0	Counillonia	72.78461811918685	72.72493086592776
0.0	Cricodon	71.72206199063825	67.86647462152713
0.0	Criocephalosaurus	89.04628474084743	85.05954604030643
0.0	Cromptodon	71.56293991420245	71.39762193022719
0.0	Cryptocynodon	86.74094023854737	80.62274533504866
0.0	Ctenorhachis	110.80368925837432	110.40168684455175
0.0	Ctenospondylus	118.33523073181634	104.92279016129486
0.0	Cutleria	121.1237968859647	112.97145462664683
0.0	Cynariognathus	88.28991429450393	85.205833917615
0.0	Cyniscops	81.3233882212943	81.1660646375471
0.0	Cynognathus	71.85919451464592	57.59681802694447
0.0	Cynosaurus	86.85049362157334	76.94612569809564
0.0	Cyonosaurus	85.27849188639803	76.98476014238588
0.0	Dalongkoua	77.01313326412422	76.95703160200107
0.0	Daptocephalus	89.25083268429974	76.93775289793383
0.0	Daqingshanodon	79.6934235774655	79.61535686348064
0.0	Davletkulia	93.73614397238457	92.41136587799012
0.0	Delectosaurus	83.17345412048347	81.72607054323703
0.0	Delphinognathus	85.87199783925577	85.34965965473914
0.0	Deuterosaurus	92.44451770272673	86.10041651499627
0.0	Diademodon	71.80161447386966	55.41690870706678
0.0	Dicynodon	89.85315278127817	63.488242167191686
0.0	Dicynodontipus	76.55067924903013	76.45873838821554
0.0	Dicynodontoides	86.23183611827454	75.0845124684204
0.0	Diegocanis	57.60666836228415	56.546227359991995
0.0	Digalodon	85.40863075943001	78.30668972196708
0.0	Diictodon	89.46540797004918	77.26039804133809
0.0	Diictodontoides	84.07529668587462	83.91458530508534
0.0	Dimetrodon	123.11109714245202	99.16681899857608
0.0	Dinanomodon	86.30077742877451	74.5179176189784
0.0	Dinodontosaurus	67.08241794875896	61.447281814039854
0.0	Dinogorgon	85.65643734204177	78.64414207409311
0.0	Dinosaurus	90.72036684532664	90.41633292410572
0.0	Dolichuranus	71.508234795129	67.25419681220096
0.0	Dolomitipes	77.24192181265012	72.92239895407648
0.0	Dromatherium	51.50035271910361	50.857493651330756
0.0	Dvinia	86.18265580922358	83.50914584328329
0.0	Ecteninion	59.10060334772165	57.88789250530942
0.0	Edaphosaurus	123.61228737676548	99.02972750687833
0.0	Elephantosaurus	64.09016413403036	63.976910468425125
0.0	Elliotsmithia	87.53004517480345	86.88476253305639
0.0	Elph	83.28147580231746	82.11348090862927
0.0	Emydochampsa	83.41312383541155	83.25889663276462
0.0	Emydops	89.51804671827223	77.49611237091366
0.0	Emydorhinus	83.50943491246828	82.23499852952997
0.0	Emydorhynchus	83.51173958203148	83.36105493695469
0.0	Emyduranus	81.06811492410318	80.28836114688565
0.0	Endothiodon	89.6211733915109	78.92588863239183
0.0	Ennatosaurus	97.8776349486523	86.1527882457387
0.0	Eodicynodon	92.0276663558829	89.13384608166396
0.0	Eoraetia	28.67118637540284	28.07408081744558
0.0	Eosimops	89.74123142045627	80.74612748854983
0.0	Eothyris	113.97180269857222	113.59808359481677
0.0	Eozostrodon	33.27555900518764	26.826074798963212
0.0	Ericiolacerta	75.75943303980772	70.6265896586838
0.0	Eriphostoma	89.75572883264043	80.49212118103429
0.0	Estemmenosuchus	97.53219940689652	88.57093085691764
0.0	Etjoia	68.70745301646723	68.46752681968744
0.0	Eubrachiosaurus	53.41059084284966	52.02752783899638
0.0	Euchambersia	83.59824221887119	83.44322606945698
0.0	Euptychognathus	81.36441166560151	81.20800992141356
0.0	Euromycter	105.66447078432269	105.40941127075601
0.0	Exaeretodon	70.92791847594427	30.918359623065268
0.0	Fluctuodon	28.583495938037217	27.9753184238497
0.0	Galechirus	88.99744449840338	85.49983805514594
0.0	Galeops	88.54779244541785	79.11379545899675
0.0	Galepus	87.3939739576093	86.74766731893935
0.0	Galesaurus	77.04004795317248	71.54622971260738
0.0	Gaumia	41.23376514641006	25.708587748066904
0.0	Geikia	86.93604560804899	78.12456465863434
0.0	Glanosuchus	91.91936816086982	84.717496369947
0.0	Glaucosaurus	110.64372466583288	110.24103972723421
0.0	Gondwanadon	56.619252170329005	55.64027939718525
0.0	Gordonia	79.1724164185153	78.21389992509752
0.0	Gorgonops	88.14638306669687	78.35323809673008
0.0	Gorochovetzia	82.88402860488922	82.7402850480778
0.0	Gorynychus	90.92149644959927	84.04203784714008
0.0	Habayia	32.78499574306905	31.75263389977368
0.0	Hahnia	33.126878231186474	32.309800930028615
0.0	Hallautherium	32.433192217124756	31.347557013550304
0.0	Haptodus	124.12248154680267	105.80170041527494
0.0	Haramiyavia	32.86599972750538	26.526548875255592
0.0	Hazhenia	72.33046201539318	72.27571048216576
0.0	Heleosaurus	88.00728098743798	87.31122496285244
0.0	Helvetiodon	29.798060561775973	29.19788106695009
0.0	Herpetoskylax	82.61783747051629	81.73841144867286
0.0	Hipposaurus	89.48271677777407	85.21278393054162
0.0	Hofmeyria	86.6832688606114	79.69838844680251
0.0	Homodontosaurus	85.87542683579194	79.97835652435461
0.0	Hwanghocynodon	81.88550330316963	81.8087967172969
0.0	Hyaenasuchus	89.03227689645358	88.40587494848604
0.0	Hypselohaptodus	120.89137203052029	120.45953339405554
0.0	Hypsiprymnopsis	28.517466715389013	27.907853468205445
0.0	Ichibengops	84.06484773845773	78.96463344840029
0.0	Icticephalus	82.88660681220742	82.7316560802709
0.0	Ictidochampsa	82.8128503643698	82.66579852039901
0.0	Ictidognathus	86.62852679769864	80.22863040780265
0.0	Ictidorhinus	78.45386520055224	78.34088822777555
0.0	Ictidosaurus	89.93906506677193	87.6658700405805
0.0	Ictidosuchops	84.84874224483164	77.64014078638507
0.0	Ictidosuchus	80.54504663737089	80.38276070740208
0.0	Idelesaurus	87.88398602871604	87.44744298662395
0.0	Impidens	69.68558959789557	69.42660380722914
0.0	Inostrancevia	89.90560294965239	79.2881859462771
0.0	Interpresosaurus	83.36959757572228	83.2329650941226
0.0	Irajatherium	53.32784343420495	33.11804863924193
0.0	Ischigualastia	61.514591980076624	52.966762092388635
0.0	Isengops	83.93479650848958	83.78516149788992
0.0	Jachaleria	68.32375906190913	28.964917784265772
0.0	Jimusaria	79.39968523086633	76.88464050758066
0.0	Jiufengia	82.38260854501932	82.22483048863457
0.0	Jonkeria	89.72829735248669	79.01738022540079
0.0	Julognathus	85.75148090352944	85.34803689957998
0.0	Kamagorgon	99.22451114210206	92.96318587157614
0.0	Kannemeyeria	73.3124062421294	66.9754084882467
0.0	Karenites	87.27805561271192	84.5186639569777
0.0	Kataigidodon	49.30195554732551	48.82335870599893
0.0	Katumbia	83.74793044792493	81.80173840832963
0.0	Kawingasaurus	83.88223591005898	79.51733523707766
0.0	Kembawacela	83.76737723180628	78.99440456634626
0.0	Keratocephalus	88.79805846245844	84.69067018876834
0.0	Keyseria	80.20322672988779	80.04092340715007
0.0	Kitchinganomodon	86.05650105293026	77.14176613737459
0.0	Kombuisia	76.08911897750778	65.19451859754189
0.0	Kotelcephalon	85.03159840263555	84.68372583794303
0.0	Kuehneotherium	34.210694572917525	25.494970735251307
0.0	Kunpania	79.12205470924067	79.05023913199628
0.0	Kwazulusaurus	82.37512371024631	82.21881039302157
0.0	Lalieudorhynchus	85.70597679874156	85.52355953659323
0.0	Langbergia	75.01471468588078	71.31850028899298
0.0	Lanthanostegus	89.26740457057922	86.08136182361991
0.0	Lemurosaurus	82.91401193394827	79.80593155997376
0.0	Lende	84.04733243135588	83.89462393410822
0.0	Leogorgon	85.13980975174505	81.8776668276988
0.0	Leontosaurus	84.5978901735439	78.72041701610713
0.0	Lepagia	33.92329954411836	25.909534690037372
0.0	Leucocephalus	83.52645411164968	83.37050011337662
0.0	Lobalopex	83.30618369682632	83.15514606757628
0.0	Lophorhinus	81.68424732107209	81.5125976891025
0.0	Luangwa	71.15781704446296	59.1045492341769
0.0	Lumkuia	68.4760878723663	68.23857144849687
0.0	Lupeosaurus	120.45060477704332	119.9967125498044
0.0	Lycaenodon	85.51552517113547	79.04483307264765
0.0	Lycaenops	85.3555326856161	78.86869956370315
0.0	Lycedops	87.75962985318819	87.07586903412626
0.0	Lycideops	78.38976890161263	78.26984345998127
0.0	Lycosaurus	87.80490758348763	83.74411630061645
0.0	Lycosuchus	86.3433131078855	85.77063958558726
0.0	Lystrosaurus	87.31988401016301	71.62394436154868
0.0	Malasaurus	84.7198756927031	84.4148454874695
0.0	Mandagomphodon	68.09980409529138	67.52360024442544
0.0	Martensius	114.98619460649286	114.60500160397356
0.0	Massetognathus	67.32148058503365	52.96344651690916
0.0	Maubeugia	29.465468298712537	28.913674313242883
0.0	Megawhaitsia	88.56475487859016	82.23341141879763
0.0	Menadon	54.93195196677576	54.0349958745505
0.0	Mesenosaurus	110.00247507178584	89.13157481959139
0.0	Meurthodon	33.489951084774674	32.793820524653185
0.0	Microconodon	58.4648499600814	32.934947933597385
0.0	Microgomphodon	73.43150300426394	60.028814852979565
0.0	Microhelodon	68.03102123461079	67.80983008192074
0.0	Microscalenodon	33.7968454550419	28.898650644113047
0.0	Microsyodon	96.98967828366176	91.96925341590865
0.0	Microurania	94.92931617320264	81.78148028537325
0.0	Microvaranops	88.3496616933613	84.39589181552071
0.0	Microwhaitsia	85.28007863748925	80.6051656964913
0.0	Minicynodon	49.605969041063034	48.5020101651298
0.0	Mirotenthes	82.33770233040751	81.78238443342322
0.0	Mitredon	28.94424316874683	28.360020699940836
0.0	Moghreberia	59.364523765979314	52.73921722153456
0.0	Mojo	29.309724352592117	28.698946430189523
0.0	Molybdopygus	89.93251239942714	89.65444175309236
0.0	Morganucodon	33.14223496379825	26.584272455777434
0.0	Mormosaurus	86.99053074186862	86.39962284292541
0.0	Moschops	89.71122480676419	80.49710690507827
0.0	Moschorhinus	86.12280487941477	71.4691972269947
0.0	Moschowhaitsia	83.1311677368652	81.7064270808866
0.0	Muchia	85.34996481777294	84.97321793534597
0.0	Mucrotherium	31.67828276522757	30.625430660192382
0.0	Mupashi	82.28902013665646	82.13370471643134
0.0	Mycterosaurus	113.81966999776775	98.8417204926703
0.0	Myosauroides	84.38702469318918	84.20709310926058
0.0	Myosaurus	76.88645020025456	70.80340189157265
0.0	Nanictidops	82.66180481690077	82.51371675369968
0.0	Nanictocephalus	80.99460607592367	80.8267461681561
0.0	Nanictosaurus	85.6732196147807	76.67653200935348
0.0	Nanocynodon	84.00985149055256	83.8646010000245
0.0	Nanogomphodon	64.5336043843166	64.42002961854972
0.0	Niaftasuchus	100.03942953417496	92.20005820357834
0.0	Niassodon	83.73742096947551	83.5850321227349
0.0	Nikkasaurus	95.28035946089663	88.94716820710111
0.0	Niuksenitia	89.08982156895516	88.83764576996569
0.0	Nochnitsa	87.07277377068381	86.66736382878115
0.0	Notaelurodon	83.4352650865581	83.28330285254152
0.0	Nothogomphodon	70.69014139758639	67.06637517085716
0.0	Notictoides	72.42119770686577	72.36407598469393
0.0	Notosyodon	87.07941187823504	86.64501057009517
0.0	Nshimbodon	82.80317634150173	82.65462776347142
0.0	Nythosaurus	70.39562148294202	70.20398458084946
0.0	Odontocyclops	85.28527011804657	78.9211715823057
0.0	Oligokyphus	29.385977987353204	28.528825705999576
0.0	Olivierosuchus	76.38172402769516	73.40818528835759
0.0	Ophiacodon	122.07651325770611	99.18155278030693
0.0	Ophidostoma	81.63832851665879	81.46204995892911
0.0	Ordosiodon	70.41007542241456	66.5093931997039
0.0	Oromycter	109.52483980109893	109.11186592578844
0.0	Otsheria	92.00562754652921	91.7607544623847
0.0	Oudenodon	87.66467118146254	77.07081660761412
0.0	Pachydectes	87.5838607694404	86.91779281737838
0.0	Palemydops	84.41107157641913	79.92653678927998
0.0	Pampaphoneus	91.00867503271019	90.35303665529746
0.0	Panchetocynodon	76.17253356398327	76.08569265552983
0.0	Parabradysaurus	101.44649846899513	91.98274644303947
0.0	Paraburnetia	79.47185127251215	79.30135699027059
0.0	Paragalerhinus	79.67945392483568	79.50947680208263
0.0	Parakannemeyeria	72.02560139757527	58.826496223623984
0.0	Parasuminia	88.60078470710076	88.31770890778003
0.0	Paratraversodon	65.47409177233627	65.31735643465395
0.0	Pardosuchus	86.61248490832128	86.00457521697908
0.0	Pascualgnathus	58.297000802010096	52.47694763175009
0.0	Patranomodon	91.17180810160747	90.72808315189533
0.0	Pelanomodon	85.98975502275138	76.88266639699069
0.0	Pelictosuchus	82.2925247676563	81.31592171023914
0.0	Peramodon	88.65545065601947	86.19941032163517
0.0	Perplexisaurus	94.50562534569684	85.5198639480591
0.0	Phocosaurus	87.3558727752561	84.38833392064862
0.0	Phreatophasma	98.68017323779473	97.73624768457755
0.0	Phthinosaurus	97.80478798585831	89.81014013176879
0.0	Placerias	61.5670129452327	32.19572299791889
0.0	Planitorostris	65.14595646007673	64.94662923403226
0.0	Platycraniellus	76.77413301661984	74.31028521468878
0.0	Platycyclops	81.09378131889535	80.92553317670938
0.0	Platypodosaurus	85.6035857023466	79.0603132029716
0.0	Polonodon	56.11659021734053	55.70456104224781
0.0	Polycynodon	83.31434281095811	83.16040458076613
0.0	Porosteognathus	90.67409615572686	89.42753992073362
0.0	Pravoslavlevia	87.46450380671412	87.04389418224913
0.0	Pristerodon	89.52492514093093	78.91903577680276
0.0	Pristerognathoides	89.25244076952711	84.46697560752357
0.0	Pristerognathus	89.17991792964582	84.68238755252072
0.0	Pristerosaurus	84.91511215647263	84.5013567038683
0.0	Probainognathus	65.55541637782926	54.37812779348247
0.0	Proburnetia	85.05773678876102	84.69909620706133
0.0	Procynosuchus	85.93369922298318	75.67231860881083
0.0	Prodicynodon	82.7719741429997	79.80397601267344
0.0	Progalesaurus	76.66211055895076	76.56685863859602
0.0	Promoschorhynchus	86.78635389591669	79.48266135465724
0.0	Protheriodon	65.85600543673137	65.70038771850932
0.0	Protuberum	65.29650375901987	62.517921480694504
0.0	Prozostrodon	56.12535484763867	39.70706976438935
0.0	Pseudotherium	59.92635828317244	58.73193596543539
0.0	Pseudotriconodon	40.637131875817815	26.243782057078853
0.0	Ptomalestes	87.81738744250245	86.35172088987996
0.0	Purlovia	88.33202874124589	81.64382434142532
0.0	Putillosaurus	73.01982977243422	72.96622495039654
0.0	Pyozia	94.44997291720637	93.07946530524225
0.0	Rabidosaurus	70.72707984163634	69.52974450276233
0.0	Raranimus	98.03780973721811	97.14753928474529
0.0	Rastodon	88.49391096862524	87.86383334812689
0.0	Rechnisaurus	70.33951470404064	67.09106012688035
0.0	Redondagnathus	48.108723126005835	47.61711521995195
0.0	Regisaurus	75.77327727537201	73.91629134131347
0.0	Reiszia	97.20297801714567	91.92699913248772
0.0	Repelinosaurus	73.9725657448067	73.90903120997147
0.0	Rewaconodon	60.046974713346984	28.72974535624349
0.0	Rhachiocephalus	85.36960827831649	78.80698442969305
0.0	Rhadiodromus	71.65474735042692	67.24993955972822
0.0	Rhinodicynodon	67.44732196663702	67.19503524321676
0.0	Rhopalodon	93.28913170351419	88.32778331896048
0.0	Riebeeckosaurus	88.34085346955311	87.7459462015668
0.0	Riograndia	53.03113281759093	32.46596626137098
0.0	Riojanodon	65.04023645539527	64.77195757968121
0.0	Robertia	89.70791836758424	80.77821238343847
0.0	Rosieria	29.907790542531465	27.950906050660667
0.0	Ruberodon	52.712502037125496	52.11081389517907
0.0	Rubidgea	86.02566312970262	76.87845081370078
0.0	Ruhuhucerberus	83.47750665286186	79.24068779147356
0.0	Ruthenosaurus	105.15239869827396	104.8912835215304
0.0	Sangusaurus	69.67858916359876	60.165815447796504
0.0	Santacruzgnathus	53.99145998404265	53.12172451516266
0.0	Santacruzodon	61.754455528230594	51.60513857406295
0.0	Santagnathus	52.41966602295059	33.16861056316737
0.0	Sauroctonus	87.3842421686122	83.36693834985073
0.0	Sauroscaptor	83.68163376043198	79.01930854634914
0.0	Scalenodon	71.153594580689	63.03528501549607
0.0	Scalopocephalus	84.37230186554136	84.18450319948386
0.0	Scalopodontes	88.15004712337802	87.85370358260234
0.0	Scalopognathus	76.28283277668531	76.22472403262272
0.0	Scaloporhinus	81.08531490696996	80.91567685284237
0.0	Scaloposaurus	84.27871909116925	73.00214913251062
0.0	Scaloposuchus	83.0718435834423	82.92195676763465
0.0	Scylacoides	89.25857833725027	88.66109048909603
0.0	Scylacops	86.12038578330285	78.43071134792277
0.0	Scylacosaurus	87.39703631831428	82.45053003755837
0.0	Scylacosuchus	88.38129572601858	88.09780241958808
0.0	Scymnosaurus	89.43084869061921	85.8020493563399
0.0	Secodontosaurus	114.58990127650628	98.55812567851387
0.0	Sesamondontoides	68.79779169367781	68.57295055423522
0.0	Shaanbeikannemeyeria	71.74980125524984	69.00529324432024
0.0	Shansiodon	71.63733470759657	66.83483590972985
0.0	Shiguaignathus	78.88948573627364	78.75983499106168
0.0	Silphedosuchus	73.3786125015662	73.32351563883773
0.0	Silphoictidoides	80.46205684827994	79.43494859808719
0.0	Sinoconodon	33.227104568438584	32.64949475472375
0.0	Sinognathus	71.4575819478978	71.18332406233064
0.0	Sinokannemeyeria	71.77626485325325	64.35985527196104
0.0	Sinophoneus	97.94589573143844	92.39840040542008
0.0	Sintocephalus	81.92517449901374	81.73868167452402
0.0	Siriusgnathus	62.58051624335062	30.190617867926697
0.0	Sludica	89.55043705847461	85.31372707772627
0.0	Smilesaurus	85.52250007647561	81.29390798090418
0.0	Sphenacodon	123.72728328391256	110.61468889342663
0.0	Stahleckeria	67.78453797354203	58.04680076662554
0.0	Stereophallodon	112.84081624406141	112.45439156701437
0.0	Struthiocephaloides	89.59858897696382	84.37875029552775
0.0	Struthiocephalus	89.47381024711885	84.42471686906258
0.0	Styracocephalus	87.67532535571223	84.81417210198052
0.0	Suchogorgon	87.97836828177577	84.46572403976133
0.0	Suminia	89.46481966737208	84.62814919610145
0.0	Sungeodon	73.67160713723865	73.61669870808299
0.0	Sycosaurus	86.2649132962743	78.37273181404977
0.0	Syodon	101.60522535643906	84.74664129281987
0.0	Syops	85.01754401466873	79.80364877577522
0.0	Sysphinctostoma	70.40917205461331	67.4734481162928
0.0	Tambacarnifex	109.0049955885494	108.58339567202687
0.0	Tamboeria	87.01028669739598	86.36267630637099
0.0	Taoheodon	80.07013198452128	79.98926112919617
0.0	Tapinocaninus	91.24263727339384	90.96749958074862
0.0	Tapinocephalus	89.4315164979405	84.52381407257845
0.0	Taurocephalus	88.67927774757096	88.07253935718644
0.0	Tessellatia	49.024025793897884	47.95398218025182
0.0	Tetraceratops	104.88379806564431	104.62646655331473
0.0	Tetracynodon	86.66902574963362	71.24805166253108
0.0	Tetragonias	70.70740440504295	68.97134275028507
0.0	Theriognathus	85.3578776428671	67.76713613618662
0.0	Therioides	88.57406071053943	87.9652075530976
0.0	Theroteinus	33.635806556418665	32.93874897152995
0.0	Thliptosaurus	83.1751029380155	83.01995849869735
0.0	Thomasia	33.672531227976755	26.67208937355954
0.0	Thrinaxodon	76.88303882930656	71.55887382433463
0.0	Tigrisuchus	84.12572999907054	80.8912645753905
0.0	Tikitherium	56.28119474755807	55.33646614515219
0.0	Titanogomphodon	62.70069177428843	62.50558098385291
0.0	Titanophoneus	92.74084028983202	84.43678619924236
0.0	Titanosuchus	89.11037703976938	84.49110610965676
0.0	Traversodon	65.77973123612323	64.45110595556858
0.0	Traversodontoides	68.02592376351753	67.77310034940247
0.0	Trichasaurus	100.99500264160196	100.47927775221827
0.0	Tricuspes	41.18392376864273	25.24137528608864
0.0	Trirachodon	71.16658877997187	67.5640150496233
0.0	Trochorhinus	88.97424681015748	88.36002055076216
0.0	Trochosaurus	89.0987666336189	84.5311930849831
0.0	Trochosuchus	85.43564944325267	84.93026902309639
0.0	Tropidostoma	87.45852486710646	78.77084906442641
0.0	Trucidocynodon	58.29357997689953	43.849083000675755
0.0	Turfanodon	84.18665848197183	77.20770301657892
0.0	Ufudocyclops	70.57840472114138	62.78761189820048
0.0	Ulemica	92.45656404841074	85.84941009504557
0.0	Ulemosaurus	93.01085459775112	84.20678942330987
0.0	Uniserium	26.931567134647498	26.35850781284494
0.0	Uralocynodon	83.1830490938834	83.04352279441886
0.0	Uralokannemeyeria	71.27875212491088	68.14028081184914
0.0	Urumchia	76.48526744336866	76.42991645833054
0.0	Ustia	86.3949500846299	85.9851945947893
0.0	Varanodon	98.14899868018671	97.62335816536341
0.0	Varanops	114.296559173788	99.24945375820126
0.0	Varanosaurus	116.55070881088655	98.96577400953433
0.0	Vaughnictis	117.56998497508995	113.6992316511684
0.0	Venyukovia	91.20843067505362	90.91890669304358
0.0	Vetusodon	77.8623532421929	77.74903975460052
0.0	Viatkogorgon	88.13843985800106	85.30770379530435
0.0	Viatkosuchus	85.54354429575376	84.70349507340283
0.0	Vinceria	69.50139102925168	66.71520223921162
0.0	Vivaxosaurus	93.07940495580002	79.02934664084927
0.0	Wadiasaurus	68.7680751851445	68.53275700566032
0.0	Walteria	87.9084653717315	87.19834461430467
0.0	Watongia	91.00611403644552	90.81684480144055
0.0	Woutersia	33.30985983656062	27.21561742510488
0.0	Woznikella	54.284021237921884	51.4762652472721
0.0	Xiyukannemeyeria	70.9671559336331	64.39391029882484
0.0	Yikezhaogia	71.60808332685684	71.31469435957285
0.0	Zambiasaurus	71.15243230825622	70.96962336100086
