clade	species	ts	te
0.0	Abyssomedon	111.33462236968484	110.84063136318159
0.0	Acadiella	57.166675954977485	55.55516214107054
0.0	Acaenasuchus	52.30552707653827	33.580520275137566
0.0	Acallosuchus	46.87079495897949	44.99772611855928
0.0	Acerosodontosaurus	80.08699223861932	79.96359370735367
0.0	Acleistorhinus	104.46888368534266	102.86191174737368
0.0	Acrodenta	81.92487842571286	81.82227193296649
0.0	Actiosaurus	30.027221891945974	29.14068729014507
0.0	Adamanasuchus	42.58699839069534	40.804127215107556
0.0	Adelosaurus	81.16943771835918	81.06029294297149
0.0	Aenigmasaurus	74.84623148174087	74.41163953026512
0.0	Aenigmaspina	57.000453048524264	55.493319712356175
0.0	Aenigmastropheus	81.27344771485744	81.1645807993997
0.0	Aetosauroides	59.37476730915458	34.85103059329664
0.0	Aetosaurus	51.796435839919965	33.29734077588794
0.0	Agkistrognathus	75.15637289444723	74.73018900950477
0.0	Agnosphitys	58.13713652776388	56.322656484742375
0.0	Alexeyisaurus	42.33054235967984	41.55286851675839
0.0	Alwalkeria	58.59482692896448	57.433818484742375
0.0	Amanasaurus	57.63962330515258	35.39455116758379
0.0	Ammorhynchus	72.22898912306154	69.83922277988997
0.0	Ammosaurus	26.536301105052527	24.302539140570286
0.0	Amotosaurus	72.22904304402202	68.66141210805402
0.0	Anarosaurus	71.87867749424713	67.61828365282642
0.0	Anchisauripus_Temperate_N	46.97485761330665	24.537632647823912
0.0	Anchisauripus_Tropical_N	51.93200983741871	22.697538821410703
0.0	Ancistronychus	48.28621165432716	46.219974408704346
0.0	Angistorhinus	62.041206310155076	36.030005626313155
0.0	Anisodontosaurus	71.95330247223612	63.06980865232616
0.0	Anomoepus_Temperate_N	26.310711632316156	24.411278082541273
0.0	Anomoepus_Tropical_N	47.41910789094547	24.001284020010004
0.0	Anomoiodon	72.26907537468735	68.42895259279639
0.0	Anshunsaurus	64.74715017808904	53.36352666933467
0.0	Anthodon	84.55241448774387	78.94334504002
0.0	Anticheiropus	25.795147269134567	24.89603032166083
0.0	Apachesuchus	45.353226880940475	43.551192367183596
0.0	Apatopus_Temperate_N	57.75953516058029	56.24592242071035
0.0	Apatopus_Tropical_N	53.14323907903952	26.535114950475236
0.0	Apatopus_Tropical_S	57.784571805402706	56.22727885692847
0.0	Apatosuchus	40.94425390145073	39.218814808404204
0.0	Aphelosaurus	121.05737734967484	120.0950982376188
0.0	Araeoscelis	115.31453142021012	97.22708206203102
0.0	Archeopelta	64.98517028714357	64.31670579889945
0.0	Archosaurus	84.919366006003	81.70636924212107
0.0	Arcticodactylus	44.066069667833915	42.67896954677338
0.0	Arganaceras	82.21441957878939	82.094808010005
0.0	Arganasuchus	58.81233103351676	50.76426129564782
0.0	Argoides	26.599894508754378	24.430842870435217
0.0	Arizonasaurus	72.08772502251125	69.95305101550775
0.0	Asilisaurus	72.15151502851425	66.9230315657829
0.0	Askeptosaurus	69.22992439269635	60.5247698224112
0.0	Asperoris	70.7477746138069	70.09066340520259
0.0	Asylosaurus	33.303075112056035	26.54253018909455
0.0	Atopodentatus	69.9151025197599	68.86778566833416
0.0	Atreipus_Temperate_N	58.65924133766884	57.04953393096549
0.0	Atreipus_Tropical_N	56.85335106203102	38.348464364182085
0.0	Augustaburiania	75.2663366348174	72.4212380010005
0.0	Augustasaurus	68.27479383291644	67.57302547873937
0.0	Australothyris	86.93697558129064	86.49241438169084
0.0	Austriadactylus	40.42696158729365	34.07938829964982
0.0	Austriadraco	36.80180548974487	35.08023314607304
0.0	Avalonnectes	25.74402319009505	24.921903093046524
0.0	Avicranium	29.548719404202096	28.49599949324662
0.0	Azendohsaurus	57.327277130065035	55.49851895847924
0.0	Baeotherates	111.79743512006003	111.42906104352176
0.0	Baisesaurus	73.49547164482242	72.98458291745874
0.0	Barasaurus	85.15443593346674	74.44578033716859
0.0	Barberenasuchus	64.83353763931966	64.18069015257629
0.0	Barracudasauroides	71.65551501300651	67.0531006068034
0.0	Barracudasaurus	71.88626944772386	66.94441057428715
0.0	Barrancapus	48.298437215107555	46.248681993997
0.0	Bashkyroleter	97.68222587743873	89.3366925267634
0.0	Batrachopus_Temperate_N	71.64754671035516	25.463543026513257
0.0	Batrachopus_Tropical_N	40.04428066133067	24.098617384192096
0.0	Batrachotomus	64.88391885892948	60.98591294197099
0.0	Belebey	95.44756377488744	89.17529494997498
0.0	Benggwigwishingasuchus	70.61905314357179	69.86396962731367
0.0	Bentonyx	70.85437802401202	70.02812677088544
0.0	Bergamodactylus	40.43745021860931	38.93532269584792
0.0	Besanosaurus	66.43916275137569	65.60129589594797
0.0	Blezingeria	69.10852910255127	68.29210758279139
0.0	Blomosaurus	76.7490528264132	76.43389798499248
0.0	Bobosaurus	61.11644251275638	59.70343950825413
0.0	Bolosaurus	120.60037820560281	100.43690270585293
0.0	Boreopricea	75.28057801800901	73.22508704352175
0.0	Brachychirotherium_Temperate_N	59.01749624962481	57.68597025012507
0.0	Brachychirotherium_Tropical_N	56.86333553826913	28.34874331715858
0.0	Brachychirotherium_Tropical_S	58.58403165532766	52.76957418809404
0.0	Bradysaurus	89.52838604652325	83.91547268384191
0.0	Brasinorhynchus	65.88599962131066	62.558448194097046
0.0	Brazilosaurus	116.1144417923962	107.40197063881942
0.0	Bromsgroveia	72.06113573886944	67.02324173286644
0.0	Broomia	88.27538560030015	84.58864348624311
0.0	Bunostegos	77.77037414607302	77.65082066533267
0.0	Buriolestes	59.9111160290145	35.08415690245123
0.0	Bystrowisuchus	74.93852815057531	74.49032165982992
0.0	Callawayia	46.876887949974986	36.37459887543772
0.0	Calyptosuchus	59.066092209604804	33.147800171585786
0.0	Camelotia	32.694923114057026	27.986936459729865
0.0	Camposaurus	43.49781302751376	41.78753579189595
0.0	Candelaria	66.95930427263632	61.4220514062031
0.0	Captorhinikos	108.38563938469234	97.96373074937469
0.0	Captorhinoides	107.0231995897949	98.371816973987
0.0	Captorhinus_Temperate_S	81.34710878189095	81.23586691945972
0.0	Captorhinus_Tropical_N	112.02218344322162	97.57773672036018
0.0	Captorhinus_Tropical_S	115.56282306303152	99.12810648474237
0.0	Cargninia	43.00892991695848	41.41262961580791
0.0	Carnufex	56.87268709354677	55.369207866433214
0.0	Cartorhynchus	73.28621794297149	72.82654373886943
0.0	Caseosaurus	40.77344956528265	39.07565666933467
0.0	Caviramus	32.108773298149075	31.19754231615808
0.0	Ceresiosaurus	67.21579159229616	62.16337619709855
0.0	Chalishevia	66.8222122366183	61.81376146073036
0.0	Chanaresuchus	66.79119813606803	61.91521535367684
0.0	Chaohusaurus	75.19393494347173	66.63412512756379
0.0	Chasmatosuchus	76.79338768834417	72.18616352926465
0.0	Chelyoposuchus	29.861640839419707	29.319602332166085
0.0	Chinchenia	65.74410927963982	64.93847193196599
0.0	Chindesaurus	52.050720134567285	35.82785403551776
0.0	Chinshakiangosaurus	25.462872061030517	25.03847612056028
0.0	Chirotherium_Temperate_N	61.121872905952976	27.411705710855426
0.0	Chirotherium_Temperate_S	66.12599236568283	62.65827693996999
0.0	Chirotherium_Tropical_N	77.07010993246624	34.08857941170585
0.0	Chromogisaurus	58.93663210605303	57.64185889544772
0.0	Clarazia	68.62024449524762	67.84727130465234
0.0	Claudiosaurus	85.03586863131567	76.61106564332167
0.0	Clevosaurus_Temperate_N	62.06593666833416	24.064685423711857
0.0	Clevosaurus_Temperate_S	58.46166791945973	33.43119375087544
0.0	Coahomasuchus	58.637275317658826	41.86846117458729
0.0	Coartaredens	71.7718295697849	67.35861707053526
0.0	Coburgosuchus	46.88659894097049	45.104358497748876
0.0	Coelodontognathus	75.11068608554277	72.23383199999999
0.0	Coelophysis_Tropical_N	53.26222224012006	24.9441543971986
0.0	Coelophysis_Tropical_S	42.23628124262132	40.7441433901951
0.0	Coelurosauravus_Temperate_N	81.97859152026014	81.86883842271135
0.0	Coelurosauravus_Temperate_S	83.11068777188594	77.6903143621811
0.0	Coelurosaurichnus_Temperate_N	71.6060115707854	27.445790676338166
0.0	Coelurosaurichnus_Tropical_N	71.12044295747874	34.824347739869935
0.0	Coelurosaurichnus_Tropical_S	58.66484309854927	53.86592330965483
0.0	Coletta	74.27641942071035	73.80381505352678
0.0	Collilongus	74.35330077238619	73.91310133416708
0.0	Colobomycter	115.54547701850926	107.44240294047023
0.0	Colobops	42.745709505752885	40.895220794397204
0.0	Coloradisaurus	48.08068126363182	37.04401434467233
0.0	Coloradisuchus	42.95798594847424	41.31803511855928
0.0	Concavispina	56.74624306003002	54.93297946423212
0.0	Contectopalatus	68.2019739589795	67.45580293946973
0.0	Corosaurus	73.72974699349675	72.11779677088545
0.0	Cosesaurus	63.547948617308656	62.7679242146073
0.0	Crosbysaurus	53.0178913881941	33.71044481440721
0.0	Ctenosauriscus	73.49149448274137	73.05685848274139
0.0	Cyamodus	71.62996301100551	53.13490311105553
0.0	Cymatosaurus	72.02907976888444	67.27574657678839
0.0	Cymbospondylus_Temperate_N	70.46932610705352	61.02308505752877
0.0	Cymbospondylus_Tropical_N	74.2272714212106	62.52904025562782
0.0	Czatkowiella	74.23629529764882	73.81896212756378
0.0	Dactylosaurus	72.11202760730365	67.21657025412706
0.0	Daemonosaurus	30.786675213606802	29.705262070535266
0.0	Dagasuchus	58.9392763791896	57.66995911855928
0.0	Dawazisaurus	69.13511339419709	68.49095329364684
0.0	Decuriasuchus	68.94922413506754	61.66595918409205
0.0	Delatorrichnus	25.528561251625813	25.068231611805903
0.0	Delorhynchus	114.58282468434217	106.88221466783392
0.0	Deltadectes	46.02556679989995	28.93587330865433
0.0	Deltavjatia	89.82728904652326	84.62177776788394
0.0	Desmatosuchus	58.751577552276146	33.69778078989495
0.0	Diandongosaurus	69.53779074487244	68.89473681190594
0.0	Diandongosuchus	64.61055700850426	63.69308903051526
0.0	Dianmeisaurus	70.20805904002002	67.9885884622311
0.0	Dianopachysaurus	69.59771329714857	68.914456931966
0.0	Dimetropus	115.76325524712357	107.30575448974487
0.0	Dimorphodon	25.81695044722361	25.125967047523766
0.0	Dinocephalosaurus	69.87636037668834	68.67056419259629
0.0	Diphydontosaurus_Temperate_N	62.00001323161581	26.39879328014007
0.0	Diphydontosaurus_Tropical_N	40.48117640570285	38.99342877138569
0.0	Diphydontosaurus_Tropical_S	45.35907454377189	43.63210055327664
0.0	Dolabrosaurus	41.177112241620804	39.43875608554278
0.0	Dolerosaurus	55.15235564732367	53.60224932366183
0.0	Dolichobrachium	58.783488187093546	57.26004603751875
0.0	Doliovertebra	70.53898668834418	69.66849686443221
0.0	Dongusuchus	70.75526401450725	67.35459949674838
0.0	Dorosuchus	70.83060864082042	68.21731877188594
0.0	Doswellia	62.330115675337666	35.383498468234116
0.0	Dracoraptor	25.80593262581291	25.11320486493247
0.0	Drepanosaurus_Temperate_N	41.21746982991496	39.56750886843422
0.0	Drepanosaurus_Tropical_N	49.43382354577289	27.831183635317657
0.0	Dromomeron_Temperate_S	44.27852784292145	42.51935463781891
0.0	Dromomeron_Tropical_N	50.79217850975487	28.07729548374187
0.0	Dromomeron_Tropical_S	50.8694981975988	35.28336026763382
0.0	Dyoplax	57.16305929814907	55.46740997598799
0.0	Ebrachosuchus	58.43878620010005	56.803878180090045
0.0	Effigia	34.603823018509246	26.53857776888444
0.0	Efraasia	44.59529211055528	36.29640960530264
0.0	Eifelosaurus	71.21193451925963	70.28145046623312
0.0	Elachistosuchus	30.252290041520762	29.690220932466232
0.0	Elessaurus	74.16992834717358	73.76924745772887
0.0	Elginia	82.2349903631816	76.89909525762882
0.0	Embrithosaurus	89.30410375487743	84.59965882291145
0.0	Emeroleter	89.88056669634817	84.90319294697348
0.0	Endennasaurus	40.26927278189095	38.828615215607805
0.0	Energosuchus	66.18675979689844	62.06550695247624
0.0	Eodromaeus	55.92100608304151	54.550799384192096
0.0	Eohupehsuchus	73.21704441220609	72.72968269884942
0.0	Eohyosaurus	71.22664998549274	67.4462587753877
0.0	Eomurruna	76.84020277438721	76.20873550475237
0.0	Eoplesiosaurus	25.69883376638319	24.8938370070035
0.0	Eoraptor	60.43116878589295	54.84254603251626
0.0	Eorasaurus	87.43892161530766	86.9992284452226
0.0	Eorhynchochelys	56.75168829114558	55.17118641520761
0.0	Eosauropus_Temperate_N	51.10392879989995	37.67014910505252
0.0	Eosauropus_Tropical_N	51.151767666333164	34.67792242671336
0.0	Eretmorhipis	65.78884653226613	65.00054624312156
0.0	Erpetosuchus	43.75923435067534	41.6577253841921
0.0	Erythrosuchus	72.02557214257128	67.10218042821411
0.0	Erythrovenator	58.488608262131066	57.049431452226116
0.0	Eshanosaurus	25.499508414707353	25.078059637818907
0.0	Eubrontes_Temperate_N	52.2422922146073	24.047929854927464
0.0	Eubrontes_Tropical_N	51.295663389694845	24.137082022011008
0.0	Eucoelophysis	49.22393065382691	26.829703249624814
0.0	Eudibamus	111.88762650725361	111.5951079569785
0.0	Eudimorphodon	45.36920647523762	26.050498179589795
0.0	Eumetabolodon	74.12184146023012	67.66032673486744
0.0	Eunotosaurus	89.50447024362181	84.69681944322163
0.0	Euparkeria	71.77940493196597	66.95714339019509
0.0	Eurhinosaurus	25.703507119059534	25.11515664682341
0.0	Eurycleidus	26.07479242671336	25.283716154577288
0.0	Eusaurosphargis	71.83216574987493	63.44020538469235
0.0	Euscolosuchus	59.12821009004502	57.39132264782391
0.0	Evazoum	57.940946263131565	27.79910588744372
0.0	Fasolasuchus	44.21422344972486	42.446997955477734
0.0	Faxinalipterus	46.408872091545774	36.78401200350175
0.0	Feeserpeton	111.28920493846923	110.84263486943472
0.0	Feralisaurus	70.33366356528265	69.55518426113058
0.0	Fodonyx	72.23593666733366	66.9408628434217
0.0	Fraserosphenodon_Temperate_N	57.875260011505745	56.06497488294146
0.0	Fraserosphenodon_Tropical_S	42.645346189594804	41.0443836088044
0.0	Fraxinisaura	63.80159642121061	62.96131237518759
0.0	Fugusuchus	71.62657146223113	71.02413635367684
0.0	Fuyuansaurus	64.5479087753877	63.7641315827914
0.0	Galesphyrus	83.27519740820411	80.10307304552276
0.0	Gamatavus	66.25046667983993	62.87950873236618
0.0	Gansurhinus	98.08112227063532	80.5677608534267
0.0	Garjainia_Temperate_N	75.30149259029514	72.13713268184092
0.0	Garjainia_Temperate_S	76.08065386493247	72.10620392746372
0.0	Garzapelta	43.72104869584793	42.05253933716858
0.0	Gecatogomphius	100.73004429564782	93.21736385092548
0.0	Gephyrosaurus	32.724459544272136	27.415044192096047
0.0	Glaurung	81.02842334617308	80.91701172636319
0.0	Glyphoderma	63.88095728964482	62.98052089344672
0.0	Gnathovorax	57.580546073036516	41.88733754827414
0.0	Gojirasaurus	43.413807693346676	41.503382860930465
0.0	Gomphiosauridion	56.82644887943972	55.08659117608804
0.0	Gorgetosuchus	58.156719117058536	56.451953514257134
0.0	Gracilisuchus	66.18886903301652	62.19375878539269
0.0	Grallator_Temperate_N	58.66267741770885	23.795025327663833
0.0	Grallator_Temperate_S	57.6536186458229	39.99128484442221
0.0	Grallator_Tropical_N	59.341014317158574	24.215558005002503
0.0	Graoullyodon	31.658539961980992	30.755994644322165
0.0	Gregaripus	52.79083089044522	37.63258563181591
0.0	Gresslyosaurus	48.94209223161581	32.486858413206605
0.0	Grippia	75.60992006503253	72.3764266138069
0.0	Guaibasaurus	51.34651676738369	33.637886264132064
0.0	Gualosuchus	66.1806584612306	62.60527139669835
0.0	Guanlingsaurus	58.92135527613807	52.54317623211605
0.0	Guchengosuchus	70.1761751275638	69.47539251475737
0.0	Guizhouichthyosaurus	66.09448685392697	52.403860619809905
0.0	Gulosaurus	75.86455517858928	74.33946246623312
0.0	Gunakadeit	42.720612944472244	40.89617210505253
0.0	Gwyneddichnium	51.369154755877936	26.483167707853926
0.0	Gyposaurus	26.310118456728365	24.92655575587794
0.0	Halazhaisuchus	70.11760908954477	69.40899761430715
0.0	Haligonia_Temperate_N	32.26567317858929	27.748163426213107
0.0	Haligonia_Tropical_N	57.38576813056528	55.691181493746875
0.0	Hanosaurus	74.64322442671336	74.18233526813408
0.0	Helcura	26.60438844472236	24.572577545772887
0.0	Helveticosaurus	67.14110025312655	66.4161863651826
0.0	Hemilopas	73.07275345722861	67.87605265532767
0.0	Hemiprotosuchus	49.111146819909955	38.416369424212114
0.0	Heptasuchus	57.344368724862434	55.82610902151075
0.0	Herrerasaurus	61.47271976138069	52.14742494997498
0.0	Hescheleria	68.0697042266133	67.3100002586293
0.0	Hesperosuchus	51.79875208504252	27.414173862431213
0.0	Heterodontichnites	58.80335867933967	39.44907096448224
0.0	Heteropelta	70.20399512906452	69.37934983691846
0.0	Himalayasaurus	40.48135246773387	39.31871809454727
0.0	Hispaniasaurus	64.94000453826914	64.22331461780891
0.0	Honghesaurus	69.54239316408204	68.85820637368684
0.0	Horaffia	65.11419685192597	61.03737727963983
0.0	Hovasaurus	84.60803585592795	74.94185706853426
0.0	Howesia	70.68818130115058	68.13709700750374
0.0	Hudsonelpidia	43.15327059829915	41.673263818909454
0.0	Hupehsuchus	75.57150575887943	62.65929196348174
0.0	Hwiccewyrm	61.61370107353677	52.4582136168084
0.0	Hyloidichnus	81.30993430415207	76.76575051625812
0.0	Hyperodapedon_Temperate_S	61.61539443271636	33.14373656778389
0.0	Hyperodapedon_Tropical_N	59.741802396198096	54.073938584292144
0.0	Hypselorhachis	69.9596037943972	69.225030969985
0.0	Hypsognathus_Temperate_N	29.808019814407203	28.942371464732368
0.0	Hypsognathus_Tropical_N	58.20729484842421	27.774809045522762
0.0	Hypuronector	47.94819925612807	34.690034902451224
0.0	Icarosaurus	44.972048258629314	42.992713740870435
0.0	Ichthyosaurus_Temperate_N	33.45222633116558	24.298457542271134
0.0	Ichthyosaurus_Tropical_N	51.47870179739869	33.5875805737869
0.0	Ichthyotitan	30.54396831815908	29.576213113556776
0.0	Idiosaura	58.774423215607804	57.183756688344175
0.0	Ignotosaurus	57.19239009004502	55.8959173901951
0.0	Incertovenator	55.99048935917959	54.66525695747874
0.0	Ingentia	44.35160950975488	42.55994393446723
0.0	Isfjordosaurus	73.40536215807903	72.9271177553777
0.0	Ixalerpeton	60.948229623811905	39.37818526313157
0.0	Jaklapallisaurus	42.80669337218609	41.470656007003505
0.0	Jaxtasuchus	64.7796002356178	61.23493880590296
0.0	Jesairosaurus	70.86644898899449	70.22681871885943
0.0	Jingshanosaurus	26.159003366183093	24.609451299649823
0.0	Jushatyria	69.80977537568783	69.24270662531265
0.0	Kadimakara	76.82596056128064	76.23681665132565
0.0	Kalisuchus	76.6146278174087	76.26569767383693
0.0	Kapes_Temperate_N	76.17373436018009	69.0251709389695
0.0	Kapes_Tropical_N	71.88874223111554	67.72375674487245
0.0	Kayentapus_Temperate_N	26.500865967983994	24.34432895647824
0.0	Kayentapus_Tropical_N	53.23291567883942	24.53862030665333
0.0	Keichousaurus	74.46370977738869	60.80911296048024
0.0	Kholumolumo	52.55437963631816	34.267660788894446
0.0	Kinelia	83.06484194897449	82.94059560430216
0.0	Kintneria	50.75027178889445	33.90309263081541
0.0	Kitchingnathus	74.79280161430715	74.34288442871436
0.0	Kocurypelta	41.53912267433717	40.0789006228114
0.0	Koiloskiosaurus	71.88953550775386	71.01240692396199
0.0	Komlosaurus	26.66275284342171	24.2840535887944
0.0	Krzyzanowskisaurus	60.36334334567284	34.627008925462725
0.0	Kudnu	76.8524920470235	76.13650120210104
0.0	Kuehneosaurus	62.00747874937469	29.183132574787393
0.0	Kuehneosuchus	30.526690330665335	29.69298000750375
0.0	Kuruxuchampsa	56.79758305602801	55.53181265582791
0.0	Kwangsisaurus	75.85642338719359	72.74323822011006
0.0	Labidosaurikos	108.16038072386193	97.90837312806403
0.0	Labidosauriscus	115.32628015357679	106.30588410105054
0.0	Labidosaurus	108.35540173886943	97.92038554127063
0.0	Lagerpeton	67.15700927313657	62.276487563781885
0.0	Lanceirosphenodon	42.609568837418706	41.00295570185093
0.0	Langeronyx	72.22283086993498	64.5591312246123
0.0	Langobardisaurus	43.088851096548275	33.37468930415208
0.0	Lanthaniscus	96.15606553176586	90.67742131315657
0.0	Lanthanolania	92.8797223861931	91.98080580240119
0.0	Lanthanosuchus	88.17958400350173	87.64430190395198
0.0	Laquintasaura	25.63865120110055	25.144900917458727
0.0	Largocephalosaurus	70.06658702551276	68.69648728364183
0.0	Lariosaurus	74.14286041020512	60.908463278139074
0.0	Lasasaurus	75.3306660170085	74.92535132666332
0.0	Lavinipes	26.269272292146074	24.1855103911956
0.0	Lepidus	43.034650812406205	41.504549691845924
0.0	Leptonectes	26.297610986993497	24.809499175587796
0.0	Leptosuchus	52.60471381390695	33.21167018409204
0.0	Lessemsaurus_Temperate_S	52.4158707913957	33.530992218109056
0.0	Lewisuchus	66.58074392646324	55.17750533566783
0.0	Libognathus	42.15130868434217	40.60454816308154
0.0	Liliensternus	51.36855147023512	28.775063163581795
0.0	Lindwurmia	25.795637165582793	25.29958752376188
0.0	Litorosuchus	65.13730776438219	64.31051531815908
0.0	Lophostropheus	30.856261770385192	30.01526227863932
0.0	Lotosaurus	72.27506286193096	67.04801990345173
0.0	Lucasuchus	60.60589747873937	52.150650670335175
0.0	Lucianosaurus	43.98472930815408	42.17480190145073
0.0	Lucianovenator	44.7302303861931	42.97262989194597
0.0	Lufengosaurus	26.423355325662833	24.539871308154076
0.0	Lukousaurus	25.905851007503752	24.85056727363682
0.0	Luopingosaurus	69.6825767873937	69.02483175887944
0.0	Luperosuchus	65.92229820410206	62.893940546773386
0.0	Macgowania	44.92543019759879	35.72837446523262
0.0	Machaeroprosopus	52.53784943271636	26.315170998999502
0.0	Macrocnemus	71.92892228814408	61.20338932316158
0.0	Macrocollum	49.64261488294147	36.38171088494247
0.0	Macroleter_Temperate_N	97.26175245472736	89.37823533116558
0.0	Macroleter_Tropical_N	92.99858284042021	92.34843170635317
0.0	Macroplacus	31.67231463381691	30.91007663431716
0.0	Macroplata	25.968346501750876	25.354784335167587
0.0	Maehary	49.325444918959484	38.36977215207604
0.0	Majiashanosaurus	73.97507021460729	73.51381326263132
0.0	Malerisaurus	46.6372292156078	36.448859026513254
0.0	Malutinisuchus	65.72662126313156	62.195718973987
0.0	Mambawakale	69.49092715707853	68.73936969084542
0.0	Mandaphon	70.17622433616809	69.46724504402202
0.0	Mandasuchus	71.87354576538269	67.1611973611806
0.0	Marasuchus	67.24717252626314	61.94243385442721
0.0	Marcianosuchus	71.36481738269134	70.47377266533266
0.0	Massospondylus	58.83551324712356	57.59888901550775
0.0	Mbiresaurus	60.71080940370185	53.23538256828414
0.0	Megachirella	68.77278118559279	67.98714707503753
0.0	Megalancosaurus	42.78128649124562	33.82149583141571
0.0	Megalosauripus	25.814989708854426	25.382730021010502
0.0	Megalosaurus	29.260934854427212	28.49123055977989
0.0	Megapnosaurus	25.820597663331668	24.760665331165583
0.0	Mehliella	59.41784236718359	57.885726813406706
0.0	Melanorosaurus	43.74359096498249	42.03269234767384
0.0	Merriamosaurus	73.35277825712856	72.88721459729865
0.0	Mesodapedon	69.29389986343172	68.58901062831414
0.0	Mesosaurus_Antarctic	115.83962661030516	107.32759166533268
0.0	Mesosaurus_Temperate_S	115.52547299749875	108.12753591495748
0.0	Mesosuchus	72.02323971735868	67.18086726513256
0.0	Metamosaurus	111.56549074137068	111.1683315797899
0.0	Metashastasaurus	50.24559263981991	34.3637338304152
0.0	Microcnemus_Temperate_N	76.85209565132566	72.29071766433216
0.0	Microleter	111.55987473486744	111.14950058479239
0.0	Micromenodon	55.23802021160581	53.572507348174085
0.0	Microsphenodon	49.82469243071536	37.56993627113557
0.0	Mikadocephalus_Temperate_N	64.01144020360181	63.308696060030016
0.0	Mikadocephalus_Tropical_N	68.12065929414709	67.30423287093546
0.0	Milleretta	85.37105271385693	76.3734045887944
0.0	Millerinoides	80.34489905952977	80.20926453526764
0.0	Milleropsis	84.64483850375188	76.62597358629314
0.0	Millerosaurus	83.91578596248124	77.71382566583293
0.0	Miodentosaurus	60.22313825762882	54.13536383591796
0.0	Mixosaurus	72.04330531265633	62.42404045122561
0.0	Moradisaurus	81.7122523801901	76.49847897999
0.0	Mystriosuchus_Temperate_N	52.09522532516258	24.405870136568286
0.0	Mystriosuchus_Tropical_N	42.6497987733867	34.22307444672336
0.0	Nambalia	48.302579944472235	35.53174672436218
0.0	Nanchangosaurus	73.52296879739869	65.2640857763882
0.0	Nanoparia	83.5580808264132	80.39137971485742
0.0	Neoaetosauroides	52.00685156528264	33.68145671185593
0.0	Neoprocolophon	69.61341138619309	68.8789053571786
0.0	Neusticosaurus	71.46267737368684	61.07269942671336
0.0	Nhandumirim	48.90529362581292	37.8410314082041
0.0	Nicrosaurus_Temperate_N	51.948315516258134	33.62699738169084
0.0	Nicrosaurus_Tropical_N	45.28731791045522	43.510862270135064
0.0	Nochelesaurus	89.18742870535267	84.86030882791395
0.0	Notatesseraeraptor	43.16645184392196	41.28993927063532
0.0	Noteosuchus	76.62316721310656	76.23768986393196
0.0	Nothosaurus_Temperate_N	72.32556423911956	28.878825819409705
0.0	Nothosaurus_Tropical_N	71.23079244172085	61.31429415957979
0.0	Nothosaurus_Tropical_S	73.39057067033517	63.90253655827914
0.0	Nundasuchus	70.90351663031515	70.19988144372186
0.0	Nyasasaurus	71.67621600750375	68.06841034917458
0.0	Nycteroleter	95.3899686148074	90.68982307753876
0.0	Nyctiboetus	105.35922234917459	93.38804452126064
0.0	Nyctiphruretus	98.98741287193597	85.30564144922461
0.0	Obirkovia	87.34558335517758	82.79515135367683
0.0	Odontochelys	57.452993962481244	52.79403958129065
0.0	Omphalosaurus_Temperate_N	73.65653367033515	62.32712687993997
0.0	Omphalosaurus_Tropical_N	73.48675270835416	62.1680146188094
0.0	Opisthodontosaurus	115.80197750575289	107.96207978989494
0.0	Orenburgia	75.99310612306154	72.28534070685343
0.0	Orovenator	113.28761996548273	107.00160115007503
0.0	Oryctorhynchus	60.30474988094048	54.802492469734865
0.0	Oryporan	75.71123387793898	73.6539551465733
0.0	Osmolskina	74.47508060280138	74.06919774037019
0.0	Otozoum	42.10257262181091	40.20471784742371
0.0	Owenetta	85.30276533066535	74.34741408104053
0.0	Ozimek	58.1257365857929	52.76709278239119
0.0	Pachypes	78.30509128564282	78.20053308054027
0.0	Pachypleurosaurus	68.45154448474237	61.4352274022011
0.0	Pachystropheus	32.91561178739369	27.25517523861931
0.0	Palacrodon_Temperate_S	74.80460542871437	69.06288901150576
0.0	Palacrodon_Tropical_N	47.0370346178089	34.47172128464232
0.0	Palaeagama	77.84006102151075	77.64754727863932
0.0	Palaeochersis	50.108020362181094	37.56792467033517
0.0	Palaeosaurus	57.34393561030516	55.63054563681841
0.0	Palatodonta	70.32929596098047	69.44436690545272
0.0	Paleollanosaurus_Temperate_N	29.858751022511257	29.152634218109053
0.0	Paleollanosaurus_Tropical_S	41.4271054152076	39.81262527863932
0.0	Paliguana	74.04083004102051	73.58532979889944
0.0	Pamelaria	71.67883736068035	67.05564341770884
0.0	Pamelina	74.31004797598798	73.88318260730365
0.0	Pampadromaeus	58.40219649974988	38.777335298149076
0.0	Panguraptor	25.474042877438723	25.05929024512256
0.0	Panphagia	56.35827695447724	54.96676108504253
0.0	Pantydraco	59.013634694847426	57.23806575137569
0.0	Panzhousaurus	69.51087625512757	68.80915550925462
0.0	Pappochelys	64.20241498899449	63.45255625012506
0.0	Parabrontopodus_Temperate_N	26.38317131465733	24.452698251125565
0.0	Parahupehsuchus	73.07238337618809	72.58891482741372
0.0	Paralonectes	75.72583691745872	64.59496235067533
0.0	Paraplacodus	72.38519145172586	61.631614472236116
0.0	Pararcus	70.12229336668335	69.21514683491746
0.0	Parasaurus	84.60532204852427	79.54537453176589
0.0	Parasuchus_Temperate_N	75.60356444872436	48.90338321260631
0.0	Parasuchus_Temperate_S	60.37394491845923	54.72740298949475
0.0	Parasuchus_Tropical_N	61.03551814557278	41.804736841420706
0.0	Parasuchus_Tropical_S	51.296504142071036	39.99144442921461
0.0	Paratypothorax_Temperate_N	51.75612432416208	34.65727207553777
0.0	Paratypothorax_Tropical_N	52.38913228214107	33.525075792396194
0.0	Paratypothorax_Tropical_S	45.39709607753877	43.74520400250125
0.0	Pareiasaurus	89.13819624962481	77.08539930265134
0.0	Pareiasuchus	88.36635583391697	78.99410296698349
0.0	Parringtonia	69.46923704502251	68.76628790095047
0.0	Partanosaurus	64.73075446823412	64.00929973636819
0.0	Parvinatator	70.58295414507253	69.92711822111058
0.0	Parvosuchus	64.43695015707854	63.79795254977489
0.0	Pectodens	69.68924668784392	69.03973316258129
0.0	Pelecymala	60.493094186593304	52.877246584792395
0.0	Pendraig	57.80910491995998	56.03825954077038
0.0	Pentaedrusaurus	72.0248777833917	71.44031641720862
0.0	Permotriturus	89.42629667783892	88.77818167633816
0.0	Pessopteryx	73.4774649909955	69.05677798549274
0.0	Peteinosaurus	41.789382556778385	37.64132038569284
0.0	Phaanthosaurus	76.91082451325661	76.12167979389696
0.0	Phalarodon_Temperate_N	76.21925259279641	65.91957670735367
0.0	Phalarodon_Tropical_N	71.41595685342672	64.71473533816909
0.0	Phantomosaurus	69.66810842971486	68.82008990245123
0.0	Phonodus	76.5651728134067	76.20315692796399
0.0	Pisanosaurus	57.512902598299156	56.08976911155578
0.0	Pistosaurus	71.27449347973987	61.611716003001504
0.0	Placochelys	61.94624162131065	38.36804950525262
0.0	Placodus_Temperate_N	72.02671176388193	61.484674836918465
0.0	Placodus_Tropical_N	70.80471962731364	68.29955426263133
0.0	Placodus_Tropical_S	72.7323208134067	64.60791610905454
0.0	Planocephalosaurus_Temperate_N	62.41407799149575	27.367288499749876
0.0	Planocephalosaurus_Tropical_S	41.03642769884942	39.38741133116559
0.0	Plateosauravus	51.01069289244622	35.046234082041025
0.0	Plateosaurus_Temperate_N	52.205229400700354	25.18437436668334
0.0	Plateosaurus_Temperate_S	50.20180416308154	35.266483516758385
0.0	Platypterna	45.59785125562781	23.316436195597802
0.0	Plectropterna	26.613761976488245	24.267213746373187
0.0	Plesiornis	26.029066443721863	25.14636861230615
0.0	Plesiosaurus	33.26267366633316	24.641313746873436
0.0	Polesinesuchus	58.10670464682341	56.80323906453227
0.0	Polonosuchus	54.97289393446723	53.44476962981491
0.0	Polymorphodon	64.15914165382691	63.392792893946975
0.0	Poposaurus	60.79760236268134	28.457788784892447
0.0	Postosuchus	57.72990696598299	26.840361185092544
0.0	Powellvenator	45.213049841920956	43.47654707203602
0.0	Pravusuchus	43.00663712906453	41.32607347223612
0.0	Preondactylus	42.98717794097049	34.540983142071035
0.0	Prestosuchus	67.028177030015	56.49207974337168
0.0	Procerosuchus	65.02692047773887	64.35448008854426
0.0	Procolina	74.48622917608805	74.06523650775388
0.0	Procolophon	76.84767758729365	72.11639628564282
0.0	Procolophonichnium_Temperate_N	71.01414319609805	67.91564453826913
0.0	Procolophonichnium_Temperate_S	74.949784935968	74.53847273236619
0.0	Procompsognathus	40.557649482241125	38.85702023211606
0.0	Proganochelys_Temperate_N	51.89674730465232	28.139423059529765
0.0	Proganochelys_Tropical_N	41.99571709554777	40.22476824212106
0.0	Prolacerta	76.80642446623311	72.54235188744371
0.0	Prolacertoides	76.70452618559278	76.39528490695348
0.0	Prosantosaurus	66.15053379689846	65.46798230965483
0.0	Prosaurosphargis	73.11665385492745	72.64808350225113
0.0	Protanystropheus	71.7136717313657	68.22525851025513
0.0	Protecovasaurus	51.13796517208604	36.0485511685843
0.0	Protenodontosaurus	60.74145260930465	59.139813362681345
0.0	Proteosaurus	26.196870767383693	24.700635245622813
0.0	Proterochampsa	56.901742380690344	55.62388182241121
0.0	Proterochersis	50.51257979739871	35.10334554577289
0.0	Proterosuchus_Temperate_N	76.81645727813907	76.23849969134567
0.0	Proterosuchus_Temperate_S	76.83982570435218	72.15961207953977
0.0	Protoavis	51.157345141070536	35.75257434217109
0.0	Protocaptorhinus	115.05674820410204	105.8752602046023
0.0	Protoichthyosaurus	26.10098151225613	25.325307955977987
0.0	Protome	39.9157797603802	38.1051065797899
0.0	Protorosaurus	84.98896886293147	79.10001146723361
0.0	Protorothyris	124.12775776538268	118.44651966183092
0.0	Protosuchus	31.879385921460727	24.13765493746874
0.0	Provelosaurus	91.95661609504752	87.85087946473236
0.0	Psephochelys	55.60350568234117	53.93682353626813
0.0	Psephoderma_Temperate_N	33.00663230765383	26.641413475237616
0.0	Psephoderma_Tropical_N	42.14818653176588	37.583978415707854
0.0	Psephoderma_Tropical_S	68.99881964482242	66.1423885417709
0.0	Psephosauriscus	71.4810880110055	63.92426563481741
0.0	Psephosaurus_Temperate_N	63.605615351175594	62.682598764882435
0.0	Psephosaurus_Tropical_S	70.55581200350176	66.74531829864932
0.0	Pseudhesperosuchus	43.183627650325164	41.42102709604803
0.0	Pseudochampsa	56.52317910855428	55.17321922611306
0.0	Pseudotetrasauropus_Temperate_N	42.59526641270635	40.6586382076038
0.0	Pseudotetrasauropus_Tropical_N	51.63210104152076	26.62755943221611
0.0	Pterodactylus	25.417741057028515	24.871075270135066
0.0	Pumiliopareia	82.12273120710356	82.0150915577789
0.0	Qianichthyosaurus	64.61912213406703	52.87195184442222
0.0	Qianosuchus	69.8212261975988	68.52244887793897
0.0	Qianxisaurus	64.7828703871936	63.9892875917959
0.0	Quasianosteosaurus	73.36861489194597	72.91114812306154
0.0	Raeticodactylus	33.8959073901951	32.831095527763885
0.0	Rautiania	88.77812207903952	84.0755853931966
0.0	Redondasuchus	48.91685308554277	34.218899899949974
0.0	Redondavenator	44.4161046008004	42.44514069234618
0.0	Revueltosaurus	58.64575413056529	33.01082580090045
0.0	Rhaeticosaurus	31.198071698849425	30.61059475737869
0.0	Rhipaeosaurus	92.6174611595798	86.1152568414207
0.0	Rhomaleosaurus	30.62727156778389	24.429788496248126
0.0	Rhombopholis	71.20690889044522	65.39290122511255
0.0	Rioarribasuchus	50.674663310155076	33.69349363881941
0.0	Riojasaurus	48.41490704002001	36.929602206603306
0.0	Riojasuchus	41.81088288244121	40.220244302651324
0.0	Romeria	121.80653194397199	120.6951622546273
0.0	Rothianiscus	97.16876096848425	89.698408042021
0.0	Rotodactylus	44.28125423511756	42.31789757128564
0.0	Ruehleia	50.06694088994497	37.8264175887944
0.0	Rugarhynchos	43.048501967983995	41.250570859929965
0.0	Ruhuhuaria	69.04543124862431	68.3228016578289
0.0	Rutiodon	58.391193612806404	33.096621285642826
0.0	Sacisaurus	45.819144673336666	43.99550569234617
0.0	Saltoposuchus	46.028889449224614	35.65381068284142
0.0	Sanchiaosaurus	69.3722324202101	68.7157347343672
0.0	Sanchuansaurus	78.14666920210105	78.03696711905953
0.0	Sanjuansaurus	56.18718442071035	54.9078156198099
0.0	Santaisaurus	76.87205642871434	76.0676936208104
0.0	Sarcosaurus	25.762605868934465	25.161003494747373
0.0	Sarmatosuchus	70.19451421710856	69.63994622911454
0.0	Saturnalia	59.2956650070035	40.74999954227113
0.0	Saurischichnus	52.09086952576288	33.92955983791896
0.0	Saurodektes	76.88280896148075	74.12722328464233
0.0	Sauropareion	76.54281144822413	72.58265320610306
0.0	Sauropus	26.08430556378189	25.20125464982491
0.0	Saurorictus	82.20240614707355	82.09682865032516
0.0	Saurosternon	81.46200528664332	81.30956171035518
0.0	Saurosuchus	58.35875906453227	57.089865820910454
0.0	Scelidosaurus	25.785683377688844	25.154358637818913
0.0	Scharschengia	73.35800815657828	72.88652616908453
0.0	Schleitheimia	42.211893579789894	40.345327490245126
0.0	Sclerocormus	73.32132559829917	72.869075983992
0.0	Sclerosaurus	72.28124721510756	68.59948768284141
0.0	Sclerostropheus	44.83470621210605	43.20190854327164
0.0	Scoloparia_Temperate_N	30.18691252226113	29.251469666833415
0.0	Scoloparia_Tropical_N	60.013259598799394	54.0437148394197
0.0	Scolotosuchus	74.37675040270135	73.94155458029014
0.0	Scutarx	52.09617597148575	33.849419675837915
0.0	Scutosaurus	90.20391518409205	81.86762451225613
0.0	Scythosuchus	74.63150609004502	74.18288921910955
0.0	Seazzadactylus	45.611719621810906	43.59951127063531
0.0	Selenichnus	26.39170297448724	24.383084664332166
0.0	Serpianosaurus	71.70826320410205	61.945150089544775
0.0	Shansisuchus	72.32577334267133	66.90822326513258
0.0	Shastasaurus_Temperate_N	40.5749707743872	38.91933280390195
0.0	Shastasaurus_Tropical_S	61.80832975037518	53.22631291795898
0.0	Shihtienfenia	79.14743532566284	76.54408751225613
0.0	Shonisaurus_Temperate_N	57.82844999949975	27.393867307153574
0.0	Shonisaurus_Tropical_N	52.34674352376188	40.5335923851926
0.0	Shringasaurus	71.9099514282141	66.8684265697849
0.0	Shuangbaisaurus	25.58169732766383	25.17311904602301
0.0	Shuvosaurus	52.911143625312654	26.702212229614805
0.0	Sigmala	61.62413471835917	52.76230583791896
0.0	Sikannisuchus	52.799427991996	34.79563385742871
0.0	Silesaurus	55.86781049674837	54.29993692396199
0.0	Sillosuchus	57.65216568134066	56.27288191795898
0.0	Simosaurus_Temperate_N	68.52090565082543	28.055569139069533
0.0	Simosaurus_Tropical_S	68.09104789844923	67.3367203781891
0.0	Sinocyamodus	56.49105875937969	54.760508817408706
0.0	Sinosaurosphargis	69.76844500650326	68.62423919409706
0.0	Sinosaurus	26.381993368184094	24.73969649024512
0.0	Skybalonyx	44.01753838969485	42.34477515507754
0.0	Smilodonterpeton	30.539449583791896	29.64946809554777
0.0	Smilosuchus	57.72568914357178	33.32180952326163
0.0	Sophineta	74.40086997248626	73.97654499999999
0.0	Soturnia	49.2858663641821	34.96247252376188
0.0	Soumyasaurus	43.182148111555776	41.55016406003002
0.0	Sphenotitan	50.58402983841921	36.182338477738874
0.0	Sphodrosaurus	42.99939169334667	41.25920907203602
0.0	Spinosuchus	57.782310191095554	38.94038990845423
0.0	Spondylolestes	81.86134419909955	78.1386396448224
0.0	Spondylosoma	66.43765756428215	62.17593458129064
0.0	Stagonolepis_Temperate_N	58.204368921960985	52.85604611555778
0.0	Stagonolepis_Tropical_N	51.20446970435217	33.999272864932465
0.0	Stagonolepis_Tropical_S	42.598834586793394	40.98963533166583
0.0	Stagonosuchus	71.95663047573787	67.54029526063033
0.0	Staurikosaurus	59.45799791245622	58.10856224862432
0.0	Stauromatodon	63.256906697348676	62.1753908364182
0.0	Stegomus	50.18960421410705	34.96670454077039
0.0	Stenaulorhynchus	71.72859931915957	66.98810954177088
0.0	Stenomyti	45.690774866433216	43.647379357178586
0.0	Stenoscelida	42.970851038019006	41.37481984942471
0.0	Stereosternum_Antarctic	111.93111996148073	111.35139967383692
0.0	Stereosternum_Temperate_S	115.84495731565784	107.77506702901451
0.0	Styracocephalus	89.02992788744372	84.59334792196098
0.0	Syntarsus	30.654746384692345	29.49110984942471
0.0	Syntomiprosopus	47.10546952376188	45.27377724712356
0.0	Tachiraptor	25.92020084792396	25.416304682341174
0.0	Tanaisosaurus	74.51300809804903	74.06283739319659
0.0	Tanystropheus_Temperate_N	71.74990409854927	26.68155640170085
0.0	Tanystropheus_Tropical_N	70.91415758479239	61.76331085442722
0.0	Tanystropheus_Tropical_S	70.62188342071035	67.5432847973987
0.0	Tanytrachelos	51.702068706353174	33.56797110405203
0.0	Tarjadia	66.45566088844421	61.54828598149074
0.0	Tarsodactylus	25.92466696198099	25.018243752876437
0.0	Tasmaniosaurus	76.83568485842922	76.09217146423212
0.0	Tawa	53.47381764382191	33.17071025012506
0.0	Taytalura	55.8215254292146	54.51595256878439
0.0	Technosaurus	41.517037085542775	39.879471371685845
0.0	Tecovasaurus	51.12320451625813	34.8495083901951
0.0	Tecovasuchus	52.02438179889945	34.49249246023011
0.0	Teleocrater	71.70385307753877	67.03087402651325
0.0	Temnodontosaurus	26.08025162831416	24.860079311155577
0.0	Teraterpeton	60.039961300650326	53.562776366683345
0.0	Teratophon	71.25635053676838	67.07199568934467
0.0	Teratosaurus_Temperate_N	69.00709805202601	37.5908542396198
0.0	Teratosaurus_Temperate_S	75.5491843911956	75.1420826588294
0.0	Termatosaurus	33.55695166533267	27.038594696348174
0.0	Terrestrisuchus	61.56851261630815	53.51673510905452
0.0	Tetrasauropus_Temperate_N	45.421206072536265	43.57599485292646
0.0	Tetrasauropus_Temperate_S	69.63437327213606	63.101602297648824
0.0	Teyujagua	74.52939069034518	74.10865235467735
0.0	Teyumbaita	49.23764265582791	33.501752565782894
0.0	Thadeosaurus	81.64403919359678	81.50405289844922
0.0	Thaisaurus	73.18732969384692	72.76558777638819
0.0	Thalassiodracon	33.39702061080541	24.108048820410204
0.0	Thalattoarchon	69.65289301700851	68.92641528464232
0.0	Thalattosaurus	70.58366364232114	64.22565044472236
0.0	Thecodontosaurus	68.7446570710355	25.80327664482241
0.0	Theledectes	69.64096702551277	68.9340042026013
0.0	Thelephon	70.06183602451226	69.3312512006003
0.0	Thelerpeton	71.51700223461731	67.85159768334165
0.0	Tholodus_Temperate_N	71.95064993796899	67.22099960130066
0.0	Tholodus_Tropical_N	68.75957161230615	68.07048112506254
0.0	Thuringothyris	115.94547569984992	106.83018108304152
0.0	Tichvinskia	75.87813864782392	72.16064852376189
0.0	Ticinosuchus	71.2227177393697	67.46231688444222
0.0	Tikisuchus	57.672993554777385	56.418794232616314
0.0	Timanophon	75.630874997999	72.46484097548775
0.0	Toretocnemus	60.37166316808404	52.854819609304656
0.0	Trachelosaurus	71.81663618909455	70.94880691745874
0.0	Trialestes	60.1852869689845	52.83785650875438
0.0	Tricuspisaurus	29.844874834417208	29.037098654327163
0.0	Trihamus	25.919646629314656	25.034970384192093
0.0	Trilophosaurus	58.30887171635818	33.38853400650326
0.0	Tropidosuchus	67.23248310155078	61.671153004002
0.0	Tuebingosaurus	42.47991535567784	40.65172943421712
0.0	Turfanosuchus	70.65186389494748	70.24567118459228
0.0	Typothorax	52.51513842171085	27.035235652826415
0.0	Uatchitodon	59.10943315907954	36.58589963031516
0.0	Unaysaurus	46.56997449324662	36.8600300270135
0.0	Unguinychus	41.523354827913955	39.69461580690345
0.0	Uralosaurus	71.02188787543771	67.9611564082041
0.0	Utatsusaurus	75.83412986043022	72.32280289394697
0.0	Vallesaurus	42.62192511405703	37.31858949924963
0.0	Vancleavea	59.28307774087043	27.511334233116557
0.0	Variodens	33.21463706003001	26.704667985992995
0.0	Vellbergia	63.49717957928964	62.445263160580296
0.0	Velocipes	45.129949797398694	43.611971594297145
0.0	Venaticosuchus	56.70665944222111	55.34365594947474
0.0	Venetoraptor	58.5606662136068	38.132084718859424
0.0	Vinitasaura	58.086809423211605	56.38221593996999
0.0	Vivaron	50.99412076838419	33.354861515257625
0.0	Vjushkovisaurus	70.93002499099549	67.84865560580289
0.0	Volcanosuchus	56.20921350775388	54.97475167683842
0.0	Vonhuenia	76.61894986343171	76.2833057883942
0.0	Vritramimosaurus	74.79448613306653	74.3646654002001
0.0	Vytshegdosuchus	74.77830985492747	74.32757994347173
0.0	Wahlisaurus	25.555686211105552	24.95885775887944
0.0	Waluchelys	43.951806028014005	42.10818037118559
0.0	Wangosaurus	64.92641545472736	60.44003970385193
0.0	Wannia	46.90627024612306	38.143532988994494
0.0	Wapitisaurus	75.07188734167083	74.6536453661831
0.0	Weigeltisaurus	84.69261733916959	79.30219730165084
0.0	Whitakersaurus	30.522667531765883	29.500239164582293
0.0	Wimanius	66.8856666418209	66.12235957628815
0.0	Wumengosaurus	71.7960488084042	67.22099431415707
0.0	Xenodiphyodon	57.736533352176096	56.04659912856428
0.0	Xilousuchus	70.03521739169585	69.4157816488244
0.0	Xingxiulong	25.596255997999002	25.188101184092048
0.0	Xinminosaurus	69.35778972136069	68.68237377688844
0.0	Xinpusaurus	65.33817035817908	52.51218247823912
0.0	Xiphopeza	25.864053061030514	24.93046016558279
0.0	Yarasuchus	71.74923009504752	67.22904413506753
0.0	Yelaphomte	43.90327327263632	42.052675012006006
0.0	Yimenosaurus	26.393240369684843	24.428795325662833
0.0	Youngetta	74.52420987993997	74.1014627573787
0.0	Youngina	85.37128003951976	76.33943971135568
0.0	Youngosuchus	70.5337900490245	70.08842432066034
0.0	Yunguisaurus	66.28307069334669	61.02796504452226
0.0	Yunnanosaurus	26.153593821910956	24.699569163081538
0.0	Zanclodon	67.10123074037018	27.614615056528265
0.0	Zhongjiania	84.19525284942472	79.59554315657827
0.0	Zupaysaurus	40.93914399199599	39.11952310355177
