clade	species	ts	te
0.0	Abyssomedon	111.99046980180181	111.84200795295294
0.0	Acadiella	58.10235344244244	57.306150240240235
0.0	Acaenasuchus	51.667502183183174	34.93478141441441
0.0	Acallosuchus	43.88779866966967	42.965900095095094
0.0	Acerosodontosaurus	80.6405485065065	80.53431508908909
0.0	Acleistorhinus	102.51351797998	102.22646283683683
0.0	Acrodenta	81.76063064564563	81.68049800300298
0.0	Actiosaurus	30.627277278278278	30.124992700700698
0.0	Adamanasuchus	42.825301603603606	41.9531785985986
0.0	Adelosaurus	81.83927444544545	81.7258946876877
0.0	Aenigmasaurus	73.6850301031031	73.5541004974975
0.0	Aenigmaspina	57.37774831531532	56.37108282282282
0.0	Aenigmastropheus	81.51000903603604	81.40608015215216
0.0	Aetobarbakinoides	57.035315379379384	56.46601827627628
0.0	Aetosauroides	62.30243361161161	34.01781551451452
0.0	Aetosaurus	52.23377421221221	33.55919645845846
0.0	Agnosphitys	58.55553965165165	57.74641331731731
0.0	Ahvaytum	57.940333141141146	57.47529718218219
0.0	Alwalkeria	57.70252401401402	57.221139670670674
0.0	Amanasaurus	61.61893573173173	34.24360592592593
0.0	Ammorhynchus	71.75566767067068	69.67604910410411
0.0	Ammosaurus	26.147721489489488	24.72291506006006
0.0	Amotosaurus	71.84567413313314	68.22180739239239
0.0	Ancistronychus	43.4456458018018	42.43436424724725
0.0	Angistorhinus	61.83446839039039	35.38057245245245
0.0	Anisodontosaurus	71.76319351151153	64.37807854554553
0.0	Anomoepus	25.637853347347352	25.197868353353353
0.0	Anomoiodon	71.87321465165165	68.4126651921922
0.0	Antarctanax	75.00034103503504	74.89967643943945
0.0	Anthodon	86.42912275375376	79.24394352252253
0.0	Apachesuchus	47.283326014014015	46.28618304204204
0.0	Apatopus	59.22489924724725	31.042070900900903
0.0	Apatosuchus	40.396026261261255	39.766142885885884
0.0	Aphelosaurus	121.35699934334335	120.85010451451451
0.0	Araeoscelis	114.63923454354354	97.69988944544545
0.0	Archeopelta	65.40208672572572	64.442395
0.0	Archosaurus	86.47044724524524	79.14840401001
0.0	Arcticodactylus	41.457975001001	40.84165686386386
0.0	Arganaceras	81.50807812812813	81.42894254554554
0.0	Arganasuchus	59.16464968668669	55.59357497897898
0.0	Arizonasaurus	71.78199168268267	69.59559825725725
0.0	Asilisaurus	71.67394616716717	67.00483279879882
0.0	Asperoris	70.2125475995996	69.62577691891892
0.0	Asylosaurus	33.09889652252252	27.421854473473473
0.0	Augustaburiania	75.99552631531533	72.06235346946947
0.0	Australothyris	87.52134067767767	86.899890983984
0.0	Austriadactylus	36.6842704034034	36.11440490190191
0.0	Avicranium	31.044090412412416	30.65114099199199
0.0	Azendohsaurus	58.484267986986985	57.88332899399399
0.0	Baeotherates	111.78730638738739	111.68098547247247
0.0	Baisesaurus	74.29041809709709	74.18849807407408
0.0	Barasaurus	86.41248331531531	72.17418372872874
0.0	Barberenasuchus	65.59127601801802	64.61966098298298
0.0	Bashkyroleter	98.7215235865866	89.5515901021021
0.0	Batrachopus	29.01540156956957	28.67654291491491
0.0	Batrachotomus	64.41639112812813	62.34277496496496
0.0	Beesiiwo	58.107681520520515	57.276794758758754
0.0	Belebey	97.29238094594596	89.23311344644645
0.0	Benggwigwishingasuchus	69.61219957357356	69.06916468868867
0.0	Bentonyx	69.3713791871872	68.85546835335336
0.0	Bergamodactylus	40.63377988288289	39.69881317317317
0.0	Blikanasaurus	29.790786067067067	29.491238394394397
0.0	Blomosaurus	76.60156076476478	76.50752700000001
0.0	Bolosaurus	122.12349104604606	100.82326614214215
0.0	Boreopricea	75.09582604704705	73.20246046246245
0.0	Bradysaurus	89.5118456866867	82.7282707927928
0.0	Brasinorhynchus	66.24869014814814	62.73901551651652
0.0	Bromsgroveia	71.70833468168169	66.38859265865867
0.0	Broomia	89.74197261861862	86.28249647147148
0.0	Bunostegos	78.35072696596598	78.27194406006006
0.0	Buriolestes	61.980526988988984	34.59887863063063
0.0	Bystrowisuchus	73.00996437837838	72.82568149249248
0.0	Calyptosuchus	58.12725462962963	33.61010516716717
0.0	Camelotia	33.49539690790791	27.403676443443445
0.0	Camposaurus	43.492522543543544	42.57099906406406
0.0	Candelaria	66.39121057057056	62.389016729729725
0.0	Captorhinikos	107.79661726226226	98.33421842742744
0.0	Captorhinoides	105.73608868668668	102.45300094494495
0.0	Captorhinus	116.499127007007	81.21513947547547
0.0	Cargninia	42.636283983983986	41.47251945245246
0.0	Carnufex	58.831934701701705	58.0605614054054
0.0	Cartorhynchus	74.08938492292293	73.91952257157156
0.0	Caseosaurus	44.480941389389386	43.47240611611611
0.0	Chalishevia	66.18313877077077	62.54410315915916
0.0	Chanaresuchus	66.0132962072072	62.16071775775776
0.0	Chasmatosuchus	76.70265377977978	71.82418688088087
0.0	Chindesaurus	54.766621306306305	33.447651632632635
0.0	Chinshakiangosaurus	25.522701040040037	25.093676558558553
0.0	Chirotherium	58.63686854354355	57.624024451451454
0.0	Chromogisaurus	57.477705584584584	56.9428539079079
0.0	Cladeiodon	69.09947163563564	68.87259220420421
0.0	Claudiosaurus	84.58925062262263	77.44737853553555
0.0	Clevosaurus	62.30698936036036	24.11647434834835
0.0	Coahomasuchus	59.31423411111112	37.5570511091091
0.0	Coartaredens	70.88866974474473	68.06893616216216
0.0	Coburgosuchus	43.423984810810815	42.74761075075075
0.0	Coelodontognathus	74.5848778818819	72.94360543343345
0.0	Coelophysis	52.78457379779779	24.857498105105105
0.0	Coelurosauravus	86.63629034834834	77.29254779779778
0.0	Coletta	74.19303857857858	74.05869992792792
0.0	Collilongus	74.40955061961961	74.24879303003003
0.0	Colobomycter	115.38338093193194	108.80480692692693
0.0	Colobops	41.33396436136136	40.49137996596597
0.0	Coloradisaurus	49.56958057257257	36.99564083083084
0.0	Coloradisuchus	41.648523611611616	40.34507936036036
0.0	Cornualbus	55.84818395395395	55.35056462062062
0.0	Cosesaurus	63.52808623823824	63.29524165665666
0.0	Crosbysaurus	54.09660974074074	33.479231155155155
0.0	Ctenosauriscus	74.26633602602602	74.09108216416416
0.0	Czatkowiella	73.86800896596596	73.67792074474474
0.0	Daemonosaurus	31.287331660660662	30.92576945345345
0.0	Dagasuchus	56.36592408008008	55.88885996996997
0.0	Decuriasuchus	67.41281285385385	61.944158626626624
0.0	Delorhynchus	114.03768665265267	108.9711045975976
0.0	Deltadectes	51.66759497697697	26.30749512012012
0.0	Deltavjatia	89.38562562462462	84.53908237337338
0.0	Desmatosuchus	58.046964893893886	32.7072802952953
0.0	Diandongosuchus	65.31201706906907	65.10795896096096
0.0	Dimetropus	115.53702596196197	108.23370596596598
0.0	Dimorphodon	25.46561709309309	24.984730577577576
0.0	Diphydontosaurus	62.53833402602603	25.923558065065066
0.0	Dolabrosaurus	43.05383563863864	42.10441501201201
0.0	Dolerosaurus	55.31279612412413	54.35866610410411
0.0	Dolichobrachium	56.54494845745745	55.75686668868869
0.0	Dongusuchus	71.49942482782782	66.99054171271271
0.0	Dorosuchus	70.12572300900901	68.35250201101103
0.0	Doswellia	62.01850157757758	37.03312423623624
0.0	Dracoraptor	25.678092473473477	25.238352556556553
0.0	Drepanosaurus	54.04389207007007	25.898067802802807
0.0	Dromomeron	55.553819833833835	29.06674030330331
0.0	Dynamosuchus	54.58846729329329	54.074618775775775
0.0	Dyoplax	58.479846663663665	57.548965171171176
0.0	Ebrachosuchus	58.02313093393394	57.12468287087087
0.0	Effigia	32.198676335335335	27.642843117117117
0.0	Efraasia	43.0562856926927	37.078683469469475
0.0	Eifelosaurus	70.8480633043043	70.62317445645645
0.0	Elachistosuchus	30.183532237237237	29.745625004004
0.0	Elessaurus	73.15451695195195	73.04024313013012
0.0	Elginia	84.0165664834835	76.63218566266265
0.0	Elorhynchus	64.72979675675676	63.82872746246247
0.0	Embrithosaurus	89.1073006026026	84.54216493793795
0.0	Emeroleter	89.5940772912913	84.77319122122123
0.0	Energosuchus	65.228931007007	62.60252740340341
0.0	Eodromaeus	56.54199157657658	56.11042475775776
0.0	Eohupehsuchus	73.77670087987987	73.67047386786786
0.0	Eohyosaurus	70.6196335075075	65.13903218418419
0.0	Eomurruna	76.76055724524525	76.25413653753753
0.0	Eoraptor	59.160087893893895	54.32873831631632
0.0	Eorasaurus	86.96857158558558	86.36628322122122
0.0	Eorhynchochelys	57.97248028328328	56.954452015015015
0.0	Eretmorhipis	66.09558133833832	65.77485841941943
0.0	Erpetosuchus	45.08138903903904	44.118781463463456
0.0	Erythrosuchus	71.6263743983984	62.02486204004004
0.0	Erythrovenator	57.59202407607607	57.08812488288289
0.0	Eshanosaurus	25.771381267267266	25.38324936136136
0.0	Eucoelophysis	55.477040228228226	26.786595669669666
0.0	Eudibamus	112.12782585085084	111.98353894994995
0.0	Eudimorphodon	48.40871379279279	26.23195474874875
0.0	Eumetabolodon	74.82720301401402	67.05863243143143
0.0	Eunotosaurus	89.92202737137137	84.8095389079079
0.0	Euparkeria	71.66717193893895	66.99235210610611
0.0	Eusaurosphargis	71.9260945935936	64.05190176776777
0.0	Euscolosuchus	57.69601924124124	56.87219676676676
0.0	Fasolasuchus	45.416916204204206	44.02240866166166
0.0	Faxinalipterus	49.759824872872876	35.84902561761762
0.0	Feeserpeton	111.71817600400401	111.6123525055055
0.0	Feralisaurus	69.70189676576577	69.1759627907908
0.0	Fodonyx	71.65478613013013	67.10116567067067
0.0	Fraserosphenodon	60.07227220820821	30.663210524524523
0.0	Fraxinisaura	63.557810578578575	63.026635809809804
0.0	Fugusuchus	72.96499183983984	72.77056541541542
0.0	Fuyuansaurus	64.73071010910911	64.48579267567567
0.0	Galesphyrus	83.872974998999	78.9316714044044
0.0	Gamatavus	66.54902632732734	63.02862030930931
0.0	Gansurhinus	98.2489956046046	79.37883992192192
0.0	Garjainia	76.20422866366366	71.7362484054054
0.0	Garzapelta	43.87750618218218	42.98131096596597
0.0	Gecatogomphius	95.88120841241242	93.87082317617617
0.0	Gephyrosaurus	31.11714526526527	27.960100219219214
0.0	Glaurung	82.46007243843844	82.34914041141141
0.0	Gnathovorax	60.49016895595595	36.47473003103103
0.0	Gojirasaurus	42.42618987187188	41.44898322922923
0.0	Gomphiosauridion	56.75390924824825	55.975910905905906
0.0	Gondwanax	64.47541123723724	63.45713363363363
0.0	Gorgetosuchus	56.651954994994995	55.801932209209205
0.0	Gracilisuchus	65.59945577877878	63.322273915915915
0.0	Grallator	46.50949364764765	37.6221956016016
0.0	Graoullyodon	30.031959567567565	29.538195313313313
0.0	Gresslyosaurus	51.89386898698699	32.38342078978979
0.0	Guaibasaurus	50.988306847847845	34.639008717717715
0.0	Gualosuchus	65.23926056256256	62.625454928928924
0.0	Guchengosuchus	69.78409058058058	69.56237580080081
0.0	Gyposaurus	26.193759464464467	24.90124219319319
0.0	Halazhaisuchus	69.71211638038038	69.49400078078078
0.0	Haligonia	60.03603612812813	25.754360977977978
0.0	Helveticosaurus	70.19483413713714	66.25874796196196
0.0	Hemilopas	74.37791607607608	67.76781270670669
0.0	Hemiprotosuchus	49.02801587187188	38.24695942242243
0.0	Heptasuchus	58.06458248948949	57.178838125125125
0.0	Herrerasaurus	61.34156904604605	52.48518415615615
0.0	Hesperosuchus	54.27497060660661	26.62338800900901
0.0	Heterodontichnites	58.21752607807808	39.37675222322322
0.0	Heteropelta	69.33619974374373	69.11375163963963
0.0	Horaffia	65.61629492792792	61.95775821021021
0.0	Hovasaurus	84.6233563943944	74.59766243743744
0.0	Howesia	71.47814722222222	67.63578643943946
0.0	Hupehsuchus	74.85275856556557	62.51948969369369
0.0	Hwiccewyrm	61.604945849849855	53.202353813813815
0.0	Hyperodapedon	61.98816837737738	33.30348914214214
0.0	Hypselorhachis	69.02993123823823	68.42761645045046
0.0	Hypsognathus	61.218959646646645	25.853408657657656
0.0	Hypuronector	46.96444312512513	39.971793699699695
0.0	Icarosaurus	42.128647883883886	41.092458234234236
0.0	Idiosaura	57.44399533333334	56.593317409409416
0.0	Ignotosaurus	58.04869739239239	57.4968776976977
0.0	Incertovenator	58.167619434434435	57.74362505105105
0.0	Indosauriscus	83.35617818218218	83.24636597397398
0.0	Ingentia	46.92512428328328	38.37442507407407
0.0	Issi	39.32382787687687	38.70632996496496
0.0	Ixalerpeton	62.70056224324324	35.53100045145145
0.0	Jaklapallisaurus	43.27273248548549	41.877289174174166
0.0	Jaxtasuchus	64.48719011611612	62.22861942042042
0.0	Jesairosaurus	69.26248828328328	68.77458237537537
0.0	Jingshanosaurus	26.106140239239235	25.048944764764762
0.0	Jupijkam	41.251136160160165	40.3238586046046
0.0	Jushatyria	69.49883161061061	69.2675490930931
0.0	Kadimakara	76.78312973273275	76.38645940440439
0.0	Kahneria	96.4834413903904	95.15488291591592
0.0	Kalisuchus	76.61976358158158	76.52620343043044
0.0	Kapes	76.21803879179178	67.036970993994
0.0	Kholumolumo	50.3722207997998	34.324841538538536
0.0	Kinelia	95.81491033433433	80.09242633133134
0.0	Kitchingnathus	74.2457444964965	74.09681722522522
0.0	Kocurypelta	42.70172968368368	42.05769544444445
0.0	Koilamasuchus	64.60176966166166	63.58450181081081
0.0	Koiloskiosaurus	71.00811974474473	70.79931128128128
0.0	Kranosaura	41.64672114314315	40.52583873373373
0.0	Krzyzanowskisaurus	59.045407312312314	34.94044636736737
0.0	Kudnu	76.64952584684686	76.31047517417417
0.0	Kuehneosaurus	62.87788610610611	26.529155235235237
0.0	Kuehneosuchus	30.28100015115115	29.86211732332332
0.0	Kuruxuchampsa	55.2882745045045	54.76064346646646
0.0	Labidosaurikos	108.22730523923924	98.39721443343343
0.0	Labidosauriscus	115.8293804044044	108.46329631131131
0.0	Labidosaurus	108.0624817037037	98.85717036536536
0.0	Lagerpeton	66.70110836536537	62.15934712212212
0.0	Lanceirosphenodon	41.25040383883884	40.027208905905916
0.0	Langeronyx	71.81923875375375	65.86300871871872
0.0	Langobardisaurus	43.25639567367367	33.139482685685685
0.0	Lanthaniscus	98.0867683923924	91.86677806306305
0.0	Lanthanolania	96.59762025825826	95.41717113313315
0.0	Lanthanosuchus	91.62748915615614	90.20935285285286
0.0	Laquintasaura	25.474847125125123	25.318194592592594
0.0	Largocephalosaurus	71.2966318108108	69.37777409309308
0.0	Lasasaurus	73.89332046346347	73.76894192792793
0.0	Lepidus	42.518137840840836	41.50578351151151
0.0	Leptopleuron	57.7949468998999	56.82023765465466
0.0	Leptosuchus	52.455959989989985	33.48139576876877
0.0	Lessemsaurus	51.661600445445444	33.81144034834835
0.0	Lewisuchus	66.72858154654655	56.089349894894895
0.0	Leyesaurus	45.02022694694695	43.91704463263264
0.0	Libognathus	43.67794544044043	42.84416498398399
0.0	Liliensternus	54.44631665765766	26.114416739739735
0.0	Litorosuchus	63.83555542842843	63.60447277377378
0.0	Lophostropheus	29.973533085085084	29.494643327327328
0.0	Lotosaurus	71.73397901601601	67.01550624024023
0.0	Lucasuchus	61.07233405605606	53.78383345245245
0.0	Lucianosaurus	44.136371762762764	43.28834821021021
0.0	Lucianovenator	42.691699260260265	41.38780844344345
0.0	Lufengosaurus	26.2525264984985	24.697758604604605
0.0	Lukousaurus	25.974300186186184	24.553708198198198
0.0	Luperosuchus	66.14030053453455	62.46685608908909
0.0	Machaeroprosopus	52.54028291591592	26.378195907907905
0.0	Macrocnemus	71.32002121821822	62.12763619019019
0.0	Macrocollum	49.326380989989985	36.44336035935936
0.0	Macroleter	98.59682627827827	89.34332271971972
0.0	Maehary	45.29685998098098	35.344751236236235
0.0	Malerisaurus	47.12808379079079	40.27499822922923
0.0	Malutinisuchus	66.49336300300301	62.78328203203204
0.0	Mambawakale	69.49898523623624	68.86978421521522
0.0	Mandaphon	69.49178625325325	68.88597616016015
0.0	Mandasuchus	71.1385693923924	67.43300775175176
0.0	Marasuchus	65.91581572472472	63.382298905905905
0.0	Marcianosuchus	71.1755214904905	70.6296571931932
0.0	Massospondylus	56.887580009009014	56.356735414414416
0.0	Mbiresaurus	59.74960018718719	53.59417406106106
0.0	Megachirella	69.55478177977977	69.33334631131132
0.0	Megalancosaurus	42.17247014014014	33.42782085485486
0.0	Megalosaurus	29.6965504984985	29.295099235235234
0.0	Megapnosaurus	25.656682751751752	25.498100903903907
0.0	Melanorosaurus	41.838867849849855	40.81005067067067
0.0	Mesodapedon	69.50080052252252	68.9256401101101
0.0	Mesosuchus	71.56221054554555	62.90738065165166
0.0	Metamosaurus	111.83397107107106	111.71783825525526
0.0	Microcnemus	76.89012385185184	71.80867170870872
0.0	Microleter	112.36710004204204	112.2589045875876
0.0	Micromenodon	54.52150669569569	53.79611615715716
0.0	Microsphenodon	49.057725739739745	39.84120990790792
0.0	Milleretta	85.09739707607608	76.7640571891892
0.0	Millerinoides	79.23855523623624	79.13261883183185
0.0	Milleropsis	85.08997546046047	76.70920327027027
0.0	Millerosaurus	84.15638120520521	77.47917643643645
0.0	Moradisaurus	81.54520820220219	77.17805683183182
0.0	Mystriosuchus	54.01354027327327	24.441281033033032
0.0	Nambalia	49.11442582882883	38.20057938438438
0.0	Nanchangosaurus	75.1778585975976	64.71738714414414
0.0	Nanoparia	83.88193575075074	78.67370633733735
0.0	Neoaetosauroides	51.42742552352352	34.36363665065065
0.0	Neoprocolophon	68.56724477477478	68.3472707047047
0.0	new_Neotheropoda	43.12037122422422	41.88834221921922
0.0	new_Rhynchocephalia	42.96224265765766	41.84821589089089
0.0	Nhandumirim	47.561855296296294	36.481272749749756
0.0	Nicrosaurus	54.907100118118116	32.216014929929926
0.0	Nochelesaurus	89.25297132332332	84.69373065365366
0.0	Notatesseraeraptor	45.0871412072072	44.32082138938939
0.0	Noteosuchus	76.5697744064064	76.47000753253252
0.0	Nundasuchus	69.7746908988989	69.13950336736737
0.0	Nyasasaurus	70.20214492092092	67.62251488588588
0.0	Nycteroleter	96.45484949849849	92.0537171971972
0.0	Nyctiboetus	103.67478715715714	103.52113532832833
0.0	Nyctiphruretus	99.20702822822824	83.99251733533532
0.0	Obirkovia	87.3699614954955	82.05914518618619
0.0	Odontochelys	57.83236422422423	53.06989005205205
0.0	Opisthodontosaurus	115.59081642442442	108.2666705895896
0.0	Orenburgia	76.15862514214214	71.84898677177178
0.0	Orovenator	113.15592003803803	108.8893947107107
0.0	Oryctorhynchus	58.76184078278278	54.581945658658654
0.0	Oryporan	75.20073828928929	73.62702647147145
0.0	Osmolskina	73.46211488188187	73.32140012612614
0.0	Owenetta	84.88776991691691	73.47706164564565
0.0	Ozimek	58.17471692592593	53.781272307307304
0.0	Pachagnathus	44.075429546546545	42.51854360560561
0.0	Pachystropheus	35.055980822822825	25.984336037037036
0.0	Palacrodon	76.52111952852853	33.31640024024025
0.0	Palaeagama	77.75759792792792	77.64141467267267
0.0	Palaeochersis	47.97851806506507	35.737132033033035
0.0	Palaeosaurus	57.476133312312314	56.404554323323325
0.0	Paleollanosaurus	56.45641084084084	26.27147392292292
0.0	Paliguana	74.30755913813815	74.17108178978978
0.0	Pamelaria	71.29502025725726	66.8545004074074
0.0	Pamelina	73.46221581681682	73.27515245445446
0.0	Pampadromaeus	60.88158168668669	35.11003261961962
0.0	Panguraptor	25.82131446146146	25.41532778878879
0.0	Panphagia	58.53656573073073	57.996857233233236
0.0	Pantydraco	57.28781264364365	56.26036753053052
0.0	Pappochelys	63.83781598398398	63.278820057057054
0.0	Parahupehsuchus	73.98266716016015	73.87751777477477
0.0	Parasaurus	86.24711831231232	79.25790675675675
0.0	Parasuchus	75.23752376776777	35.6671776026026
0.0	Paratypothorax	53.1899656096096	33.333454521521524
0.0	Pareiasaurus	91.27050962162161	76.20927649249249
0.0	Pareiasuchus	89.60799815415416	78.62889296996997
0.0	Parringtonia	68.97383424424424	68.33202406506507
0.0	Parvosuchus	64.73496773473474	63.7753035935936
0.0	Pectodens	68.99345345945946	68.45399735435436
0.0	Pelecymala	60.6981518018018	52.75166955555555
0.0	Pendraig	57.38132158558559	56.51425147747748
0.0	Pentaedrusaurus	71.40160375675674	71.19885044044044
0.0	Permotriturus	91.22688066966967	90.13052848748748
0.0	Peteinosaurus	41.566465708708705	38.43010894094094
0.0	Phaanthosaurus	76.90481224724725	76.18139033333334
0.0	Phonodus	76.55104296496496	76.45629221721721
0.0	Pinheirochampsa	65.31225701601602	64.38978274674675
0.0	Pintosaurus	77.61613186786786	77.51002672572572
0.0	Pisanosaurus	58.55385647447448	58.060400667667665
0.0	Planocephalosaurus	62.57651604804805	26.44161468268268
0.0	Plateosauravus	49.931305952952954	35.09216987187187
0.0	Plateosaurus	52.39488963463463	25.1023366996997
0.0	Polesinesuchus	57.17172088688688	56.677731686686684
0.0	Polonosuchus	55.197723112112115	54.19518147647648
0.0	Polymorphodon	63.70749223723723	63.10803186486487
0.0	Poposaurus	61.2868344914915	27.158377904904906
0.0	Postosuchus	60.66431617317318	26.653180886886886
0.0	Powellvenator	44.78668174374375	43.34852807307307
0.0	Pravusuchus	44.93851005805806	43.9873303093093
0.0	Preondactylus	38.33320355955956	37.73777376776777
0.0	Prestosuchus	66.81718961061061	57.46013991891892
0.0	Procerosuchus	64.76792475875875	63.75975553353353
0.0	Procolina	74.14557247447448	73.98082953353354
0.0	Procolophon	76.79405123723724	71.67673075275275
0.0	Procolophonichnium	74.32604598998999	74.17750966766768
0.0	Procompsognathus	40.427671353353354	39.85756481181181
0.0	Proganochelys	55.53083324424424	26.257638912912913
0.0	Prolacerta	76.80321265565566	71.84903130830831
0.0	Prolacertoides	76.52555427627627	76.43060188388388
0.0	Prosaurosphargis	74.60285153253253	74.49819114614616
0.0	Protanystropheus	71.90295673873874	66.43714847047048
0.0	Protecovasaurus	49.0258566056056	38.81681567167167
0.0	Proterochampsa	57.28380265665666	56.76978575475476
0.0	Proterochersis	51.44506665865866	31.884224394394394
0.0	Proterosuchus	76.87208633033033	71.88291725325325
0.0	Protoavis	49.83362384284285	36.998997484484484
0.0	Protocaptorhinus	115.04373934034034	107.57751327927929
0.0	Protome	40.400407648648645	39.461607127127124
0.0	Protorosaurus	85.88139475275275	78.98959910210212
0.0	Protorothyris	123.92146253153153	118.65023716716716
0.0	Protosuchus	31.933759776776775	24.368387610610615
0.0	Provelosaurus	92.69463404704706	87.42168388988989
0.0	Pseudhesperosuchus	43.519464782782784	42.501110457457465
0.0	Pseudochampsa	56.4883926016016	56.05781361261262
0.0	Puercosuchus	43.91772058458458	42.920198774774775
0.0	Pumiliopareia	81.74302517717717	81.64325467167167
0.0	Qianosuchus	71.4266248888889	68.9706348938939
0.0	Raibliania	56.801206809809806	55.6831677007007
0.0	Rauisuchus	56.93011614914916	56.389653364364364
0.0	Rautiania	87.79725992792794	83.49380588588589
0.0	Redondasuchus	48.36293423723724	37.16374042942943
0.0	Redondavenator	45.525265615615616	44.67908756356356
0.0	Retymaijychampsa	64.92565183283283	63.92243427227227
0.0	Revueltosaurus	59.43288407007007	33.68716162862864
0.0	Rhipaeosaurus	94.73141939139141	86.67655704004004
0.0	Rhombopholis	71.6930442002002	65.065673007007
0.0	Rioarribasuchus	55.14325120920921	33.031296406406405
0.0	Riojasaurus	48.41838106706707	35.43358558258258
0.0	Riojasuchus	42.92315044144144	41.738508011011014
0.0	Romeria	120.871898	120.45957875075075
0.0	Rothianiscus	98.79181397397397	89.77472995595596
0.0	Ruehleia	44.37997178778779	39.54086914814815
0.0	Rugarhynchos	40.861501735735736	39.98051602302302
0.0	Ruhuhuaria	69.30414272872872	68.70161866266267
0.0	Rutiodon	57.4190553953954	33.340108318318315
0.0	Sacisaurus	46.64559371771772	45.34467405705706
0.0	Saltoposuchus	44.3030343053053	36.63581738238239
0.0	Sanchuansaurus	77.57742407407406	77.4753852072072
0.0	Sanjuansaurus	57.01174716316316	56.484325590590586
0.0	Santaisaurus	76.72672943643644	76.27560065465465
0.0	Sarcosaurus	25.326865063063064	24.84490125025025
0.0	Sarmatosuchus	68.69114436836837	68.46524532132133
0.0	Saturnalia	58.35158062962963	38.35432657557558
0.0	Saurodektes	76.90007174774775	73.16274763563564
0.0	Sauropareion	76.33432906106106	71.99891177477478
0.0	Saurorictus	80.91361355255255	80.8117468928929
0.0	Saurosternon	80.17107643943943	80.06323127227228
0.0	Saurosuchus	57.20763447647648	56.714832044044044
0.0	Scelidosaurus	25.670563285285287	25.25001916216216
0.0	Scharschengia	73.71884912612613	73.55753573873874
0.0	Schleitheimia	41.84108855055055	41.165691164164166
0.0	Schultzsuchus	65.44116864064064	64.73083116816817
0.0	Sclerocormus	73.69672212612613	73.51177934734736
0.0	Sclerosaurus	72.04041578378379	68.8662615965966
0.0	Sclerostropheus	46.80742042242242	45.85540285985986
0.0	Scoloparia	61.18074894694695	25.913035782782785
0.0	Scolotosuchus	74.26572082682684	74.09558777277277
0.0	Scutarx	53.96655024724725	33.666606270270265
0.0	Scutosaurus	90.6917949069069	81.62751745845846
0.0	Scythosuchus	74.64133648048048	74.48033684684685
0.0	Shansisuchus	71.78286995895897	66.77136656356356
0.0	Shihtienfenia	79.2175018008008	76.99809745845846
0.0	Shringasaurus	71.59099914914916	66.95639512612613
0.0	Shuangbaisaurus	25.90566587987988	25.516148134134134
0.0	Shuvosaurus	52.84313331331332	26.46516343143143
0.0	Sigmala	61.33786365265264	52.53817852252252
0.0	Sikannisuchus	48.691551636636646	35.13938640840841
0.0	Silesaurus	56.070973205205206	55.05615592692692
0.0	Sillosuchus	56.37044932032032	55.86259521521521
0.0	Sinosaurosphargis	71.70032353453453	69.26531827927928
0.0	Sinosaurus	26.346260834834837	24.392543601601606
0.0	Skybalonyx	46.554262410410416	45.651736156156154
0.0	Smilodonterpeton	30.650773589589587	30.164587203203205
0.0	Smilosuchus	59.1964004944945	33.56740626226227
0.0	Sophineta	74.39336651251251	74.19571791791792
0.0	Soturnia	48.29964029429429	37.64170673273273
0.0	Soumyasaurus	42.880719975975985	41.9719194044044
0.0	Sphenotitan	50.27355858558559	35.67141545945947
0.0	Sphodrosaurus	42.68107354654655	41.80831518518518
0.0	Spinosuchus	59.374712374374376	37.13938003403403
0.0	Spondylolestes	82.3147935975976	80.08723566866867
0.0	Spondylosoma	66.5539167937938	62.2544
0.0	Stagonolepis	60.53282053853854	32.412175687687686
0.0	Stagonosuchus	71.27920701101101	66.70727922922924
0.0	Staurikosaurus	57.218893039039045	56.76698865565565
0.0	Stauromatodon	63.73506449349349	63.18320586786787
0.0	Stegomus	54.900892233233236	33.3544948088088
0.0	Stenaulorhynchus	71.60301033833834	62.249974004004
0.0	Stenomyti	45.74223025225225	44.79565138838839
0.0	Stenoscelida	40.44622243343343	39.07279112412412
0.0	Styracocephalus	88.62816849149148	84.93654901401403
0.0	Suchonosaurus	84.3264983153153	84.09432965565566
0.0	Sumidadectes	104.01375817017016	103.73140134434435
0.0	Syntarsus	30.86212258358358	30.481771713713716
0.0	Syntomiprosopus	46.55853125525525	45.645650451451445
0.0	Tachiraptor	25.541876833833832	25.381167783783784
0.0	Tangasaurus	78.75088436636636	77.2844143923924
0.0	Tanystropheus	72.0190282082082	26.520122165165166
0.0	Tanytrachelos	54.215402424424425	33.35805476276276
0.0	Tarjadia	66.29388643343343	62.13278957457457
0.0	Tasmaniosaurus	76.77810139839839	76.13368309009009
0.0	Tawa	50.48611166966967	35.33402414614615
0.0	Taytalura	57.18898234434434	56.634336590590586
0.0	Technosaurus	42.96089703603603	42.0765986036036
0.0	Tecovasaurus	55.014127998999	33.25412545045045
0.0	Tecovasuchus	50.662332387387394	35.92187223723723
0.0	Teleocrater	70.96507609309307	66.97942741141141
0.0	Teraterpeton	59.191614760760764	54.608825184184184
0.0	Teratophon	71.25936941841842	66.92742874074075
0.0	Teratosaurus	76.32483607407407	30.65242697097097
0.0	Termatosaurus	33.20008993793794	26.576363843843843
0.0	Terrestrisuchus	61.09137064764765	52.194753996997
0.0	Teyujagua	74.43501413913913	74.2938531021021
0.0	Teyumbaita	50.62681007107107	34.232731859859854
0.0	Thadeosaurus	80.5749496936937	80.46472247747748
0.0	Thecodontosaurus	70.84638693893893	25.600991102102103
0.0	Theledectes	70.07197224624625	69.44570960860861
0.0	Thelephon	69.96918938138137	69.37664459259258
0.0	Thelerpeton	71.20247283483484	67.41590471471473
0.0	Threordatoth	57.49342145245245	56.59958712412412
0.0	Thuringothyris	115.88259131531531	108.64603829629628
0.0	Tichvinskia	76.11895717717718	71.99332623223223
0.0	Ticinosuchus	71.40486321721723	68.19701700600602
0.0	Tikisuchus	55.68115385685686	55.18438895095095
0.0	Timanophon	75.35619142742745	72.30138262062061
0.0	Trachelosaurus	71.3226906036036	71.10142119419419
0.0	Tramuntanasaurus	96.89562990990991	95.99565719619619
0.0	Trialestes	59.09590132832833	55.21392602102102
0.0	Tricuspisaurus	29.552652155155158	29.126353923923922
0.0	Trilophosaurus	57.648465988988995	33.53306945345346
0.0	Tropidosuchus	66.66863282782784	62.03114543143143
0.0	Tuebingosaurus	44.95260905105105	44.2912126996997
0.0	Turfanosuchus	69.03268773273274	68.80070755455455
0.0	Typothorax	52.592762581581574	26.981949981981987
0.0	Uatchitodon	59.193626838838846	35.78154226826827
0.0	Unaysaurus	48.033741834834835	36.66645504304304
0.0	Unguinychus	43.96156050650651	43.01322983583584
0.0	Uralosaurus	70.9787156036036	66.96601728728729
0.0	Vallesaurus	41.63761826826826	37.87224345245245
0.0	Vancleavea	57.04054418318319	26.601720714714716
0.0	Variodens	33.08876754254254	26.49195717917918
0.0	Vellbergia	63.63740154554554	63.084438540540546
0.0	Velocipes	43.41512704104104	42.74788232432433
0.0	Venaticosuchus	58.25959690890891	57.75192051751751
0.0	Venetoraptor	61.23225934734735	36.28758470370371
0.0	Vinitasaura	58.98096504804805	58.24609491891892
0.0	Vivaron	47.164956304304305	37.316306308308306
0.0	Vjushkovisaurus	70.92777849449448	66.91864652652652
0.0	Volcanosuchus	56.7166844024024	56.199567164164165
0.0	Vonhuenia	76.6484375945946	76.5594588948949
0.0	Vritramimosaurus	74.64880067167168	74.4465932962963
0.0	Vytshegdosuchus	73.9949841131131	73.80708862662662
0.0	Waluchelys	43.025312725725726	41.72003359759759
0.0	Wannia	46.393528244244244	36.57982908508509
0.0	Wapitisaurus	74.71718339739739	74.5307865025025
0.0	Weigeltisaurus	85.6617982932933	79.1950316856857
0.0	Whitakersaurus	30.25339931731732	29.812362554554557
0.0	Xenodiphyodon	57.46117320920921	56.672555187187186
0.0	Xilousuchus	71.98883972672674	71.77591077077078
0.0	Xingxiulong	25.699197840840842	25.233503314314312
0.0	Yarasuchus	71.22192281981982	68.21813433033033
0.0	Yimenosaurus	26.405451805805804	24.443189972972974
0.0	Youngetta	74.59068171371372	74.40045046546547
0.0	Youngina	84.85213643843845	76.73696668068068
0.0	Youngosuchus	68.98236002602603	68.7577615125125
0.0	Yunnanosaurus	26.183200161161164	24.736084435435437
0.0	Zanclodon	68.43399168668668	25.61518858058058
0.0	Zhongjiania	84.05886767267268	79.81082271071071
0.0	Zupaysaurus	40.962134246246244	39.9327514984985
