clade	species	ts	te
0.0	Abyssomedon	112.77750433433432	112.62896523923922
0.0	Acadiella	57.18684757857857	56.239138950950945
0.0	Acaenasuchus	51.92261491791791	34.39647877477478
0.0	Acallosuchus	41.79773227327327	40.808050558558556
0.0	Acerosodontosaurus	80.17686797397396	80.07956823623623
0.0	Acleistorhinus	104.16222520720721	103.83940638138138
0.0	Acrodenta	81.60972226226227	81.51968805905906
0.0	Actiosaurus	30.175303834834835	29.82681835035035
0.0	Adamanasuchus	40.862782956956956	39.657369762762755
0.0	Adelosaurus	82.70493878378379	82.58686854354355
0.0	Aenigmasaurus	73.6636882972973	73.45839320720721
0.0	Aenigmaspina	56.176344817817814	54.823418701701705
0.0	Aenigmastropheus	81.26221681181181	81.14502658458458
0.0	Aetobarbakinoides	57.43542144844844	56.77285354654654
0.0	Aetosauroides	60.216715843843836	32.77661847347348
0.0	Aetosaurus	52.173832435435436	33.58350923923924
0.0	Agkistrognathus	73.81098916816816	73.58935043343342
0.0	Agnosphitys	58.44111978178178	57.12218462162162
0.0	Ahvaytum	57.25803892692692	56.66256692892893
0.0	Alexeyisaurus	42.09193026826827	41.29043707907908
0.0	Alwalkeria	58.10883511711712	57.42973761361361
0.0	Amanasaurus	59.48828408408409	34.25099065765766
0.0	Ammorhynchus	71.71513545945946	69.73500573973973
0.0	Ammosaurus	26.000092725725725	24.68848983183183
0.0	Amotosaurus	71.93935729829829	68.36120228628629
0.0	Anarosaurus	72.11712692592592	67.19006347447448
0.0	Ancistronychus	46.597519788788794	45.50416296296296
0.0	Angistorhinus	61.711277772772775	36.48363083683684
0.0	Anisodontosaurus	71.86115659359359	65.14920928328328
0.0	Anomoepus	25.48293140840841	25.2334377967968
0.0	Anomoiodon	72.22496104904906	68.00765272872873
0.0	Anshunsaurus	64.96457792092092	51.56145374874875
0.0	Antarctanax	73.55939203403403	73.42936875775776
0.0	Anthodon	86.47458867967967	79.17779326126126
0.0	Apachesuchus	44.60303255455456	43.36808096396396
0.0	Apatopus	59.22791226026026	33.05875529129129
0.0	Apatosuchus	40.6238213023023	39.5709631991992
0.0	Aphelosaurus	121.000500996997	120.71649632032032
0.0	Araeoscelis	113.53239518918919	98.84081626126125
0.0	Archeopelta	65.27142991691692	64.89306718718719
0.0	Archosaurus	87.41285752952953	79.93791315415415
0.0	Arcticodactylus	40.6125578008008	39.598713300300304
0.0	Arganaceras	81.18873224324324	81.10263059159159
0.0	Arganasuchus	58.32623531431432	53.97830123223223
0.0	Arizonasaurus	71.89802522022023	69.2631188898899
0.0	Asilisaurus	71.77257952852852	67.13294601701703
0.0	Askeptosaurus	71.43093271071072	61.79364340740741
0.0	Asperoris	70.14008202102103	69.51740045545547
0.0	Asylosaurus	32.421725183183185	27.46143707707708
0.0	Atopodentatus	71.13885216916917	69.3806953083083
0.0	Augustaburiania	76.159293994995	72.27658544244244
0.0	Augustasaurus	70.10393995995996	69.66333677877878
0.0	Australothyris	87.35896974774775	86.5695351051051
0.0	Austriadactylus	38.987133662662664	34.699928474474476
0.0	Austriadraco	36.6888565975976	35.93329245745746
0.0	Avalonnectes	25.80890575975976	25.554203043043046
0.0	Avicranium	31.513867573573574	31.078202194194194
0.0	Azendohsaurus	57.61919643043043	56.605384242242245
0.0	Baeotherates	111.32339063063064	111.21295439539539
0.0	Baisesaurus	74.27979722822822	74.02949436236236
0.0	Barasaurus	86.7057124944945	71.77262122222223
0.0	Barberenasuchus	64.06896957657658	63.7002498928929
0.0	Barracudasauroides	71.73956539239238	67.80887922022022
0.0	Barracudasaurus	71.94515684584583	65.43041832232232
0.0	Bashkyroleter	98.23953790890891	89.36102614914915
0.0	Batrachopus	29.67199031831832	29.4050903003003
0.0	Batrachotomus	64.11229704804803	62.09026442742743
0.0	Beesiiwo	58.59549618018018	57.69022704404404
0.0	Belebey	95.32678876676677	89.26115211511511
0.0	Benggwigwishingasuchus	69.66525023723725	69.26939903603603
0.0	Bentonyx	70.09887535635636	69.70532364164164
0.0	Bergamodactylus	40.12430325025025	38.57190706106106
0.0	Besanosaurus	67.39751768468469	67.08909477077077
0.0	Blezingeria	66.00404063163163	65.69785896696696
0.0	Blikanasaurus	29.926693690690694	29.58942257857858
0.0	Blomosaurus	76.57531138738739	76.47031442942941
0.0	Bobosaurus	60.5497913023023	59.70075625525526
0.0	Bolosaurus	121.40488405005006	101.75454534434434
0.0	Boreopricea	74.9783357927928	73.24804343943944
0.0	Bradysaurus	89.72925703003004	82.87688322522523
0.0	Brasinorhynchus	65.66018291391391	63.254386456456466
0.0	Brazilosaurus	115.94632599699699	108.82459948148148
0.0	Bromsgroveia	71.63172726926926	67.31914525425425
0.0	Broomia	89.03141774874874	85.46249406306306
0.0	Bunostegos	78.22530492292292	78.13450448548548
0.0	Buriolestes	60.84864912812812	32.87034393493494
0.0	Bystrowisuchus	74.38432237537536	74.15075158458458
0.0	Callawayia	49.34373076376377	34.84199386886887
0.0	Calyptosuchus	58.07786023323324	33.499727264264266
0.0	Camelotia	31.635209924924922	28.42906547047047
0.0	Camposaurus	42.22754661161161	41.25498012912913
0.0	Candelaria	66.8929752912913	62.633118192192185
0.0	Captorhinikos	108.30753997597598	98.47386536736737
0.0	Captorhinoides	106.48103734834834	102.89516084384385
0.0	Captorhinus	116.05587450250249	81.59082389089089
0.0	Cargninia	44.0679914024024	42.556469408408404
0.0	Carnufex	57.44042892492493	56.577468428428425
0.0	Cartorhynchus	74.63798458058058	74.44186015515517
0.0	Caseosaurus	44.123467467467464	43.01796357557557
0.0	Ceresiosaurus	67.32900922522522	62.369959551551545
0.0	Chalishevia	66.2436357947948	62.79561633033033
0.0	Chanaresuchus	66.2944888878879	63.11835304004004
0.0	Chaohusaurus	76.27797790790791	66.39024838138138
0.0	Chasmatosuchus	76.83345476676676	71.88006766766767
0.0	Chelyoposuchus	31.05917403503504	30.704548308308308
0.0	Chinchenia	66.93256228628628	66.63645296596596
0.0	Chindesaurus	54.05809708808809	34.05889532132132
0.0	Chinshakiangosaurus	25.516351575575573	25.26397319019019
0.0	Chirotherium	58.02310538638638	56.79442101601601
0.0	Chromogisaurus	58.05248993193194	57.50802050650651
0.0	Cladeiodon	69.70917772472473	69.39364581181181
0.0	Clarazia	69.26025101001001	68.88126396496496
0.0	Claudiosaurus	84.39191738438439	77.03674958358359
0.0	Clevosaurus	61.652043171171165	24.19439915815816
0.0	Coahomasuchus	59.70573022622622	40.44181568568568
0.0	Coartaredens	70.61141052552553	68.50296607107107
0.0	Coburgosuchus	41.724145722722724	40.881005235235236
0.0	Coelodontognathus	74.72038258358359	72.84597001701702
0.0	Coelophysis	52.718216448448445	24.5646677007007
0.0	Coelurosauravus	86.68707103703703	75.87992660860863
0.0	Coletta	73.39101964264263	73.20911087987987
0.0	Collilongus	74.43188517617618	74.22794115215216
0.0	Colobomycter	114.68817880380381	109.60739593993995
0.0	Colobops	41.091909532532526	40.038297564564566
0.0	Coloradisaurus	49.68294906006007	34.945697641641644
0.0	Coloradisuchus	42.10042176776777	40.64575346946947
0.0	Concavispina	57.17284443743744	55.869064273273274
0.0	Contectopalatus	64.59195083383382	64.33576272672673
0.0	Cornualbus	58.74538612912913	57.9200165045045
0.0	Corosaurus	75.47716594394396	72.42439650850851
0.0	Cosesaurus	63.57841376976977	63.35202027927928
0.0	Crosbysaurus	52.30202671171171	33.9090305115115
0.0	Ctenosauriscus	74.40542085085085	74.21101558258258
0.0	Cyamodus	71.96115252352352	52.73941281681682
0.0	Cymatosaurus	71.85771444944946	67.10934054654655
0.0	Cymbospondylus	75.0689613153153	61.750847621621624
0.0	Czatkowiella	73.57772242242243	73.37421148648649
0.0	Dactylosaurus	72.03482216816816	67.10121875175176
0.0	Daemonosaurus	30.625235185185183	30.316034272272272
0.0	Dagasuchus	56.07836628928929	55.37093497597597
0.0	Dawazisaurus	69.76185198398399	69.40685750150149
0.0	Decuriasuchus	69.55583783083082	61.41982306806806
0.0	Delorhynchus	113.82708414514514	108.81438467667667
0.0	Deltadectes	46.66875595895896	27.7618146986987
0.0	Deltavjatia	89.23830266766767	84.72006747447446
0.0	Desmatosuchus	57.869987138138136	33.221284552552554
0.0	Diandongosaurus	70.97029082282282	70.5409295905906
0.0	Diandongosuchus	64.57597102302303	64.30872382982983
0.0	Dianmeisaurus	71.17029224424425	68.56053424924924
0.0	Dianopachysaurus	70.8517330920921	70.44831542042043
0.0	Dimetropus	115.39020331131131	108.56984647547547
0.0	Dimorphodon	25.241749068068067	24.992358686686682
0.0	Dinocephalosaurus	71.45618405005006	69.128926997998
0.0	Diphydontosaurus	61.68129833433433	26.31852073773774
0.0	Dolabrosaurus	43.174253003003	42.09751542142143
0.0	Dolerosaurus	55.37108082282281	53.958829745745746
0.0	Dolichobrachium	57.45793353253253	56.46465318818818
0.0	Doliovertebra	69.86634367267266	69.54570832732733
0.0	Dongusuchus	72.07595943343344	67.831931005005
0.0	Dorosuchus	70.62160204504504	68.00372253753754
0.0	Doswellia	61.20086340340341	36.64354776076076
0.0	Dracoraptor	25.569057146146147	25.327093874874873
0.0	Drepanosaurus	52.43913826626627	27.04979237137137
0.0	Dromomeron	54.41370266166166	26.991096012012008
0.0	Dynamosuchus	56.623437716716715	55.913203667667666
0.0	Dyoplax	57.81104504604604	56.609475228228234
0.0	Ebrachosuchus	57.480861551551556	56.43441517317318
0.0	Effigia	31.629986348348346	27.964028921921923
0.0	Efraasia	44.274193446446446	37.20757606506506
0.0	Eifelosaurus	71.01874756156157	70.7391058068068
0.0	Elachistosuchus	29.692786540540542	29.311017
0.0	Elessaurus	73.87227723323325	73.71829976776776
0.0	Elginia	83.83966174674674	76.38190707607608
0.0	Elorhynchus	64.4107361031031	63.959248499499495
0.0	Embrithosaurus	89.0744805085085	84.80647109009008
0.0	Emeroleter	89.68043937437436	84.88229067667667
0.0	Endennasaurus	40.305827554554554	38.9442648048048
0.0	Energosuchus	65.94681478778779	63.90562464564565
0.0	Eodromaeus	58.764642258258256	58.10835343243243
0.0	Eohupehsuchus	73.49604556956957	73.2664265165165
0.0	Eohyosaurus	70.34036867167167	63.351895
0.0	Eomurruna	76.71184468068068	76.15097041841841
0.0	Eoplesiosaurus	25.55694353953954	25.316033923923925
0.0	Eoraptor	58.50952751951952	54.03573300800801
0.0	Eorasaurus	86.94187378378378	86.30945932632633
0.0	Eorhynchochelys	58.637486224224226	57.59948604904905
0.0	Eretmorhipis	67.4834040990991	67.13836232432433
0.0	Erpetosuchus	43.39331231031031	42.25704370870871
0.0	Erythrosuchus	71.93586935835837	61.62894850650651
0.0	Erythrovenator	57.89275875375375	57.293177006006005
0.0	Eshanosaurus	26.04630399199199	25.801746686686688
0.0	Eucoelophysis	54.58800822322322	26.629374325325326
0.0	Eudibamus	111.70529328228227	111.59615759159159
0.0	Eudimorphodon	45.88656903603604	27.495179573573573
0.0	Eumetabolodon	73.55360927627628	67.61365531731732
0.0	Eunotosaurus	89.79209908608608	84.98423975475475
0.0	Euparkeria	71.61317205705706	66.98713794694694
0.0	Eurhinosaurus	25.564897720720722	25.3347889009009
0.0	Eurycleidus	25.45654773273273	25.203981921921923
0.0	Eusaurosphargis	72.23084231631633	61.31814336236236
0.0	Euscolosuchus	58.241089723723725	57.493421664664666
0.0	Fasolasuchus	40.90310840840841	39.29038915915916
0.0	Faxinalipterus	49.52522260960961	39.67354287687688
0.0	Feeserpeton	111.14293277677679	111.02429692692692
0.0	Feralisaurus	69.02834560960962	68.6631585895896
0.0	Fodonyx	71.7202325945946	67.09568745345345
0.0	Fraserosphenodon	60.26995214014015	31.514040878878877
0.0	Fraxinisaura	63.10280158858859	62.77000224924925
0.0	Fugusuchus	71.17961974674675	70.85470123123125
0.0	Fuyuansaurus	64.26278421121121	64.03292358158158
0.0	Galesphyrus	84.9497913083083	80.25461320820821
0.0	Gamatavus	65.93674462762763	63.468200110110104
0.0	Gansurhinus	98.70441697897898	79.9746269159159
0.0	Garjainia	76.16015319019019	71.70803455055055
0.0	Garzapelta	42.20000341341341	41.15864017517517
0.0	Gecatogomphius	96.51553386486486	95.34146971171172
0.0	Gephyrosaurus	31.55845408208208	28.919535797797796
0.0	Germanosaurus	70.75495096196195	68.14870701301301
0.0	Glaurung	82.24607410110112	82.11680681081081
0.0	Glyphoderma	65.07084417217217	64.82019138338339
0.0	Gnathovorax	59.20973029129129	36.29257778278279
0.0	Gojirasaurus	45.73086126326326	44.74255132932934
0.0	Gomphiosauridion	58.821517212212214	58.09504184984985
0.0	Gondwanax	65.04631475975977	64.64705592092092
0.0	Gorgetosuchus	56.73905498098098	55.54404860860861
0.0	Gracilisuchus	65.2853580920921	62.997701955955954
0.0	Grallator	48.585035917917914	36.97809698398399
0.0	Graoullyodon	29.07198293393393	28.77076010810811
0.0	Gresslyosaurus	49.36826593893894	31.87124856356356
0.0	Grippia	76.22167078978978	71.81123615515516
0.0	Guaibasaurus	50.432030867867866	33.874703626626626
0.0	Gualosuchus	64.8359433923924	62.676439764764766
0.0	Guanlingsaurus	58.70721741941941	52.76027977277277
0.0	Guchengosuchus	69.4137125975976	69.12976493793794
0.0	Guizhouichthyosaurus	65.73616245145145	51.96133573373373
0.0	Gulosaurus	75.28112901701702	73.48344492292293
0.0	Gunakadeit	43.8464545955956	42.755090180180176
0.0	Gyposaurus	25.974276346346347	24.962160834834833
0.0	Halazhaisuchus	69.90974314214215	69.59092186386387
0.0	Haligonia	59.816017682682684	26.336267460460462
0.0	Hanosaurus	74.53763623923925	74.23258180680679
0.0	Helveticosaurus	70.45487818518518	67.04543801501501
0.0	Hemilopas	74.03146472672672	67.58435361861861
0.0	Hemiprotosuchus	47.22711633633634	35.40944704404404
0.0	Henodus	61.30114921221221	52.496385946946944
0.0	Heptasuchus	58.40632598798799	57.334521833833826
0.0	Herrerasaurus	61.737704170170176	52.49536757757758
0.0	Hescheleria	69.84919212812812	69.35878111411411
0.0	Hesperosuchus	53.30885119119119	26.971590526526526
0.0	Heterodontichnites	58.537595081081086	38.22865396496496
0.0	Heteropelta	69.05742041441442	68.75226331431432
0.0	Himalayasaurus	41.1127343033033	39.6683035115115
0.0	Hispaniasaurus	64.81244203303304	64.56140382682682
0.0	Honghesaurus	70.4026877007007	70.00422439039039
0.0	Horaffia	65.45377703103104	61.05657986286287
0.0	Hovasaurus	84.7156475975976	74.00042603803804
0.0	Howesia	71.0522981041041	68.30190357057059
0.0	Hudsonelpidia	43.46191231431432	42.47016987787788
0.0	Hupehsuchus	75.27360018018017	62.67728582482482
0.0	Hwiccewyrm	61.55782102602602	52.25840678178179
0.0	Hyperodapedon	61.566326690690694	33.09366989989991
0.0	Hypselorhachis	69.0133772122122	68.4792454084084
0.0	Hypsognathus	60.34986918218219	25.86418603903904
0.0	Hypuronector	46.166412355355355	35.68743156856857
0.0	Icarosaurus	43.18930327527528	41.910628919919915
0.0	Ichthyosaurus	49.53888433633633	24.027663476476476
0.0	Ichthyotitan	30.15022208608609	29.76849686486487
0.0	Idiosaura	57.94507625425425	57.09315597197197
0.0	Ignotosaurus	55.75864576176176	54.82431281881881
0.0	Incertovenator	56.055871641641644	55.407684139139135
0.0	Indosauriscus	81.95919038038038	81.85709808208209
0.0	Ingentia	48.027220932932934	39.31459799099099
0.0	Isfjordosaurus	73.71669812712713	73.52237802502503
0.0	Issi	42.77234457757758	41.89712427327327
0.0	Ixalerpeton	61.11103810210211	38.67677127527528
0.0	Jaklapallisaurus	43.7976810930931	42.44633393193193
0.0	Jaxtasuchus	64.55869721021021	62.24848709209209
0.0	Jesairosaurus	70.6982278898899	70.29556923923923
0.0	Jingshanosaurus	25.957008454454456	24.79372003203203
0.0	Jupijkam	43.99106044644645	42.838373495495496
0.0	Jushatyria	69.12471607607607	68.7916146876877
0.0	Kadimakara	76.6881824014014	76.31968753853853
0.0	Kahneria	95.98456758658658	94.87087867367367
0.0	Kalisuchus	76.67255047147148	76.56324644344345
0.0	Kapes	76.20023136936936	67.63294649349349
0.0	Keichousaurus	74.33645403903904	61.477623374374375
0.0	Kholumolumo	51.752741733733735	34.094406865865864
0.0	Kinelia	94.45291610210211	80.41762368068068
0.0	Kitchingnathus	74.2317222032032	74.03203440440441
0.0	Kocurypelta	41.85432195695696	41.18728297097097
0.0	Koilamasuchus	64.32655980980981	63.90801358158158
0.0	Koiloskiosaurus	70.9333930960961	70.6172651061061
0.0	Kranosaura	40.49705563963964	38.914274308308315
0.0	Krzyzanowskisaurus	60.11029572972973	39.70448135635636
0.0	Kudnu	76.80766932432434	76.44998726726728
0.0	Kuehneosaurus	62.191784388388385	28.314190470470475
0.0	Kuehneosuchus	29.23792425125125	28.913935005005005
0.0	Kuruxuchampsa	57.12822223723723	56.547494602602605
0.0	Kwangsisaurus	75.47688156956956	73.53956032132133
0.0	Labidosaurikos	108.05581391991991	98.6057602992993
0.0	Labidosauriscus	114.99048132832834	108.88996256856856
0.0	Labidosaurus	108.24196444144144	98.65431652952954
0.0	Lagerpeton	66.76870547947948	62.715722534534535
0.0	Lanceirosphenodon	45.86939133133133	44.41503035935935
0.0	Langeronyx	71.8647100920921	62.88934393793793
0.0	Langobardisaurus	42.96165343143143	32.79591129429429
0.0	Lanthaniscus	97.6230828008008	92.37291654354354
0.0	Lanthanolania	95.81736802202202	94.61055633733733
0.0	Lanthanosuchus	91.10073541441443	90.13179314914913
0.0	Laquintasaura	25.520233394394396	25.33107795995996
0.0	Largocephalosaurus	71.09611302702703	69.18616128928927
0.0	Lariosaurus	73.77842075975975	61.16438414814815
0.0	Lasasaurus	74.38235550250249	74.22959570670672
0.0	Lepidus	40.23853798298298	39.053238486486485
0.0	Leptonectes	30.800844557557557	23.94593405805806
0.0	Leptopleuron	56.98365417917918	55.72454644044044
0.0	Leptosuchus	52.40568845445445	33.34804392992993
0.0	Lessemsaurus	51.846750729729735	33.269834446446445
0.0	Lewisuchus	67.3257889189189	53.88396414314314
0.0	Leyesaurus	43.26603735935936	41.94556886986987
0.0	Libognathus	42.967416230230235	41.86602966366366
0.0	Liliensternus	53.444593526526525	27.003930225225226
0.0	Lindwurmia	25.39698664064064	25.16049716616617
0.0	Litorosuchus	64.28021625925926	64.0633292052052
0.0	Lophostropheus	29.40116259059059	29.09579504004004
0.0	Lotosaurus	71.7068375885886	67.22119955655656
0.0	Lucasuchus	59.14344976076075	54.30000495295295
0.0	Lucianosaurus	42.05499222822823	40.88085060260261
0.0	Lucianovenator	43.39136385585586	41.948659193193194
0.0	Lufengosaurus	26.24604386186186	24.53823449349349
0.0	Lukousaurus	25.755450922922922	25.045718423423423
0.0	Luopingosaurus	70.41524574074074	70.03321272172172
0.0	Luperosuchus	65.75040503203203	63.10139301101101
0.0	Macgowania	47.26215037037037	34.88428311811812
0.0	Machaeroprosopus	52.376605331331334	26.25147370770771
0.0	Macrocnemus	71.98387986686686	60.836573516516516
0.0	Macrocollum	51.25923282282282	37.652045088088094
0.0	Macroleter	97.9610674114114	89.68369348948949
0.0	Macroplacus	29.81766587787788	29.49537478678679
0.0	Macroplata	25.619322999999998	25.374091361361362
0.0	Maehary	48.02845768568569	39.01936141541541
0.0	Majiashanosaurus	74.42664325825825	74.21016274974976
0.0	Malerisaurus	46.31176707807808	37.11531672072073
0.0	Malutinisuchus	67.70065872172172	58.9365742982983
0.0	Mambawakale	69.70799376276277	69.12797553953953
0.0	Mandaphon	69.5150907047047	69.00250242842843
0.0	Mandasuchus	71.50433561461462	67.04087085385386
0.0	Marasuchus	65.5664565015015	62.811650944944944
0.0	Marcianosuchus	70.78848994594594	70.38704727827827
0.0	Massospondylus	58.544249313313315	57.886315795795795
0.0	Mbiresaurus	60.31701508208208	53.00126296696697
0.0	Megachirella	69.72883071571572	69.37652092692691
0.0	Megalancosaurus	43.33944055355356	32.84667574474474
0.0	Megalosaurus	30.41174916116116	30.072323008008006
0.0	Megapnosaurus	25.527391788788787	25.333514642642644
0.0	Melanorosaurus	43.877759845845844	42.23492266366367
0.0	Merriamosaurus	73.94617721621623	73.71638581981983
0.0	Mesodapedon	69.83925959159158	69.1781445105105
0.0	Mesosaurus	115.72677033033034	108.37331987487488
0.0	Mesosuchus	71.63824816116116	63.650727933933936
0.0	Metamosaurus	111.75392400100098	111.59021810410411
0.0	Metashastasaurus	48.5905284024024	39.811414792792796
0.0	Microcnemus	76.85848833733732	71.82181211611612
0.0	Microleter	112.31246887187187	112.19493574474475
0.0	Micromenodon	55.28118749649649	54.08188175275276
0.0	Microsphenodon	47.276338656656655	38.21466472272272
0.0	Mikadocephalus	73.02714663063063	58.76147244444444
0.0	Milleretta	85.7875078728729	76.39149858658658
0.0	Millerinoides	80.79935667167167	80.6977542062062
0.0	Milleropsis	85.5971659009009	76.96058258258259
0.0	Millerosaurus	84.41189263963963	77.4356016036036
0.0	Miodentosaurus	59.775451135135135	54.40819695595596
0.0	Mixosaurus	72.31226517817818	62.320909534534536
0.0	Moradisaurus	83.28678964864865	76.67708746746747
0.0	Mystriosuchus	52.803183249249244	24.69011141141141
0.0	Nambalia	49.37663783383383	35.27054446846847
0.0	Nanchangosaurus	75.45366139539539	62.785449977977976
0.0	Nanoparia	85.23181652052052	79.2613218148148
0.0	Neoaetosauroides	51.33450982482483	34.60362509409409
0.0	Neoprocolophon	69.52831298698698	69.24713348248248
0.0	Neusticosaurus	71.29032579179179	60.7706965015015
0.0	new_Neotheropoda	45.314109476476474	43.81234941441442
0.0	new_Rhynchocephalia	43.92350254354355	42.28001086486486
0.0	Nhandumirim	49.06567832132132	36.74511565165165
0.0	Nicrosaurus	53.70731063863864	32.69029118618618
0.0	Nochelesaurus	89.17895019219218	84.92923498999
0.0	Notatesseraeraptor	44.61086321521521	43.62619806506506
0.0	Noteosuchus	76.61347011211211	76.49839062062061
0.0	Nothosaurus	72.55567412612612	29.379301473473472
0.0	Nundasuchus	69.3583958038038	68.77279584084083
0.0	Nyasasaurus	70.43887923423424	67.75013961961962
0.0	Nycteroleter	97.28405285285285	90.83517171771771
0.0	Nyctiboetus	104.48918803503503	104.21541681281282
0.0	Nyctiphruretus	99.4765304014014	84.48778653653652
0.0	Obirkovia	88.31217237437437	80.63992122322323
0.0	Odoiporosaurus	63.452907622622625	63.24133872772773
0.0	Odontochelys	57.332020336336335	52.98440064964965
0.0	Omphalosaurus	75.84751395295295	60.03931528728729
0.0	Opisthodontosaurus	115.58566933333334	108.60550312912913
0.0	Orenburgia	76.2367204994995	71.77815174174172
0.0	Orovenator	113.84437364964965	109.41266669269268
0.0	Oryctorhynchus	58.80740788588589	54.83814287787788
0.0	Oryporan	75.79790446446448	73.49986084484485
0.0	Osmolskina	74.0861957047047	73.8456454884885
0.0	Owenetta	85.80859178978977	73.63161436836836
0.0	Ozimek	59.04322170370371	53.45769824724725
0.0	Pachagnathus	42.104829716716715	40.525032987988
0.0	Pachypleurosaurus	68.13157346746748	60.512660061061055
0.0	Pachystropheus	34.31878036236237	27.297504742742742
0.0	Palacrodon	76.39084036136137	30.522254636636635
0.0	Palaeagama	77.50712305505506	77.3943098988989
0.0	Palaeochersis	49.67222022022022	36.57556323823823
0.0	Palaeosaurus	56.04609502802803	54.584181258258255
0.0	Paleollanosaurus	54.18577505505505	26.674059034034034
0.0	Paliguana	74.58825227227227	74.40236726726728
0.0	Pamelaria	71.29333188788789	67.21876012412413
0.0	Pamelina	73.98649732232232	73.76081463363363
0.0	Pampadromaeus	59.74262194794795	35.835277894894894
0.0	Panguraptor	25.437498210210208	25.1984588978979
0.0	Panphagia	57.79869570970971	57.16885418818819
0.0	Pantydraco	58.04855845445445	56.95711726926927
0.0	Panzhousaurus	70.5785117947948	70.16702356556556
0.0	Pappochelys	63.00743962262262	62.680435732732725
0.0	Parahupehsuchus	74.18928352352353	73.955144985986
0.0	Paralonectes	75.47483918018018	63.3123546006006
0.0	Paraplacodus	71.79052934434434	61.413475926926935
0.0	Pararcus	69.05421604504504	68.68612367467469
0.0	Parasaurus	86.40469731031031	78.76343382882882
0.0	Parasuchus	74.98451092792793	34.45988833033034
0.0	Paratypothorax	52.42806031631631	32.691357146146146
0.0	Pareiasaurus	90.16282082982984	76.2243802962963
0.0	Pareiasuchus	89.79399396496497	78.12514316016015
0.0	Parringtonia	69.82568681081081	69.24929968568568
0.0	Partanosaurus	64.72943361161161	64.44153277977978
0.0	Parvosuchus	64.63621180780781	64.19991785585586
0.0	Pectodens	69.29329246846847	68.93107300300301
0.0	Pelecymala	60.355344104104105	53.47009471071071
0.0	Pendraig	57.606990855855855	56.41968854554555
0.0	Pentaedrusaurus	72.27489563963964	72.0343555945946
0.0	Permotriturus	91.29480563263262	90.19543138738739
0.0	Pessopteryx	74.16622507307308	69.07284987087085
0.0	Peteinosaurus	41.52984587087087	38.41560432032032
0.0	Phaanthosaurus	76.88071601701702	76.17181029929931
0.0	Phalarodon	76.235737006006	64.05180138038038
0.0	Phantomosaurus	69.43008370770771	69.14963117117117
0.0	Phonodus	76.5697440960961	76.45030331231231
0.0	Pinheirochampsa	64.24910851551552	63.81586042742743
0.0	Pintosaurus	78.04468303303302	77.92590384884885
0.0	Pisanosaurus	57.356413706706704	56.83358547147147
0.0	Pistosaurus	72.21789165965967	61.89420922022021
0.0	Placochelys	60.74855024124124	27.041003522522523
0.0	Placodus	73.8335289169169	54.46284106306306
0.0	Planocephalosaurus	61.60368536536536	26.64622773773774
0.0	Plateosauravus	48.34482537237237	35.35956107807808
0.0	Plateosaurus	52.52636942042042	25.07588165065065
0.0	Plesiosaurus	33.56011051651651	24.58766049249249
0.0	Polesinesuchus	57.53267536836837	56.99856884084084
0.0	Polonosuchus	55.71574324724725	54.252168766766765
0.0	Polymorphodon	63.53421561661661	63.23791983483483
0.0	Poposaurus	60.632176575575585	27.84088142142142
0.0	Postosuchus	59.066234519519526	27.410987647647648
0.0	Powellvenator	42.12589041541541	40.62286623723724
0.0	Pravusuchus	42.696654483483485	41.59016038238238
0.0	Preondactylus	40.53719297797797	37.41236491391391
0.0	Prestosuchus	67.29008764864865	54.736697883883885
0.0	Procerosuchus	65.42242196596597	65.01523023223224
0.0	Procolina	74.63487698698698	74.4200937957958
0.0	Procolophon	76.8966651921922	71.63703293493494
0.0	Procolophonichnium	73.88788235035035	73.70327843743743
0.0	Procompsognathus	40.81355054754755	39.870780416416416
0.0	Proganochelys	54.34154158958959	27.044943483483486
0.0	Prolacerta	76.8189994934935	71.72615981981983
0.0	Prolacertoides	76.65534468168167	76.55133588388388
0.0	Prosantosaurus	66.01182814314315	65.7403230980981
0.0	Prosaurosphargis	74.18847872372373	73.93681958858858
0.0	Protanystropheus	72.04688504804805	66.591529004004
0.0	Protecovasaurus	46.83853831531532	37.49471682482483
0.0	Protenodontosaurus	60.75005924524525	59.94890878278277
0.0	Proteosaurus	26.27280595995996	24.512231017017015
0.0	Proterochampsa	57.3044072982983	56.432457610610605
0.0	Proterochersis	52.324020267267265	33.27210632332333
0.0	Proterosuchus	76.79559933533534	71.79969785585585
0.0	Protoavis	47.03151638038039	35.21265287687688
0.0	Protocaptorhinus	115.7388424074074	109.0622845045045
0.0	Protoichthyosaurus	25.532463691691692	25.279489213213214
0.0	Protome	43.429906318318324	42.27192788888889
0.0	Protorosaurus	86.77275805505506	78.65253298999
0.0	Protorothyris	123.82135167367368	118.39680890990991
0.0	Protosuchus	33.29209904004004	23.91317184784785
0.0	Provelosaurus	92.315861008008	88.21409663063064
0.0	Psephochelys	55.644474079079075	54.06315330930931
0.0	Psephoderma	72.39318004304305	25.7196098988989
0.0	Psephosauriscus	71.9246872222222	63.20111693993994
0.0	Psephosaurus	73.13699332132131	61.18926335335335
0.0	Pseudhesperosuchus	43.70160061861862	42.47919378978978
0.0	Pseudochampsa	57.28455349149149	56.52438610810811
0.0	Pterodactylus	25.570492483483488	25.319753782782787
0.0	Puercosuchus	39.14869294894895	38.14881838638638
0.0	Pumiliopareia	81.84670922822822	81.74326738538538
0.0	Qianichthyosaurus	64.5368792922923	52.014518072072065
0.0	Qianosuchus	71.62517972072072	69.13693943943944
0.0	Qianxisaurus	63.98691558458459	63.75285730830831
0.0	Quasianosteosaurus	73.75327020120119	73.55225258058059
0.0	Raibliania	57.70951141341341	56.59394480480481
0.0	Rauisuchus	56.18604977577578	55.15369335435436
0.0	Rautiania	87.87512650850852	83.5973257977978
0.0	Redondasuchus	50.16334481781782	35.60693783783784
0.0	Redondavenator	42.083541352352356	41.030682197197194
0.0	Retymaijychampsa	65.41267361761761	64.95340653653653
0.0	Revueltosaurus	58.122416179179176	32.885432498498496
0.0	Rhaeticosaurus	29.55496824924925	29.19926249049049
0.0	Rhipaeosaurus	93.48551445245245	85.6678370990991
0.0	Rhomaleosaurus	30.58206293893894	24.023962043043042
0.0	Rhombopholis	72.036811992993	64.76416384684684
0.0	Rioarribasuchus	53.13514383683683	33.305659654654654
0.0	Riojasaurus	47.4159902002002	37.764651730730726
0.0	Riojasuchus	42.958133072072066	41.35634489289289
0.0	Romeria	121.11646171771771	120.83224460960962
0.0	Rothianiscus	98.97547233733735	89.51290945145145
0.0	Ruehleia	46.60645922622623	37.36372000500501
0.0	Rugarhynchos	44.302701448448445	43.30054097097097
0.0	Ruhuhuaria	69.4812503853854	68.96201845145144
0.0	Rutiodon	57.86321992392392	33.06335734934935
0.0	Sacisaurus	43.91511734734734	42.213053854854856
0.0	Saltoposuchus	44.94091712312312	37.18245647547547
0.0	Sanchiaosaurus	69.10096047247247	68.70040393693695
0.0	Sanchuansaurus	77.89463186286287	77.77837724224223
0.0	Sanjuansaurus	57.92413640640641	57.2598742912913
0.0	Santaisaurus	76.73744354954955	76.2256573943944
0.0	Sarcosaurus	25.334361425425428	25.09156553853854
0.0	Sarmatosuchus	69.5345225885886	69.23396485285285
0.0	Saturnalia	58.78838713613613	40.20357886386387
0.0	Saurodektes	76.94040785085085	73.74065580180181
0.0	Sauropareion	76.4551063033033	72.52884662162162
0.0	Saurorictus	82.02067548648648	81.91549061861862
0.0	Saurosternon	80.86106971371372	80.75399596596597
0.0	Saurosuchus	58.39677281781781	57.86819121621621
0.0	Scelidosaurus	25.536554854854852	25.2797609029029
0.0	Scharschengia	73.86098997597597	73.63299315615616
0.0	Schleitheimia	45.2708000990991	44.48492362862862
0.0	Schultzsuchus	65.01335384484484	64.59634620320321
0.0	Sclerocormus	73.75883667467467	73.54952461461461
0.0	Sclerosaurus	72.67252203303305	67.1855763793794
0.0	Sclerostropheus	42.92608689689689	41.98467730830831
0.0	Scoloparia	61.18044629129129	26.867474964964963
0.0	Scolotosuchus	74.45406378378378	74.25073656056057
0.0	Scutarx	51.79489575275275	34.552286164164165
0.0	Scutosaurus	91.12920186186187	81.87752701901901
0.0	Scythosuchus	73.91568040740741	73.69856991791792
0.0	Seazzadactylus	44.81707811311312	43.93046708908909
0.0	Serpianosaurus	71.90160528428429	62.04399225825826
0.0	Shansisuchus	71.89265803003002	66.93877402002002
0.0	Shastasaurus	61.51074888988989	33.636824297297295
0.0	Shihtienfenia	79.25708974274275	76.95999487987989
0.0	Shonisaurus	59.07982937337338	26.917198523523528
0.0	Shringasaurus	71.63762725625627	66.99556707407407
0.0	Shuangbaisaurus	25.69830868168168	25.45077387987988
0.0	Shuvosaurus	52.95008568668669	27.124401826826826
0.0	Sigmala	61.50878693593594	52.106259330330325
0.0	Sikannisuchus	48.860639752752746	37.31759197197197
0.0	Silesaurus	54.94098671171171	53.58889058458458
0.0	Sillosuchus	58.63757699099099	58.0031933923924
0.0	Simosaurus	71.75260654354355	27.309888785785784
0.0	Sinocyamodus	56.45304876676676	55.025216585585575
0.0	Sinosaurosphargis	70.91149040440442	69.24318408908908
0.0	Sinosaurus	26.14364835935936	24.658145888888885
0.0	Skybalonyx	42.44503577377378	41.34464345245245
0.0	Smilodonterpeton	29.629665747747747	29.286652936936935
0.0	Smilosuchus	59.01231313413413	33.18147348748749
0.0	Sophineta	74.58918266866867	74.37770208208208
0.0	Soturnia	49.638448816816826	35.581543252252246
0.0	Soumyasaurus	46.63788145445445	45.44043039039039
0.0	Sphenotitan	49.96673186686686	35.035286302302296
0.0	Sphodrosaurus	47.26876175975976	46.089066982982985
0.0	Spinosuchus	59.18309322922923	38.55712511311311
0.0	Spondylolestes	82.51217094294294	78.30627843543543
0.0	Spondylosoma	65.89033572072071	62.987367369369366
0.0	Stagonolepis	59.96444290990991	31.362584210210212
0.0	Stagonosuchus	71.41070543743744	67.26446905905905
0.0	Staurikosaurus	57.75708162962963	57.17975015315315
0.0	Stauromatodon	64.07611961361361	63.75940612312312
0.0	Stegomus	50.31843315415416	34.761755392392395
0.0	Stenaulorhynchus	71.67395114314314	62.15841106106107
0.0	Stenomyti	42.49030833733734	41.36687526726727
0.0	Stenoscelida	40.08596646546547	38.74049614814815
0.0	Stereosternum	115.96002198898898	108.17667824624625
0.0	Styracocephalus	88.92174873873874	85.21279906406407
0.0	Suchonosaurus	85.69556020620621	85.27911426926927
0.0	Sumidadectes	103.98745086886886	103.5899264964965
0.0	Syntarsus	29.577372136136134	29.24240838938939
0.0	Syntomiprosopus	41.04237100600601	40.01927001101101
0.0	Tachiraptor	25.658075476476476	25.463774172172172
0.0	Tanaisosaurus	74.60006945745745	74.4230576956957
0.0	Tangasaurus	78.65533582782784	77.17576996296297
0.0	Tanystropheus	72.37091257757757	26.906657745745747
0.0	Tanytrachelos	52.52540858858859	33.8733064954955
0.0	Tarjadia	66.36678024424424	62.637994186186184
0.0	Tasmaniosaurus	76.87382323123123	75.98661227827827
0.0	Tawa	51.34317796896897	35.19059078478479
0.0	Taytalura	56.148949393393394	55.5305640990991
0.0	Technosaurus	44.04008666266266	42.88307807607608
0.0	Tecovasaurus	54.26695933433433	33.769124553553546
0.0	Tecovasuchus	50.85076522022022	34.99698830330331
0.0	Teleocrater	71.19552872672674	67.85720035335335
0.0	Temnodontosaurus	27.092653216216217	24.167968223223227
0.0	Teraterpeton	59.5387696996997	54.53378374374375
0.0	Teratophon	71.57607715315315	67.18333072572574
0.0	Teratosaurus	76.36616822022022	31.702201446446445
0.0	Termatosaurus	33.616628658658655	26.672791759759757
0.0	Terrestrisuchus	61.441441106106105	52.78591807607607
0.0	Teyujagua	74.75971957557557	74.58730610110109
0.0	Teyumbaita	51.14258056656657	35.77673440840841
0.0	Thadeosaurus	80.98532575375376	80.88115336236235
0.0	Thaisaurus	73.90995598598599	73.6804449059059
0.0	Thalassiodracon	32.767649586586586	24.167886071071074
0.0	Thalattoarchon	70.87237324424424	70.51690171271271
0.0	Thalattosaurus	69.39187062162162	65.72746347147148
0.0	Thecodontosaurus	71.20232201901902	25.38525368968969
0.0	Theledectes	68.40705245345346	67.89089654054052
0.0	Thelephon	68.64577793293293	68.17738938238239
0.0	Thelerpeton	71.19540196896897	67.4290182042042
0.0	Tholodus	72.89389365365366	64.0312591071071
0.0	Threordatoth	57.680814563563565	56.350390706706705
0.0	Thuringothyris	115.52951175275274	108.70259372472472
0.0	Tichvinskia	76.10854998998998	71.7623942992993
0.0	Ticinosuchus	70.91030425425426	67.97876420820822
0.0	Tikisuchus	57.93796669869869	57.23340636436436
0.0	Timanophon	75.61352785885884	72.64503533633635
0.0	Toretocnemus	59.171718493493486	54.4651934014014
0.0	Trachelosaurus	71.28358050950952	70.98574812812812
0.0	Tramuntanasaurus	96.81875731931932	96.0841183953954
0.0	Trialestes	60.06706528328328	54.72101564564565
0.0	Tricuspisaurus	30.059747597597596	29.717174629629625
0.0	Trilophosaurus	55.822446714714715	33.319246678678674
0.0	Tropidosuchus	67.06731784784783	62.17973565765766
0.0	Tuebingosaurus	42.59363543843844	41.73531828128128
0.0	Turfanosuchus	69.25970991391391	68.95260053853855
0.0	Typothorax	52.4039017987988	26.990178624624626
0.0	Uatchitodon	58.13521211511512	36.49348274274274
0.0	Unaysaurus	48.11120538538538	37.53458358358358
0.0	Unguinychus	44.23807406706707	43.1293194994995
0.0	Uralosaurus	71.78486412012012	67.46529122622623
0.0	Utatsusaurus	76.23457648448448	71.32628737637637
0.0	Vallesaurus	41.50819929429429	38.210524801801796
0.0	Vancleavea	58.80736061761762	26.46693139439439
0.0	Variodens	33.68482696596597	26.939740592592592
0.0	Vellbergia	63.896652547547546	63.59353294994995
0.0	Velocipes	45.53715744644644	44.77584198598599
0.0	Venaticosuchus	56.69315270370371	55.8968216016016
0.0	Venetoraptor	60.20074203603604	37.22086175975976
0.0	Vinitasaura	56.526294321321316	55.27591585385385
0.0	Vivaron	48.21556138938939	37.81132946146146
0.0	Vjushkovisaurus	71.50782795695696	68.0715188008008
0.0	Volcanosuchus	58.75339983483484	58.1326722012012
0.0	Vonhuenia	76.58933857057058	76.48183277077078
0.0	Vritramimosaurus	74.15156218518518	73.91562225525526
0.0	Vytshegdosuchus	74.25439944544543	74.02844158558558
0.0	Wahlisaurus	25.4261663993994	25.18493420720721
0.0	Waluchelys	39.02847700600601	37.67126887387388
0.0	Wangosaurus	63.740345000000005	62.61888826926927
0.0	Wannia	45.10827606406407	36.69404892292292
0.0	Wapitisaurus	73.80070172772774	73.60526895795796
0.0	Weigeltisaurus	86.1126061031031	78.83041725825827
0.0	Whitakersaurus	30.342979975975975	30.06391907307307
0.0	Wimanius	68.73938212012011	68.3928332032032
0.0	Wumengosaurus	71.45374967167166	67.1062798098098
0.0	Xenodiphyodon	59.087107694694694	58.34272861561562
0.0	Xilousuchus	71.3091570960961	71.04424077477478
0.0	Xingxiulong	25.467882665665666	25.20867695795796
0.0	Xinminosaurus	70.42926133733734	70.05526344544545
0.0	Xinpusaurus	65.70856865265266	52.30347298098097
0.0	Yarasuchus	70.76403421521522	67.97399614614615
0.0	Yelaphomte	44.1723698948949	42.78414773073073
0.0	Yimenosaurus	26.43186245945946	24.47500657257257
0.0	Youngetta	74.49263093293294	74.33768891791793
0.0	Youngina	85.32817065765767	76.76658228328328
0.0	Youngosuchus	69.33475032432432	69.02992302002001
0.0	Yunguisaurus	66.31901514914915	62.56871209109109
0.0	Yunnanosaurus	26.22501512112112	24.992350231231235
0.0	Zanclodon	68.68735847747749	27.160028557557556
0.0	Zhongjiania	84.02307232332332	80.22439082882882
0.0	Zupaysaurus	41.44371835435436	40.015033094094086
