clade	species	ts	te
0.0	Abyssomedon	111.34831924775828	110.88110296664406
0.0	Acadiella	57.18256605296725	55.474861837642635
0.0	Acaenasuchus	52.00143294079933	33.88060256011733
0.0	Acallosuchus	46.89224681912021	45.07466237222636
0.0	Acerosodontosaurus	80.08803022209136	79.96362113344593
0.0	Acleistorhinus	104.15854612125692	103.14474365275169
0.0	Acrodenta	81.94421766449628	81.81469935972623
0.0	Actiosaurus	30.192889619751334	28.917495466305176
0.0	Adamanasuchus	42.48405937755975	40.86947850357226
0.0	Adelosaurus	81.1683504447716	81.05995453972821
0.0	Aenigmasaurus	74.84522632434806	74.41737300300002
0.0	Aenigmaspina	56.968799880009776	55.41721732920366
0.0	Aenigmastropheus	81.2737490490672	81.16388075540839
0.0	Aetosauroides	59.46656975908621	34.96520344128268
0.0	Aetosaurus	51.683816823720264	33.51986146478295
0.0	Agkistrognathus	75.2840088446205	74.66498134569274
0.0	Agnosphitys	58.010933480372024	56.45103585966512
0.0	Alexeyisaurus	42.699475545117174	41.2127687586751
0.0	Alwalkeria	58.7094203981711	57.32828345826064
0.0	Amanasaurus	57.8258261618129	35.63132304147823
0.0	Ammorhynchus	72.24660436707074	69.77753075826398
0.0	Ammosaurus	26.259049774419715	24.609752770064116
0.0	Amotosaurus	72.22198980476449	68.70026569488549
0.0	Anarosaurus	71.71755904728941	67.71089567899644
0.0	Anchisauripus_Temperate_N	48.64389079936443	24.700249777486416
0.0	Anchisauripus_Tropical_N	51.104168346726084	24.33421824382493
0.0	Ancistronychus	48.03028373318592	46.47182423806932
0.0	Angistorhinus	61.93062374706386	36.37391284735385
0.0	Anisodontosaurus	71.91554101401125	62.91419729736999
0.0	Anomoepus_Temperate_N	26.2421417894421	24.486005745830507
0.0	Anomoepus_Tropical_N	47.458342797175526	24.164440840698237
0.0	Anomoiodon	72.26098727730309	68.45882831048122
0.0	Anshunsaurus	64.83365137309303	53.45271049466105
0.0	Anthodon	84.40518124664719	78.76348511599016
0.0	Anticheiropus	25.6197437417638	25.034470091156567
0.0	Apachesuchus	45.528606320314665	43.597042139134885
0.0	Apatopus_Temperate_N	57.80510851588351	56.213880571850794
0.0	Apatopus_Tropical_N	52.50979112795699	26.62929913732375
0.0	Apatopus_Tropical_S	57.701990941743794	56.44530914544606
0.0	Apatosuchus	40.826559243747155	39.22043838822653
0.0	Aphelosaurus	121.15759293916595	119.95089802485585
0.0	Araeoscelis	115.05148975560839	97.3794615437727
0.0	Archeopelta	65.00096606948966	64.21009651569462
0.0	Archosaurus	85.38508950475006	81.63174498302205
0.0	Arcticodactylus	44.36084657880643	42.62852624093601
0.0	Arganaceras	82.23160180369783	82.08667937442638
0.0	Arganasuchus	58.76171035038166	52.19239238478205
0.0	Argoides	26.420866129790337	24.600429185457617
0.0	Arizonasaurus	72.09482455663952	69.90541650601673
0.0	Asilisaurus	72.16614355146169	66.91962002376694
0.0	Askeptosaurus	69.23399008553427	61.15579654209491
0.0	Asperoris	70.81285999353325	70.03723510813454
0.0	Asylosaurus	33.78170802833365	26.46071759286214
0.0	Atopodentatus	70.08278984477606	68.71865402733364
0.0	Atreipus_Temperate_N	58.64967151185014	57.12326096116623
0.0	Atreipus_Tropical_N	57.01333041507128	40.029668155846174
0.0	Augustaburiania	75.46384254048378	72.12133384924277
0.0	Augustasaurus	68.35530452680584	67.5005312717808
0.0	Australothyris	86.91906103928935	86.51389497392194
0.0	Austriadactylus	39.939189072167466	34.59325842366027
0.0	Austriadraco	36.821003895176624	35.23256865947399
0.0	Avalonnectes	25.57317901554462	25.070245675040837
0.0	Avicranium	29.644392436204843	28.34443188876543
0.0	Azendohsaurus	57.142993213235705	55.5818056673852
0.0	Baeotherates	111.76749363470704	111.47087433532595
0.0	Baisesaurus	73.51867161598462	72.98419416984635
0.0	Barasaurus	85.39681852986145	74.19761087128747
0.0	Barberenasuchus	64.89588485564285	64.06234394788831
0.0	Barracudasauroides	71.62485165340726	67.00363763752931
0.0	Barracudasaurus	71.94608363097367	66.87614500651117
0.0	Barrancapus	48.09748847906088	46.3811813942266
0.0	Bashkyroleter	97.58333302818922	89.37961476663074
0.0	Batrachopus_Temperate_N	71.58531459111768	26.649097667418527
0.0	Batrachopus_Tropical_N	40.01639760406226	24.208047846487183
0.0	Batrachotomus	65.10597635562618	61.15850288442094
0.0	Belebey	95.42054276967521	89.16932255352836
0.0	Benggwigwishingasuchus	70.62311986276514	69.86662439572662
0.0	Bentonyx	70.7623974039267	70.05073696561074
0.0	Bergamodactylus	40.53410683705375	38.791919027578075
0.0	Besanosaurus	66.4310209947555	65.64215745974957
0.0	Blezingeria	69.06921970367449	68.36641902897809
0.0	Blomosaurus	76.717193689841	76.52494438613763
0.0	Bobosaurus	61.07701290381005	59.7614469326437
0.0	Bolosaurus	120.5776478273981	101.08977313745707
0.0	Boreopricea	75.43492326652517	73.01806824408048
0.0	Brachychirotherium_Temperate_N	59.051837534817054	57.63612051002789
0.0	Brachychirotherium_Tropical_N	56.841354043889375	28.346636775453064
0.0	Brachychirotherium_Tropical_S	58.470958339614896	52.892164412771244
0.0	Bradysaurus	89.68621331672574	83.91807664368494
0.0	Brasinorhynchus	66.11961158177314	62.26780633049256
0.0	Brazilosaurus	116.02850293886598	107.64301822571362
0.0	Bromsgroveia	71.93527978543095	67.0788257528417
0.0	Broomia	88.62476223234704	84.57458794833276
0.0	Bunostegos	77.77809090897678	77.63397253016146
0.0	Buriolestes	59.76086759669552	35.548797853509484
0.0	Bystrowisuchus	75.06110987049857	74.41943294892165
0.0	Callawayia	47.236272730308116	36.473614565050724
0.0	Calyptosuchus	59.05419170194113	33.379361512916816
0.0	Camelotia	32.91893903477817	27.709693912254583
0.0	Camposaurus	43.559817479938665	41.840969990011
0.0	Candelaria	66.96799238104867	61.48531592096578
0.0	Captorhinikos	108.27466222862479	98.15819047529418
0.0	Captorhinoides	106.22331550531673	99.11861621924687
0.0	Captorhinus_Temperate_S	81.34442887967644	81.23096193302149
0.0	Captorhinus_Tropical_N	112.02940204178935	97.68058899087768
0.0	Captorhinus_Tropical_S	115.56748525846953	99.29904699074433
0.0	Cargninia	43.08224713315703	41.342598292214355
0.0	Carnufex	56.993740606517854	55.452260067445195
0.0	Cartorhynchus	73.33632543208259	72.76864566105179
0.0	Caseosaurus	40.7524837526417	39.022018126712524
0.0	Caviramus	32.35293304712275	30.9461923844376
0.0	Ceresiosaurus	67.22012895851064	62.1667986256625
0.0	Chalishevia	67.14066922083579	61.20021582210914
0.0	Chanaresuchus	66.86582006494518	61.76079581704242
0.0	Chaohusaurus	75.29428911242348	66.66818235590397
0.0	Chasmatosuchus	76.7726703955155	72.17481216215735
0.0	Chelyoposuchus	30.146261028578092	28.96164833479261
0.0	Chinchenia	65.71736790631006	64.89578636377072
0.0	Chindesaurus	51.30882483674262	36.18488929516995
0.0	Chinshakiangosaurus	25.456607385904288	25.037759436482627
0.0	Chirotherium_Temperate_N	60.60974235002611	27.384080738352647
0.0	Chirotherium_Temperate_S	66.31976834480382	62.66980195802175
0.0	Chirotherium_Tropical_N	76.886713919888	35.499031443160476
0.0	Chromogisaurus	58.95106373810822	57.689183552450594
0.0	Clarazia	68.65530451979465	67.8284123165702
0.0	Claudiosaurus	85.38385271450794	76.78342347469416
0.0	Clevosaurus_Temperate_N	62.01828151961687	24.377896223269143
0.0	Clevosaurus_Temperate_S	58.46940654070601	33.8487923773042
0.0	Coahomasuchus	58.65759638737097	42.3898882078912
0.0	Coartaredens	71.69901692033244	67.3703612739808
0.0	Coburgosuchus	46.76198498656652	45.13902582052023
0.0	Coelodontognathus	75.19820916365738	72.0254119910999
0.0	Coelophysis_Tropical_N	53.24931408765652	25.080146749374993
0.0	Coelophysis_Tropical_S	42.28552695426617	40.67189510636785
0.0	Coelurosauravus_Temperate_N	81.98002647416082	81.86970762920699
0.0	Coelurosauravus_Temperate_S	83.24899217770196	77.75703374223046
0.0	Coelurosaurichnus_Temperate_N	71.48602068130756	27.150477248324982
0.0	Coelurosaurichnus_Tropical_N	71.30412137742643	36.09752598503317
0.0	Coelurosaurichnus_Tropical_S	58.61800633547039	53.89128524564718
0.0	Coletta	74.30876358790654	73.77917780204224
0.0	Collilongus	74.42630758733986	73.86276565025166
0.0	Colobomycter	115.34897528275872	108.74770045466059
0.0	Colobops	42.592636457116186	41.02646274273047
0.0	Coloradisaurus	48.38456283723153	36.938134378581985
0.0	Coloradisuchus	42.85521554730609	41.36929091488794
0.0	Concavispina	56.59867708327871	54.95450531677018
0.0	Contectopalatus	68.2024304449605	67.43608233822597
0.0	Corosaurus	73.77829887616528	72.13499135591505
0.0	Cosesaurus	63.557563788119865	62.61918679886443
0.0	Crosbysaurus	52.91246744003822	34.055760008888996
0.0	Ctenosauriscus	73.55111758920656	72.99127430710342
0.0	Cyamodus	71.62143163705153	53.05536779976443
0.0	Cymatosaurus	71.93765950887231	67.32754442931588
0.0	Cymbospondylus_Temperate_N	70.44646972964144	60.83337015410171
0.0	Cymbospondylus_Tropical_N	74.30593368296314	62.576583503905596
0.0	Czatkowiella	74.33593165378504	73.73763125709176
0.0	Dactylosaurus	71.95297696324404	67.50592643968267
0.0	Daemonosaurus	30.831269124012493	29.56309295168835
0.0	Dagasuchus	58.97505286932078	57.65461968288537
0.0	Dawazisaurus	69.25869716589072	68.4174479661885
0.0	Decuriasuchus	68.97175854970612	61.6321418889321
0.0	Delatorrichnus	25.515334020455782	25.076213961088456
0.0	Delorhynchus	114.36426646290514	107.88873061936245
0.0	Deltadectes	45.66041689772109	28.14766122809142
0.0	Deltavjatia	89.92475535851509	84.63721181189791
0.0	Desmatosuchus	58.59439023994711	34.14802111123457
0.0	Diandongosaurus	69.68982275381948	68.81305164074045
0.0	Diandongosuchus	64.64832776881966	63.75981268441873
0.0	Dianmeisaurus	70.33177555739508	67.83628098185535
0.0	Dianopachysaurus	69.74691337189302	68.84920305577839
0.0	Dimetropus	115.8796172478472	107.67274512467918
0.0	Dimorphodon	25.70208325584729	25.229076971344128
0.0	Dinocephalosaurus	70.04174537429304	68.57680461581795
0.0	Diphydontosaurus_Temperate_N	61.861219297981094	26.641105301214456
0.0	Diphydontosaurus_Tropical_N	40.61875294057711	38.80537956993966
0.0	Diphydontosaurus_Tropical_S	45.401672126790295	43.676530643551594
0.0	Dolabrosaurus	41.11059892912143	39.41804149099434
0.0	Dolerosaurus	55.256506348914996	53.45016540230448
0.0	Dolichobrachium	58.80652487089856	57.28502703636707
0.0	Doliovertebra	70.4581894812609	69.70903182125359
0.0	Dongusuchus	70.93046339692663	67.14301879937554
0.0	Dorosuchus	71.01644554498384	67.90688093804376
0.0	Doswellia	62.43416764240713	35.69611198409982
0.0	Dracoraptor	25.681585828253645	25.209519431938126
0.0	Drepanosaurus_Temperate_N	41.252119712019024	39.46938241403794
0.0	Drepanosaurus_Tropical_N	49.445295580562004	27.443431798597764
0.0	Dromomeron_Temperate_S	44.313646446904954	42.60023037082633
0.0	Dromomeron_Tropical_N	50.65407379797553	27.60357476359738
0.0	Dromomeron_Tropical_S	50.66213765148501	35.156571390837684
0.0	Dyoplax	57.049981794331046	55.481007353437256
0.0	Ebrachosuchus	58.385388431349234	56.829476026011406
0.0	Effigia	33.57953598709986	26.659446640662676
0.0	Efraasia	44.497023520205786	36.55539495265503
0.0	Eifelosaurus	71.08584929133657	70.2833448088312
0.0	Elachistosuchus	30.592671871820798	29.37502088896543
0.0	Elessaurus	74.2249628742986	73.70289424531383
0.0	Elginia	82.47254587673197	76.89144042137134
0.0	Embrithosaurus	89.92048910094557	84.55770456635075
0.0	Emeroleter	90.02679832798141	84.91259501854465
0.0	Endennasaurus	40.494316406404515	38.70573799043323
0.0	Energosuchus	66.44302382843142	61.708971215980185
0.0	Eodromaeus	56.065660899676665	54.40581839467105
0.0	Eohupehsuchus	73.26889642209359	72.70164824912499
0.0	Eohyosaurus	71.30951442549362	67.47642584857608
0.0	Eomurruna	76.82636325474728	76.3034384098712
0.0	Eoplesiosaurus	25.546517864954055	25.044809332681474
0.0	Eoraptor	60.36916072947478	54.641333068467425
0.0	Eorasaurus	87.46238101872244	86.98341369854109
0.0	Eorhynchochelys	56.74190561579574	55.22628291533239
0.0	Eosauropus_Temperate_N	50.4854340590562	38.2952698520428
0.0	Eosauropus_Tropical_N	50.78774204345605	35.16439776008622
0.0	Eretmorhipis	65.78544396868854	65.00365798255537
0.0	Erpetosuchus	43.66528251178346	41.83641662556251
0.0	Erythrosuchus	72.02219120560228	67.08091416352406
0.0	Erythrovenator	58.52461461266236	57.11438759397326
0.0	Eshanosaurus	25.50097403410038	25.078387204768944
0.0	Eubrontes_Temperate_N	51.48950090419893	24.46797953751708
0.0	Eubrontes_Tropical_N	51.21449983793153	24.255402528361426
0.0	Eucoelophysis	47.124410377837535	27.058762849909442
0.0	Eudibamus	111.88973677605304	111.57400757397308
0.0	Eudimorphodon	44.91571239959333	26.306817293781048
0.0	Eumetabolodon	74.27360063178479	67.5751205265392
0.0	Eunotosaurus	89.76739962444029	84.70698805328948
0.0	Euparkeria	71.77050891408794	66.96948810576784
0.0	Eurhinosaurus	25.654677479416442	25.174126639773778
0.0	Eurycleidus	25.92498988483205	25.419413316092403
0.0	Eusaurosphargis	71.64654294073267	63.563068346814966
0.0	Euscolosuchus	58.99896573946377	57.63837088132092
0.0	Evazoum	57.765838511127896	27.91001066008511
0.0	Fasolasuchus	44.16993313794598	42.544401959699556
0.0	Faxinalipterus	45.92532579619774	37.25264475298614
0.0	Feeserpeton	111.28073043228258	110.94859564907388
0.0	Feralisaurus	70.317053350515	69.55094215384615
0.0	Fodonyx	72.23571854043934	66.92764792856588
0.0	Fraserosphenodon_Temperate_N	57.74721085019833	56.16101726039178
0.0	Fraserosphenodon_Tropical_S	42.61403708331204	40.998186466216296
0.0	Fraxinisaura	63.807032350281666	62.94738865940732
0.0	Fugusuchus	71.67105824982501	70.96276023086925
0.0	Fuyuansaurus	64.55666114000155	63.788205851809465
0.0	Galesphyrus	83.24785310112334	80.01144155573952
0.0	Gamatavus	66.41964274188602	62.79914649838332
0.0	Gansurhinus	97.74506814542386	80.42496233335928
0.0	Garjainia_Temperate_N	75.33788925338058	72.09522993051034
0.0	Garjainia_Temperate_S	76.10102789138769	72.0199220881121
0.0	Garzapelta	43.70048261505128	41.996940791075446
0.0	Gecatogomphius	100.60728724684719	93.20152978601985
0.0	Gephyrosaurus	32.766356286580965	27.208217735530397
0.0	Glaurung	81.02487702566694	80.91823507658974
0.0	Glyphoderma	63.89130565018499	62.94829766529627
0.0	Gnathovorax	57.517998414793496	42.648543231958136
0.0	Gojirasaurus	43.40380346182735	41.66758768344093
0.0	Gomphiosauridion	56.82184307482306	55.2759076107179
0.0	Gorgetosuchus	58.04892330280336	56.55838200815564
0.0	Gracilisuchus	66.44482293289924	62.08802224362492
0.0	Grallator_Temperate_N	58.67501379018656	24.43969141428238
0.0	Grallator_Temperate_S	57.731384791253234	40.44307674643052
0.0	Grallator_Tropical_N	59.28309539754887	24.278402119434663
0.0	Graoullyodon	31.821163586028735	30.59338634535939
0.0	Gregaripus	52.65958524696941	37.6088374958055
0.0	Gresslyosaurus	48.17534440982678	33.04901711896799
0.0	Grippia	75.79927311133459	72.25822976815297
0.0	Guaibasaurus	51.293510000900014	34.07565582967588
0.0	Gualosuchus	66.24426798629985	62.41553129358103
0.0	Guanlingsaurus	58.35350224581385	52.65205721922467
0.0	Guchengosuchus	70.21323669484106	69.45410948022754
0.0	Guizhouichthyosaurus	66.13183812791253	52.04945080887566
0.0	Gulosaurus	75.97922972033022	74.16180307778976
0.0	Gunakadeit	42.61591883964266	41.08858777350859
0.0	Gwyneddichnium	51.28871124052489	26.606183184946502
0.0	Gyposaurus	26.316968112634587	24.92937538825987
0.0	Halazhaisuchus	70.18138459720663	69.35476759680664
0.0	Haligonia_Temperate_N	33.325738187813194	27.20015431869243
0.0	Haligonia_Tropical_N	57.298613573595254	55.692959723930265
0.0	Hanosaurus	74.72909294426604	74.15477502378916
0.0	Helcura	26.403617756341735	24.772254739852663
0.0	Helveticosaurus	67.11020427789197	66.4335483835487
0.0	Hemilopas	73.32361048120534	67.79814954422828
0.0	Hemiprotosuchus	48.9476980614118	38.80203826390293
0.0	Heptasuchus	57.40995782327582	55.84476346762741
0.0	Herrerasaurus	61.45362907227859	52.095704848542745
0.0	Hescheleria	68.13186433621486	67.31219438245981
0.0	Hesperosuchus	51.66312210972345	27.156320946477184
0.0	Heterodontichnites	58.60039547910531	40.08469382439805
0.0	Heteropelta	70.15913511782354	69.36740614584608
0.0	Himalayasaurus	40.751305022778034	38.90498953155035
0.0	Hispaniasaurus	64.94250654615053	64.14445720281336
0.0	Honghesaurus	69.68499639727108	68.77257841452683
0.0	Horaffia	65.27274637930421	61.323418929010316
0.0	Hovasaurus	84.60885424974721	74.93259825115834
0.0	Howesia	70.69594343221591	68.0027332565584
0.0	Hudsonelpidia	43.40919904035601	41.54764939899332
0.0	Hupehsuchus	75.64964455950621	62.96799438493761
0.0	Hwiccewyrm	61.51796793815487	52.254415576728626
0.0	Hyloidichnus	81.55538760184002	76.8921333833487
0.0	Hyperodapedon_Temperate_S	61.604909562761804	33.443071627406965
0.0	Hyperodapedon_Tropical_N	59.79535715061279	53.98507673978599
0.0	Hypselorhachis	69.95912494679939	69.23162846743853
0.0	Hypsognathus_Temperate_N	29.892183611917908	28.783697285080944
0.0	Hypsognathus_Tropical_N	58.157525130857024	27.28503827938088
0.0	Hypuronector	46.929605463627375	36.03195147201635
0.0	Icarosaurus	44.936224089834326	43.02550155499506
0.0	Ichthyosaurus_Temperate_N	33.478208978277536	24.38053873053034
0.0	Ichthyosaurus_Tropical_N	50.65745082788698	34.5408206764964
0.0	Ichthyotitan	30.520736763586264	29.550738428382534
0.0	Idiosaura	58.75622449371659	57.32300413322371
0.0	Ignotosaurus	57.21400541668241	55.85591851716131
0.0	Incertovenator	56.088955265469615	54.55993221458017
0.0	Ingentia	44.19211099973334	42.58036881482016
0.0	Isfjordosaurus	73.45191911034567	72.88194632919254
0.0	Ixalerpeton	61.08876149180547	39.026068379148654
0.0	Jaklapallisaurus	43.07038335429282	41.25690692249915
0.0	Jaxtasuchus	64.87624694241048	61.30100775748619
0.0	Jesairosaurus	70.87574131321459	70.22134737610416
0.0	Jingshanosaurus	26.18810029131435	24.607047223580256
0.0	Jushatyria	69.92555690049888	69.11932006246735
0.0	Kadimakara	76.80896703204479	76.31847608477872
0.0	Kalisuchus	76.57893469685219	76.32981324202491
0.0	Kapes_Temperate_N	76.18554261817354	68.84531118696874
0.0	Kapes_Tropical_N	71.75679298604429	67.87480278486427
0.0	Kayentapus_Temperate_N	26.416617524572494	24.4276344060934
0.0	Kayentapus_Tropical_N	53.35330707413416	24.73426124262492
0.0	Keichousaurus	74.56091733192592	60.993491626106945
0.0	Kholumolumo	52.510237602428916	34.610256491694344
0.0	Kinelia	83.08030980934232	82.9352029360215
0.0	Kintneria	49.78805963866265	35.11326111237903
0.0	Kitchingnathus	74.84541303077812	74.28334226423628
0.0	Kocurypelta	41.44853665395171	40.1336655115279
0.0	Koiloskiosaurus	71.75575561484015	71.06834174916388
0.0	Komlosaurus	26.547352530872566	24.367555697029964
0.0	Krzyzanowskisaurus	60.2919577627196	35.06944594332159
0.0	Kudnu	76.83700750989456	76.22160294943276
0.0	Kuehneosaurus	61.793531161646236	28.923772527039187
0.0	Kuehneosuchus	30.77654752608362	29.422989503838934
0.0	Kuruxuchampsa	57.03916089100991	55.44415152689475
0.0	Kwangsisaurus	75.85176224346935	72.68397657018411
0.0	Labidosaurikos	107.97956166801855	98.05980537643754
0.0	Labidosauriscus	115.45275031863687	107.70138047124968
0.0	Labidosaurus	108.2394766056734	98.11351572645252
0.0	Lagerpeton	67.10547432134803	62.26373426688075
0.0	Lanceirosphenodon	42.61971965497394	40.92600561027345
0.0	Langeronyx	72.14455951261681	64.84807328170312
0.0	Langobardisaurus	42.27904086818742	34.08512579015323
0.0	Lanthaniscus	96.2553375132835	90.42381661430683
0.0	Lanthanolania	92.92251195658842	91.98395713055702
0.0	Lanthanosuchus	88.158495720308	87.66367975228614
0.0	Laquintasaura	25.745260375881955	25.00788249461661
0.0	Largocephalosaurus	70.23376931930355	68.53828435768175
0.0	Lariosaurus	74.22722089683221	61.10912529795886
0.0	Lasasaurus	75.41235671290792	74.88992078235313
0.0	Lavinipes	25.899255965977403	24.715602331003677
0.0	Lepidus	43.09692234549273	41.444317578928654
0.0	Leptonectes	26.132866365092948	24.963745820586894
0.0	Leptosuchus	52.53864334970388	33.41766609452327
0.0	Lessemsaurus_Temperate_S	52.39323388875431	33.971475140146
0.0	Lewisuchus	66.66686500907788	55.03788931814798
0.0	Libognathus	42.26196751022789	40.58977293515484
0.0	Liliensternus	51.53034009045656	28.173405215624616
0.0	Lindwurmia	25.771463451616125	25.31323137689308
0.0	Litorosuchus	65.08925682063132	64.3356603588262
0.0	Lophostropheus	30.937623609317882	29.905595581417575
0.0	Lotosaurus	72.28032772135246	67.02373645591618
0.0	Lucasuchus	60.501457791186574	52.10461016872411
0.0	Lucianosaurus	43.784331290692116	42.30440359616217
0.0	Lucianovenator	44.537136832842585	42.94968921075789
0.0	Lufengosaurus	26.42194264525161	24.53754602340026
0.0	Lukousaurus	25.93025710581229	24.85081947831643
0.0	Luopingosaurus	69.8385003353593	68.94152755221725
0.0	Luperosuchus	65.98126805927843	62.78285364567383
0.0	Macgowania	45.052691851098345	35.55062567778531
0.0	Machaeroprosopus	52.45352009026767	26.31664989873221
0.0	Macrocnemus	71.90074918371315	61.41389159984
0.0	Macrocollum	49.563794840453774	36.75142616753519
0.0	Macroleter_Temperate_N	97.0437909462105	89.45434076261958
0.0	Macroleter_Tropical_N	93.11629787732085	92.24961025792508
0.0	Macroplacus	31.832017143168258	30.740651010533455
0.0	Macroplata	25.905146737252636	25.417047648296098
0.0	Maehary	49.31907675311947	38.695938442838255
0.0	Majiashanosaurus	74.02248670253003	73.45519141062678
0.0	Malerisaurus	46.357291284380935	36.07482606622296
0.0	Malutinisuchus	66.06585143848265	61.71023349270548
0.0	Mambawakale	69.52973355933955	68.74298048439427
0.0	Mandaphon	70.16989517250192	69.45190753640595
0.0	Mandasuchus	71.87986982883143	67.16218050130557
0.0	Marasuchus	67.31156682176469	61.92740415499061
0.0	Marcianosuchus	71.26850160578451	70.52693352671696
0.0	Massospondylus	58.79448272029689	57.69539889478772
0.0	Mbiresaurus	60.72206724090266	53.15196082650919
0.0	Megachirella	68.82612573996377	67.9749894621718
0.0	Megalancosaurus	42.58652977013079	34.28928405492283
0.0	Megalosauripus	25.813241691852127	25.37194777118635
0.0	Megalosaurus	29.378967687485414	28.34322963389593
0.0	Megapnosaurus	25.603621911199014	24.96445418669096
0.0	Mehliella	59.3867851107679	58.03270556055067
0.0	Melanorosaurus	43.6648491874243	42.0481555113168
0.0	Merriamosaurus	73.39747466978521	72.84373302681139
0.0	Mesodapedon	69.33807638472649	68.5700997074634
0.0	Mesosaurus_Antarctic	115.03638981185347	107.30245785377613
0.0	Mesosaurus_Temperate_S	115.51370183862043	108.20945601975578
0.0	Mesosuchus	72.0205733463483	67.17413010165669
0.0	Metamosaurus	111.56395668382983	111.17261360957345
0.0	Metashastasaurus	48.65427190521005	35.02789936855965
0.0	Microcnemus_Temperate_N	76.82171162007353	72.22616755525061
0.0	Microleter	111.56627499651107	111.1830639327659
0.0	Micromenodon	55.28835749331659	53.62543567517417
0.0	Microsphenodon	49.15909819302437	37.631852454460606
0.0	Mikadocephalus_Temperate_N	64.09440470353003	63.18504135281504
0.0	Mikadocephalus_Tropical_N	68.09695532734808	67.31156676849741
0.0	Milleretta	85.17619757021744	76.62571094051044
0.0	Millerinoides	80.34219308390094	80.20037044711607
0.0	Milleropsis	84.4520638402649	76.84656608428982
0.0	Millerosaurus	83.82050370849676	77.72746956419515
0.0	Miodentosaurus	59.97211959405105	53.88865821516906
0.0	Mixosaurus	71.99301966065178	62.4276339756664
0.0	Moradisaurus	81.84724196545517	76.68516639538215
0.0	Mystriosuchus_Temperate_N	52.013131971599684	24.891985801575572
0.0	Mystriosuchus_Tropical_N	42.517146935221504	34.377951214669054
0.0	Nambalia	48.11215677679753	34.95651400950011
0.0	Nanchangosaurus	73.77183830405895	65.02186522791365
0.0	Nanoparia	83.56646438607096	80.3273698578984
0.0	Neoaetosauroides	52.23420801680018	34.16083500036667
0.0	Neoprocolophon	69.6507826418849	68.83836823940267
0.0	Neusticosaurus	71.38543709631219	61.40564611159013
0.0	Nhandumirim	49.033230811509014	37.46849029123657
0.0	Nicrosaurus_Temperate_N	51.504725901432245	34.20236638242647
0.0	Nicrosaurus_Tropical_N	45.3911787263414	43.586348526983635
0.0	Nochelesaurus	89.42827090817677	84.80767267276305
0.0	Notatesseraeraptor	43.01193515810176	41.34327560890676
0.0	Noteosuchus	76.58729221820242	76.33188639261549
0.0	Nothosaurus_Temperate_N	72.33443887323193	28.782549116856853
0.0	Nothosaurus_Tropical_N	71.25182408373426	61.24051016737963
0.0	Nothosaurus_Tropical_S	73.43123914390159	63.433388745197185
0.0	Nundasuchus	70.90020110632341	70.21721754128379
0.0	Nyasasaurus	71.66169882977589	68.07230966105179
0.0	Nycteroleter	95.50699210153448	90.81691872435249
0.0	Nyctiboetus	105.46683891512127	93.30987206587852
0.0	Nyctiphruretus	98.91983881089791	85.27117459016213
0.0	Obirkovia	88.03434538871542	82.74587213543485
0.0	Odontochelys	57.424975514250164	52.62743208563428
0.0	Omphalosaurus_Temperate_N	73.91935583014256	61.91366004584495
0.0	Omphalosaurus_Tropical_N	73.74354458665096	62.71006455262835
0.0	Opisthodontosaurus	115.81604411776794	108.10839652552806
0.0	Orenburgia	76.08490401916687	72.23157348412761
0.0	Orovenator	113.27061067969643	108.10948306363402
0.0	Oryctorhynchus	60.11816824333603	55.18096558723987
0.0	Oryporan	75.81880019089103	73.4535833300259
0.0	Osmolskina	74.54444590904343	74.00192879876444
0.0	Otozoum	41.91097756810631	40.17572096567739
0.0	Owenetta	85.29646666565183	74.12357128824765
0.0	Ozimek	58.113559714519056	52.91949168255202
0.0	Pachypes	78.30680213585705	78.19375511171235
0.0	Pachypleurosaurus	68.37088258143979	61.59486681539794
0.0	Pachystropheus	33.24434693145479	26.97137623530261
0.0	Palacrodon_Temperate_S	74.89006817874645	68.92306983649819
0.0	Palacrodon_Tropical_N	46.52005524875832	34.43954153422816
0.0	Palaeagama	77.83852019809109	77.65659553237258
0.0	Palaeochersis	50.10454885823176	38.1599912900921
0.0	Palaeosaurus	57.36748468446316	55.584475417560185
0.0	Palatodonta	70.24441676144178	69.46665672084136
0.0	Paleollanosaurus_Temperate_N	30.137776460905112	28.7815778520428
0.0	Paleollanosaurus_Tropical_S	41.39468425265836	39.80955300874454
0.0	Paliguana	74.07835874007489	73.5258605548284
0.0	Pamelaria	71.68328747282747	67.08089177603085
0.0	Pamelina	74.35988927095856	73.80088823354704
0.0	Pampadromaeus	58.36845579528662	39.307588149957226
0.0	Panguraptor	25.471896778275315	25.046756827786975
0.0	Panphagia	56.46994046739409	54.86285438090424
0.0	Pantydraco	58.826553607162296	57.37621785315393
0.0	Panzhousaurus	69.64078723254703	68.75694551579463
0.0	Pappochelys	64.17712015687952	63.341838322948036
0.0	Parabrontopodus_Temperate_N	26.27557366514073	24.57485072009689
0.0	Parahupehsuchus	73.1198427996311	72.57745651076124
0.0	Paralonectes	75.95919461426239	64.24962046387182
0.0	Paraplacodus	72.41004026632518	61.54858006125623
0.0	Pararcus	70.04523613331259	69.20372268039645
0.0	Parasaurus	85.17387866076288	79.29404997403306
0.0	Parasuchus_Temperate_N	75.82965018981322	51.44965821991356
0.0	Parasuchus_Temperate_S	60.474164207313414	54.637358925243625
0.0	Parasuchus_Tropical_N	60.830330789008755	42.21505440472672
0.0	Parasuchus_Tropical_S	51.569203716007955	39.636933205646734
0.0	Paratypothorax_Temperate_N	51.53765326364738	35.134825981766454
0.0	Paratypothorax_Tropical_N	52.178120072256355	33.95626645779398
0.0	Paratypothorax_Tropical_S	45.30145596854409	43.79346514265714
0.0	Pareiasaurus	90.43113705962287	77.22762436468183
0.0	Pareiasuchus	89.01441611555684	78.80958237325969
0.0	Parringtonia	69.49002545674952	68.71605351505016
0.0	Partanosaurus	64.78993711935689	63.96906142533807
0.0	Parvinatator	70.61366595346615	69.87287481539794
0.0	Parvosuchus	64.53498973096369	63.668130885520945
0.0	Pectodens	69.79881632825919	68.96559872491916
0.0	Pelecymala	60.32830031018123	52.602141955443955
0.0	Pendraig	57.67623604548941	56.07158552069467
0.0	Pentaedrusaurus	72.02517149066102	71.41849487854309
0.0	Permotriturus	89.47293166216289	88.78796941100457
0.0	Pessopteryx	73.73730155910621	68.76249219091324
0.0	Peteinosaurus	41.64523897677753	37.619605390859896
0.0	Phaanthosaurus	76.9005164567495	76.19886401032234
0.0	Phalarodon_Temperate_N	76.25397131235901	66.05239616107957
0.0	Phalarodon_Tropical_N	71.24517197098857	64.65074535599285
0.0	Phantomosaurus	69.62203969562995	68.80968486977632
0.0	Phonodus	76.53572639829332	76.2800806245736
0.0	Pisanosaurus	57.48423572975255	56.16522117962422
0.0	Pistosaurus	71.26160556125068	61.8219985950844
0.0	Placochelys	61.46498606328959	38.26060434099268
0.0	Placodus_Temperate_N	71.94398632405915	61.668012575028605
0.0	Placodus_Tropical_N	70.87865405250058	68.18507670023
0.0	Placodus_Tropical_S	72.83364006402293	63.93010314366827
0.0	Planocephalosaurus_Temperate_N	62.2191825758175	27.160115514839053
0.0	Planocephalosaurus_Tropical_S	40.989566150034996	39.38685285183169
0.0	Plateosauravus	50.87783682803142	35.453880722574695
0.0	Plateosaurus_Temperate_N	52.196699682285356	25.245837735108168
0.0	Plateosaurus_Temperate_S	49.90044474528606	35.604579226602524
0.0	Platypterna	45.68703230032556	24.26713112635696
0.0	Plectropterna	26.45536668577429	24.418351233702595
0.0	Plesiornis	25.874360275647508	25.27385466512961
0.0	Plesiosaurus	33.336837522072464	24.714966869320772
0.0	Polesinesuchus	58.09128277713085	56.89116898613318
0.0	Polonosuchus	55.031239020578006	53.37288370015222
0.0	Polymorphodon	64.18279910995678	63.36000065092945
0.0	Poposaurus	60.8130858930988	28.274950898309978
0.0	Postosuchus	57.62464352006133	26.727600129001434
0.0	Powellvenator	45.05485997519973	43.49118523712486
0.0	Pravusuchus	43.152743956721736	41.301174230113666
0.0	Preondactylus	42.00964023906933	34.99721254096156
0.0	Prestosuchus	67.0080991652796	56.55209148128312
0.0	Procerosuchus	64.99883788928766	64.31674017327971
0.0	Procolina	74.55965934857055	73.99771447852754
0.0	Procolophon	76.84189406528962	72.06689881414236
0.0	Procolophonichnium_Temperate_N	70.85776477848641	68.01728688887654
0.0	Procolophonichnium_Temperate_S	75.02112046647186	74.4754233674263
0.0	Procompsognathus	40.59341711091234	38.87561298488872
0.0	Proganochelys_Temperate_N	52.15060806617851	27.74254463127368
0.0	Proganochelys_Tropical_N	41.90113577705308	40.378665689818774
0.0	Prolacerta	76.78942967262967	72.49544931578129
0.0	Prolacertoides	76.66711020552451	76.48101723991378
0.0	Prosantosaurus	66.19393513810154	65.43048911051234
0.0	Prosaurosphargis	73.17411289978777	72.62281113561262
0.0	Protanystropheus	71.56504005186724	68.31663253559483
0.0	Protecovasaurus	51.06842084900943	35.663392815331285
0.0	Protenodontosaurus	60.66597957522862	59.25695929912556
0.0	Proteosaurus	26.022193942610475	24.92538948039423
0.0	Proterochampsa	57.0835959329437	55.46863102801143
0.0	Proterochersis	50.107914797031086	35.32222606735631
0.0	Proterosuchus_Temperate_N	76.77874396149959	76.35028792437693
0.0	Proterosuchus_Temperate_S	76.83350720201335	72.10674678365316
0.0	Protoavis	51.97045108332315	35.58963111524573
0.0	Protocaptorhinus	114.4635504700719	107.4726507820087
0.0	Protoichthyosaurus	25.94866166224069	25.454405351692795
0.0	Protome	39.824605698141085	38.332034612473464
0.0	Protorosaurus	85.57688684393159	78.81045838233757
0.0	Protorothyris	124.01454723592482	118.40372752807255
0.0	Protosuchus	31.915304055189505	24.364864705952293
0.0	Provelosaurus	92.30787296637742	87.78086302796697
0.0	Psephochelys	55.73361246504962	53.81467786443183
0.0	Psephoderma_Temperate_N	33.04966878956433	26.613410357515082
0.0	Psephoderma_Tropical_N	42.31879025409172	37.4519708829987
0.0	Psephoderma_Tropical_S	69.03372318520206	65.97366332217025
0.0	Psephosauriscus	71.49009497605529	63.76291114375716
0.0	Psephosaurus_Temperate_N	63.607427640729334	62.66436102451139
0.0	Psephosaurus_Tropical_S	70.49905249631664	66.85478703577817
0.0	Pseudhesperosuchus	43.088018194757716	41.506150968988536
0.0	Pseudochampsa	56.62936811841244	55.19818753662818
0.0	Pseudotetrasauropus_Temperate_N	42.278657174079704	40.73926120210225
0.0	Pseudotetrasauropus_Tropical_N	51.008611400682234	27.042192918699094
0.0	Pterodactylus	25.374761401160015	24.917228865187393
0.0	Pumiliopareia	82.1238504255936	82.01399195594395
0.0	Qianichthyosaurus	64.77731080236445	52.306834206935626
0.0	Qianosuchus	69.99797514769054	68.43421244127158
0.0	Qianxisaurus	64.82151256795075	64.015830769053
0.0	Quasianosteosaurus	73.44335103890042	72.86106716109067
0.0	Raeticodactylus	34.06942827732531	32.731409639451556
0.0	Rautiania	89.36530685002056	83.99151803464484
0.0	Redondasuchus	48.53380605556729	34.873259278769766
0.0	Redondavenator	44.27778601556684	42.749335589973214
0.0	Revueltosaurus	58.6545180976122	33.329568949399444
0.0	Rhaeticosaurus	31.533876102923358	30.297951874665277
0.0	Rhipaeosaurus	93.1434906606629	86.03121378863098
0.0	Rhomaleosaurus	31.095669552472806	24.689654514794608
0.0	Rhombopholis	71.09658857049521	65.38322406446737
0.0	Rioarribasuchus	49.82638188666541	34.2049861353015
0.0	Riojasaurus	48.33527773264147	36.795553035400395
0.0	Riojasuchus	41.89900501913355	40.32009695833287
0.0	Romeria	121.78407425488061	120.62348010993456
0.0	Rothianiscus	97.36253706043401	89.63680965177392
0.0	Rotodactylus	44.17079495783287	42.420837800620006
0.0	Ruehleia	48.918510173179705	38.558953283492045
0.0	Rugarhynchos	43.02453356861743	41.366124993511036
0.0	Ruhuhuaria	69.08777113919042	68.32095537890422
0.0	Rutiodon	58.33324682763143	33.58744055857287
0.0	Sacisaurus	45.70541076200847	44.11911466795186
0.0	Saltoposuchus	45.87480010300115	36.20208263480705
0.0	Sanchiaosaurus	69.46118583603152	68.6416000639896
0.0	Sanchuansaurus	78.14715644657161	78.03111171601908
0.0	Sanjuansaurus	56.31116964946278	54.868200621184684
0.0	Santaisaurus	76.84349736361516	76.16812395052168
0.0	Sarcosaurus	25.68773496744408	25.218463656673965
0.0	Sarmatosuchus	70.32927253082812	69.53272484067601
0.0	Saturnalia	59.28529889406549	40.610851086223185
0.0	Saurischichnus	51.343257281992024	34.465824298792214
0.0	Saurodektes	76.8704927661863	74.1053149620329
0.0	Sauropareion	76.54832083034256	72.49739804625607
0.0	Sauropus	25.916275459882886	25.304823447360523
0.0	Saurorictus	82.20558278629763	82.09619768840766
0.0	Saurosternon	81.46603050336114	81.3104964887721
0.0	Saurosuchus	58.431934610273444	56.99773308950099
0.0	Scelidosaurus	25.698634353937262	25.210680581662018
0.0	Scharschengia	73.40995403127813	72.84176487853198
0.0	Schleitheimia	42.11132696486627	40.540870105112276
0.0	Sclerocormus	73.37518420472449	72.81999139763775
0.0	Sclerosaurus	72.2486928324648	68.6131851678352
0.0	Sclerostropheus	44.868266070756334	43.254121871454124
0.0	Scoloparia_Temperate_N	30.258862712085687	29.16515720251336
0.0	Scoloparia_Tropical_N	60.0516774527606	54.04255820071335
0.0	Scolotosuchus	74.45110988807653	73.90298656858411
0.0	Scutarx	51.660669579084214	34.21598058479539
0.0	Scutosaurus	90.4846709435438	81.85944880700897
0.0	Scythosuchus	74.74332576787519	74.1216149518106
0.0	Seazzadactylus	45.48138985644285	43.852251093712155
0.0	Selenichnus	26.094195709830107	24.664855250913902
0.0	Serpianosaurus	71.69110391354349	61.96557252223913
0.0	Shansisuchus	72.34585412952367	66.87234955051721
0.0	Shastasaurus_Temperate_N	40.54940595112168	38.84840597481083
0.0	Shastasaurus_Tropical_S	61.737772442082694	53.27700820182446
0.0	Shihtienfenia	79.30366632391471	76.7019793790931
0.0	Shonisaurus_Temperate_N	57.867507791864355	26.810029775519727
0.0	Shonisaurus_Tropical_N	51.84356997132191	40.758768615617946
0.0	Shringasaurus	71.93265466611851	66.89447799404437
0.0	Shuangbaisaurus	25.59613367348526	25.176200329803667
0.0	Shuvosaurus	52.28657543967155	26.575124814297936
0.0	Sigmala	61.53243558881766	52.59790284780942
0.0	Sikannisuchus	52.0595002828587	35.67730681305348
0.0	Silesaurus	55.83740297798863	54.28358380245335
0.0	Sillosuchus	57.6637776608629	56.380798742008245
0.0	Simosaurus_Temperate_N	68.42246733287037	27.767863162768478
0.0	Simosaurus_Tropical_S	68.13815918009088	67.30993039498217
0.0	Sinocyamodus	56.53992273936378	54.66178954247269
0.0	Sinosaurosphargis	69.96679004268937	68.43242164591828
0.0	Sinosaurus	26.38261710233447	24.744088577228634
0.0	Skybalonyx	43.963012400682224	42.29627814699052
0.0	Smilodonterpeton	30.63608644524939	29.451056998977766
0.0	Smilosuchus	57.765457963532924	33.71344905060056
0.0	Sophineta	74.43728899858888	73.93254833980379
0.0	Soturnia	49.246458028478095	35.36288135024834
0.0	Soumyasaurus	43.13057908978988	41.56331149602773
0.0	Sphenotitan	50.513256010566785	36.73089962162912
0.0	Sphodrosaurus	43.02584250008333	41.393105424704714
0.0	Spinosuchus	57.578971067722975	39.0040536627407
0.0	Spondylolestes	81.8230546120179	78.17320202215582
0.0	Spondylosoma	66.51117684873167	62.14002889747664
0.0	Stagonolepis_Temperate_N	58.29694405031167	52.44434876216402
0.0	Stagonolepis_Tropical_N	50.60724272144135	34.47687075414171
0.0	Stagonolepis_Tropical_S	42.59670050518339	40.92591374219713
0.0	Stagonosuchus	71.92319538699319	67.54224103253371
0.0	Staurikosaurus	59.453933216013525	58.18273251151681
0.0	Stauromatodon	63.22659471010789	62.20624380472005
0.0	Stegomus	49.56483023668041	36.16470241730464
0.0	Stenaulorhynchus	71.75050432775919	67.02466523221368
0.0	Stenomyti	45.55947544302715	43.79603721934688
0.0	Stenoscelida	43.044542728685876	41.30045324288048
0.0	Stereosternum_Antarctic	111.89834347904976	111.39913397599973
0.0	Stereosternum_Temperate_S	115.83487583936488	107.86794026122513
0.0	Styracocephalus	89.3765995247725	84.62171477377525
0.0	Syntarsus	30.689599449816107	29.390372678451982
0.0	Syntomiprosopus	46.97105802686696	45.34957064989611
0.0	Tachiraptor	26.03915761711797	25.26429619101324
0.0	Tanaisosaurus	74.57957684057601	74.00141247191634
0.0	Tanystropheus_Temperate_N	71.5250910757453	26.931350257947308
0.0	Tanystropheus_Tropical_N	70.84348726879188	61.98106060229559
0.0	Tanystropheus_Tropical_S	70.60374047372748	67.79259122779142
0.0	Tanytrachelos	50.88410046192735	34.27635996392183
0.0	Tarjadia	66.54751513300147	61.571559102390026
0.0	Tarsodactylus	25.745845948032756	25.152490215424613
0.0	Tasmaniosaurus	76.80725293286591	76.21176467831864
0.0	Tawa	52.58404884900943	33.759576825998074
0.0	Taytalura	55.89600070160779	54.47077426510294
0.0	Technosaurus	41.63607744558273	39.873300971988584
0.0	Tecovasaurus	51.01115040043777	35.079497294936616
0.0	Tecovasuchus	51.848434053745045	35.00499262986255
0.0	Teleocrater	71.7090195815398	67.044475350515
0.0	Temnodontosaurus	26.010758024189155	24.969187147979422
0.0	Teraterpeton	59.91494568314093	53.72516738717096
0.0	Teratophon	71.24954717204636	67.05203155283947
0.0	Teratosaurus_Temperate_N	68.58839887683196	39.942866607740086
0.0	Teratosaurus_Temperate_S	75.67431076837521	75.0627786923188
0.0	Termatosaurus	33.8524539805109	26.893066793319925
0.0	Terrestrisuchus	61.476970353637256	53.48070147824976
0.0	Tetrasauropus_Temperate_N	45.24241477674197	43.65219861154013
0.0	Tetrasauropus_Temperate_S	69.75698031734797	62.68528699067768
0.0	Teyujagua	74.57761484370938	74.05210598572206
0.0	Teyumbaita	49.08869122355804	33.988717925865835
0.0	Thadeosaurus	81.6408661207458	81.51161261152902
0.0	Thaisaurus	73.2401407586862	72.70161321040234
0.0	Thalassiodracon	33.46761305814508	24.329214751208344
0.0	Thalattoarchon	69.77577280379782	68.87273370605229
0.0	Thalattosaurus	70.40912558279535	64.97960159728441
0.0	Thecodontosaurus	68.74779890932122	26.169910743563815
0.0	Theledectes	69.68955838062645	68.91672926672517
0.0	Thelephon	70.0545487128746	69.33835650147223
0.0	Thelerpeton	71.50297113009034	67.82107250683895
0.0	Tholodus_Temperate_N	71.73785193087701	67.28167392549916
0.0	Tholodus_Tropical_N	68.82163920783564	68.02472796098847
0.0	Thuringothyris	115.87887705308948	107.6423866632407
0.0	Tichvinskia	76.00471757625084	72.11159973859709
0.0	Ticinosuchus	71.1897840651785	67.65828207116745
0.0	Tikisuchus	57.76800078466428	56.38377353235037
0.0	Timanophon	75.79924824152492	72.22984401747799
0.0	Toretocnemus	60.19473116665741	53.24342203611152
0.0	Trachelosaurus	71.68998689278769	71.0104926116957
0.0	Trialestes	60.22285687553195	52.91230380262003
0.0	Tricuspisaurus	30.042557393137702	28.802971006433406
0.0	Trihamus	25.77761845928288	25.160398324470272
0.0	Trilophosaurus	58.2447879318548	33.69411314462383
0.0	Tropidosuchus	67.21835475923066	61.60063110584562
0.0	Tuebingosaurus	42.47860003617818	40.83143676450849
0.0	Turfanosuchus	70.81572742828254	70.07660476126402
0.0	Typothorax	52.47180245112723	26.99823271936355
0.0	Uatchitodon	59.04072287757643	36.63916735669285
0.0	Unaysaurus	46.9337702661474	37.3918080817898
0.0	Unguinychus	41.452239283492034	39.9227121381682
0.0	Uralosaurus	71.1905040113668	67.74901601872243
0.0	Utatsusaurus	76.03171264954055	72.2294690003889
0.0	Vallesaurus	42.55980033874821	37.2201228633096
0.0	Vancleavea	59.15320503340037	27.373495991377688
0.0	Variodens	33.68528333495928	26.63109170638563
0.0	Vellbergia	63.48145533278148	62.51057767891866
0.0	Velocipes	45.14610730807009	43.54708797132191
0.0	Venaticosuchus	56.830817470016335	55.32613877951978
0.0	Venetoraptor	58.48953032980367	38.679885114779054
0.0	Vinitasaura	58.039036483749825	56.38395828048088
0.0	Vivaron	50.4318146866854	33.93588436080401
0.0	Vjushkovisaurus	71.15509613584594	67.57445061042901
0.0	Volcanosuchus	56.25583928150313	54.92824829894777
0.0	Vonhuenia	76.57999148836099	76.37925923121368
0.0	Vritramimosaurus	74.86686618816876	74.28303807575641
0.0	Vytshegdosuchus	74.85462930959233	74.26777746273848
0.0	Wahlisaurus	25.48761672054134	25.016192627084745
0.0	Waluchelys	43.815197694129935	42.11567213839043
0.0	Wangosaurus	65.19718543440483	61.16123607211192
0.0	Wannia	46.85708258923988	37.87744674164158
0.0	Wapitisaurus	75.14493631395905	74.57654179770886
0.0	Weigeltisaurus	85.10475524689164	79.00464387140968
0.0	Whitakersaurus	30.61833278487539	29.38298803550039
0.0	Wimanius	66.86071762710696	66.11817571463015
0.0	Wumengosaurus	71.75070616019067	67.19338688904323
0.0	Xenodiphyodon	57.53729774784164	56.248694490894344
0.0	Xilousuchus	70.09118322462471	69.34182509561217
0.0	Xingxiulong	25.598402977666417	25.181651594062153
0.0	Xinminosaurus	69.49566532878143	68.60877837718198
0.0	Xinpusaurus	65.36836461898466	52.278484939932675
0.0	Xiphopeza	25.679430287014302	25.07996256849521
0.0	Yarasuchus	71.85785759546218	67.2519133439816
0.0	Yelaphomte	43.7320909526328	42.22134631187013
0.0	Yimenosaurus	26.38467388290981	24.438552703941156
0.0	Youngetta	74.62010274773053	74.05673292763252
0.0	Youngina	85.62267979324214	76.63971605792288
0.0	Youngosuchus	70.69759950166112	69.91442482194245
0.0	Yunguisaurus	66.43619938444873	61.172558956810626
0.0	Yunnanosaurus	26.166987233080366	24.6965216580962
0.0	Zanclodon	67.20859669818553	27.3136604431827
0.0	Zhongjiania	84.65931321264681	79.37620073755265
0.0	Zupaysaurus	40.76209754788386	39.35731930964788
