clade	species	ts	te
0.0	Abyssomedon	111.98181781581582	111.83937090190189
0.0	Acadiella	58.18746151551551	57.224454921921925
0.0	Acaenasuchus	51.785031888888895	34.85832170870871
0.0	Acallosuchus	43.87405715915916	43.00543881381381
0.0	Acerosodontosaurus	80.63799153153153	80.53651835135135
0.0	Acleistorhinus	102.50936077777777	102.22866595595596
0.0	Acrodenta	81.75983476676677	81.68056661661662
0.0	Actiosaurus	30.633735206206207	30.118558684684686
0.0	Adamanasuchus	42.80761177777778	41.94159906906907
0.0	Adelosaurus	81.83396577477478	81.72752673773775
0.0	Aenigmasaurus	73.69770306706707	73.55198273173174
0.0	Aenigmaspina	57.304226485485486	56.430149215215216
0.0	Aenigmastropheus	81.50759661161162	81.39655380380381
0.0	Aetobarbakinoides	56.998824181181185	56.49697713013013
0.0	Aetosauroides	61.63861700500501	33.83375497597597
0.0	Aetosaurus	52.4855568018018	32.79457691091091
0.0	Agnosphitys	58.63605977877878	57.689721414414414
0.0	Ahvaytum	57.94948848048048	57.46201498398399
0.0	Alwalkeria	57.68044383983983	57.23485903603604
0.0	Amanasaurus	61.19930023923924	33.355261245245245
0.0	Ammorhynchus	71.75999007107107	69.73967170970971
0.0	Ammosaurus	26.19707202902903	24.694806028028026
0.0	Amotosaurus	71.8572253993994	68.50816424824825
0.0	Ancistronychus	43.38551554654655	42.504248083083084
0.0	Angistorhinus	61.969976037037036	34.979159195195194
0.0	Anisodontosaurus	71.75074972972973	64.34445293093093
0.0	Anomoepus	25.651044484484483	25.178947106106104
0.0	Anomoiodon	72.04432576076074	68.46403982282283
0.0	Antarctanax	75.00242575675675	74.8954986886887
0.0	Anthodon	86.38938886086086	79.43013875575575
0.0	Apachesuchus	47.31409635735736	46.30607613813813
0.0	Apatopus	58.76365322922923	30.662478893893894
0.0	Apatosuchus	40.35230072872873	39.7727157997998
0.0	Aphelosaurus	121.27371966966967	120.99110173173173
0.0	Araeoscelis	114.49738819919921	98.00451648648648
0.0	Archeopelta	65.27894204804805	64.57915074574575
0.0	Archosaurus	86.57574486886888	79.28294302202202
0.0	Arcticodactylus	41.455163223223224	40.8639006046046
0.0	Arganaceras	81.51053935035034	81.42735455255254
0.0	Arganasuchus	59.18974637237237	55.54550501301301
0.0	Arizonasaurus	71.76543371171171	69.58719419019019
0.0	Asilisaurus	71.67149664464465	66.9981664204204
0.0	Asperoris	70.20401852052052	69.64174299199199
0.0	Asylosaurus	33.226816111111106	27.46460508808809
0.0	Augustaburiania	75.80211813313313	72.13970253253252
0.0	Australothyris	87.56152939539538	86.91000280280281
0.0	Austriadactylus	36.67355928028028	36.064311753753756
0.0	Avicranium	31.047437882882885	30.66478122022022
0.0	Azendohsaurus	58.531019554554554	57.80248994694695
0.0	Baeotherates	111.79842536136137	111.68360531831833
0.0	Baisesaurus	74.29377881681681	74.18869366566567
0.0	Barasaurus	86.22589643743744	72.22903662862862
0.0	Barberenasuchus	65.5182002982983	64.73358937237238
0.0	Bashkyroleter	98.78640951751751	89.40469608808807
0.0	Batrachopus	29.077187347347344	28.604634065065063
0.0	Batrachotomus	64.37246393293294	62.34340276776777
0.0	Beesiiwo	58.04470374574574	57.345742221221215
0.0	Belebey	97.16465825525525	89.15920222522521
0.0	Benggwigwishingasuchus	69.5799153913914	69.08978582682681
0.0	Bentonyx	69.37978258158158	68.85450180880882
0.0	Bergamodactylus	40.57550821721722	39.76043863763764
0.0	Blikanasaurus	29.823776835835837	29.435604557557557
0.0	Blomosaurus	76.60246381181182	76.50279064364365
0.0	Bolosaurus	122.2543069149149	100.86679726826827
0.0	Boreopricea	75.10548309309308	73.17781757957958
0.0	Bradysaurus	89.58978772672673	82.72904234934936
0.0	Brasinorhynchus	66.36174795095096	62.873892143143145
0.0	Bromsgroveia	71.52361473273274	66.36892278278278
0.0	Broomia	89.5495018038038	86.31554114314315
0.0	Bunostegos	78.35038785985985	78.2691484034034
0.0	Buriolestes	61.41594868668668	34.392304753753756
0.0	Bystrowisuchus	73.01542614014014	72.83067416216215
0.0	Calyptosuchus	58.219661325325326	33.0344498958959
0.0	Camelotia	32.925013448448446	27.509528493493494
0.0	Camposaurus	43.53561249249248	42.5267618938939
0.0	Candelaria	66.27414926126126	62.42891217817818
0.0	Captorhinikos	107.7392586096096	98.59054983183182
0.0	Captorhinoides	105.7187542192192	102.41095783383385
0.0	Captorhinus	116.35948443243242	81.23405505305307
0.0	Cargninia	42.65954329729729	41.39316565165166
0.0	Carnufex	58.88840409409409	58.02756302102102
0.0	Cartorhynchus	74.1050447937938	73.91548817017016
0.0	Caseosaurus	44.424883655655655	43.52424935435435
0.0	Chalishevia	66.33509227327326	62.48545679579579
0.0	Chanaresuchus	65.93068973173172	62.11264003103103
0.0	Chasmatosuchus	76.70572980880881	71.76602606006007
0.0	Chindesaurus	55.10831622922923	33.0949372942943
0.0	Chinshakiangosaurus	25.52614364964965	25.088368182182183
0.0	Chirotherium	58.603688868868865	57.62461913713714
0.0	Chromogisaurus	57.48101136936936	56.96452258658658
0.0	Cladeiodon	69.10802536536536	68.86712212312312
0.0	Claudiosaurus	85.05542459259259	77.41372214114115
0.0	Clevosaurus	62.339069824824826	24.0628306006006
0.0	Coahomasuchus	59.168830990991	36.72758090590591
0.0	Coartaredens	70.8493254014014	68.08809232732733
0.0	Coburgosuchus	43.42094280480482	42.739288417417406
0.0	Coelodontognathus	74.59492318418418	72.93118804204205
0.0	Coelophysis	52.983011590590586	24.8380017987988
0.0	Coelurosauravus	84.90938392992993	76.8117033803804
0.0	Coletta	74.20273549749749	74.05517307207207
0.0	Collilongus	74.41033063963965	74.25294485185185
0.0	Colobomycter	114.98378203603603	108.75896150250252
0.0	Colobops	41.335266548548546	40.487823628628625
0.0	Coloradisaurus	49.59081594794794	36.95193008108109
0.0	Coloradisuchus	41.6300268028028	40.34309121921922
0.0	Cornualbus	55.8358733073073	55.3303385025025
0.0	Cosesaurus	63.50436008608608	63.306153145145146
0.0	Crosbysaurus	54.59519931231231	32.525381664664664
0.0	Ctenosauriscus	74.27093773573573	74.08667771471472
0.0	Czatkowiella	73.85820569969968	73.68925114714715
0.0	Daemonosaurus	31.311822603603602	30.958480722722722
0.0	Dagasuchus	56.329089488488485	55.9138567997998
0.0	Decuriasuchus	67.4494482082082	62.04052200900901
0.0	Delorhynchus	113.85106487687688	108.93583567867867
0.0	Deltadectes	50.88622273773774	26.217145409409408
0.0	Deltavjatia	89.56050848048048	84.53600337937938
0.0	Desmatosuchus	58.033105740740744	31.571262742742743
0.0	Diandongosuchus	65.35948592492493	65.03868826226226
0.0	Dimetropus	115.11283041841841	108.18923751951952
0.0	Dimorphodon	25.4543358018018	24.99221812112112
0.0	Diphydontosaurus	62.61725643343343	25.63634641241241
0.0	Dolabrosaurus	43.0215045985986	42.10536694694695
0.0	Dolerosaurus	55.27170771971973	54.39198109609609
0.0	Dolichobrachium	56.489555296296295	55.73058589089089
0.0	Dongusuchus	71.39446890390388	66.87915291491491
0.0	Dorosuchus	70.11730844644644	68.35901107907908
0.0	Doswellia	62.11261256156157	36.942804513513515
0.0	Dracoraptor	25.687665867867867	25.21699583783784
0.0	Drepanosaurus	54.26822142042042	26.062263387387386
0.0	Dromomeron	56.3604613943944	29.43298854154154
0.0	Dynamosuchus	54.56802885885885	54.081245567567564
0.0	Dyoplax	58.5873724934935	57.439075697697696
0.0	Ebrachosuchus	58.04241619319319	57.049101212212214
0.0	Effigia	32.306364802802804	27.508049109109113
0.0	Efraasia	43.14126595595595	37.04207063663664
0.0	Eifelosaurus	70.85318934334335	70.61382653653654
0.0	Elachistosuchus	30.19240855955956	29.76216696896897
0.0	Elessaurus	73.15924219419419	73.03104183883883
0.0	Elginia	82.90701608908908	75.89726868668669
0.0	Elorhynchus	64.60571214814814	63.83777861561562
0.0	Embrithosaurus	89.09276313713714	84.5712403943944
0.0	Emeroleter	89.74395490990992	84.78366911111111
0.0	Energosuchus	65.34333684584584	62.52701084684685
0.0	Eodromaeus	56.54300844244245	56.11243229829829
0.0	Eohupehsuchus	73.77895673573575	73.66366641941941
0.0	Eohyosaurus	70.56943777377377	65.10405903903904
0.0	Eomurruna	76.76404936436437	76.26724565465466
0.0	Eoraptor	59.21581571171171	54.25287896096096
0.0	Eorasaurus	86.94362664564565	86.40659134834834
0.0	Eorhynchochelys	57.90009612912913	57.03897740640641
0.0	Eretmorhipis	66.0851024104104	65.78090713713713
0.0	Erpetosuchus	45.05603502702703	44.124345660660666
0.0	Erythrosuchus	71.65816508708708	62.02209694194194
0.0	Erythrovenator	57.53745347447448	57.110316609609605
0.0	Eshanosaurus	25.821907636636638	25.342733335335335
0.0	Eucoelophysis	55.32887687087087	27.326095313313314
0.0	Eudibamus	112.08965633733733	111.98876803203203
0.0	Eudimorphodon	48.58321727727728	26.09951432032032
0.0	Eumetabolodon	74.58483304204204	67.23846524324324
0.0	Eunotosaurus	89.87506745645646	84.82815291991992
0.0	Euparkeria	71.65796532132133	66.93619648048049
0.0	Eusaurosphargis	71.81376751551552	64.06503807707708
0.0	Euscolosuchus	57.69164387787787	56.86355776876877
0.0	Fasolasuchus	45.330864997998	44.085107309309315
0.0	Faxinalipterus	49.73515445945946	35.63581971771772
0.0	Feeserpeton	111.71714232832834	111.61353486586586
0.0	Feralisaurus	69.68898510810811	69.15805372472472
0.0	Fodonyx	71.64965413313313	67.12485442542543
0.0	Fraserosphenodon	59.81371557657658	31.496738027027025
0.0	Fraxinisaura	63.524297472472476	63.0410607997998
0.0	Fugusuchus	72.96642067967969	72.75962971671672
0.0	Fuyuansaurus	64.73587973773773	64.47603057857857
0.0	Galesphyrus	84.08409557457458	79.15545902802803
0.0	Gamatavus	66.49625332432433	63.03108743243243
0.0	Gansurhinus	98.2307868008008	79.43746282382384
0.0	Garjainia	76.18782158158157	71.64275523723724
0.0	Garzapelta	43.93614855655655	42.89678916316316
0.0	Gecatogomphius	95.7663293983984	94.0837789019019
0.0	Gephyrosaurus	31.25631008908909	28.02982013913914
0.0	Glaurung	82.46937820320319	82.34981304804805
0.0	Gnathovorax	59.58961812912913	35.232425684684685
0.0	Gojirasaurus	42.4043731041041	41.42510535735735
0.0	Gomphiosauridion	56.70164171871872	55.9504848978979
0.0	Gondwanax	64.4273637967968	63.60483597497497
0.0	Gorgetosuchus	56.59594716816817	55.81649987087087
0.0	Gracilisuchus	65.61899278878879	63.38938287287287
0.0	Grallator	46.46720344444444	37.50054447847848
0.0	Graoullyodon	30.013712195195197	29.561593214214213
0.0	Gresslyosaurus	52.17381905605606	31.142137056056058
0.0	Guaibasaurus	51.087933561561556	34.15934614114114
0.0	Gualosuchus	65.23734444644644	62.63061684184184
0.0	Guchengosuchus	69.78590364464463	69.54502493693693
0.0	Gyposaurus	26.269785687687687	24.893802667667664
0.0	Halazhaisuchus	69.71504928228228	69.47575142942944
0.0	Haligonia	59.692591719719715	25.412536585585585
0.0	Helveticosaurus	70.14147294094093	66.17087856656656
0.0	Hemilopas	74.37517483583584	67.68557471371372
0.0	Hemiprotosuchus	48.99689335935936	38.25245863963964
0.0	Heptasuchus	57.97366195995996	57.2490293993994
0.0	Herrerasaurus	61.398262700700705	52.45986468268268
0.0	Hesperosuchus	54.7335928008008	26.45795615115115
0.0	Heterodontichnites	57.99800802502503	38.84107568568569
0.0	Heteropelta	69.34517916016016	69.11131985785786
0.0	Horaffia	65.6484337947948	61.814236456456456
0.0	Hovasaurus	84.64476014214215	74.57500125425425
0.0	Howesia	71.42057631431432	67.59461099499498
0.0	Hupehsuchus	74.54090597597597	63.455172485485484
0.0	Hwiccewyrm	61.7230192022022	53.22705496496497
0.0	Hyperodapedon	61.975360021021025	32.872358598598595
0.0	Hypselorhachis	69.06632984884885	68.41202257357357
0.0	Hypsognathus	61.000486045045044	25.55126627327327
0.0	Hypuronector	47.04687183583584	39.91970079879881
0.0	Icarosaurus	42.089011077077075	41.16304970570571
0.0	Idiosaura	57.418647981981984	56.603262639639645
0.0	Ignotosaurus	58.02051172272272	57.51967545145145
0.0	Incertovenator	58.217735875875874	57.705130915915916
0.0	Indosauriscus	83.36096665365366	83.24823590890891
0.0	Ingentia	47.10044944044044	38.42140391891891
0.0	Issi	39.31599445445445	38.73966840840841
0.0	Ixalerpeton	62.215257168168165	36.186750652652655
0.0	Jaklapallisaurus	43.24443859359359	41.902393618618625
0.0	Jaxtasuchus	64.44842325925926	62.137588925925925
0.0	Jesairosaurus	69.28200636336337	68.7766016076076
0.0	Jingshanosaurus	26.161148514514515	25.061908880880882
0.0	Jupijkam	41.266475040040035	40.32537621221221
0.0	Jushatyria	69.50139372172173	69.26034912212212
0.0	Kadimakara	76.78060974374374	76.38169236536537
0.0	Kahneria	96.38303533033033	95.36456498298297
0.0	Kalisuchus	76.61963987487488	76.52204336036036
0.0	Kapes	76.0052741941942	66.97910502602602
0.0	Kholumolumo	50.44845003803804	33.866429719719726
0.0	Kinelia	95.18883752452453	80.21248941041041
0.0	Kitchingnathus	74.2455879099099	74.09102343343345
0.0	Kocurypelta	42.670491008008	42.08037533433434
0.0	Koilamasuchus	64.56539625125126	63.6317231011011
0.0	Koiloskiosaurus	71.02259294094095	70.78491649249247
0.0	Kranosaura	41.686287125125126	40.475342886886885
0.0	Krzyzanowskisaurus	58.84294058758759	34.55736040740741
0.0	Kudnu	76.65669537237238	76.3109053063063
0.0	Kuehneosaurus	62.85925017117117	26.486025345345347
0.0	Kuehneosuchus	30.299782213213213	29.823717834834838
0.0	Kuruxuchampsa	55.280354116116115	54.76378913713713
0.0	Labidosaurikos	108.1514341981982	98.33783652152152
0.0	Labidosauriscus	115.23041332332333	108.43598756356356
0.0	Labidosaurus	107.97177307107108	98.82198986286286
0.0	Lagerpeton	66.78251268368369	62.06675772872873
0.0	Lanceirosphenodon	41.29999131831832	40.03449814314314
0.0	Langeronyx	71.68468957857857	65.90570793893893
0.0	Langobardisaurus	44.39094222122122	31.531834487487487
0.0	Lanthaniscus	97.7558666136136	91.88014862962963
0.0	Lanthanolania	96.3937027907908	95.54422594694695
0.0	Lanthanosuchus	91.20500916116116	90.5537974024024
0.0	Laquintasaura	25.488998887887888	25.296303790790795
0.0	Largocephalosaurus	71.30464802902904	69.37563645945944
0.0	Lasasaurus	73.89421444044044	73.77284863463464
0.0	Lepidus	42.426791543543544	41.55814656156156
0.0	Leptopleuron	57.839831259259256	56.821405065065065
0.0	Leptosuchus	52.61002447247247	32.831398734734734
0.0	Lessemsaurus	51.74818225525525	33.460710396396394
0.0	Lewisuchus	66.76305567367366	55.84636076076076
0.0	Leyesaurus	44.963049417417416	43.865976450450454
0.0	Libognathus	43.68321533133133	42.82394710810811
0.0	Liliensternus	53.849231567567564	25.93414693293293
0.0	Litorosuchus	63.848195297297295	63.58671078578578
0.0	Lophostropheus	29.967152301301297	29.52287645945946
0.0	Lotosaurus	71.72229386686688	67.0178364904905
0.0	Lucasuchus	61.1691047937938	53.75028495095094
0.0	Lucianosaurus	44.15311756856857	43.236345482482484
0.0	Lucianovenator	42.605438725725726	41.481160367367366
0.0	Lufengosaurus	26.334611475475477	24.680873506506504
0.0	Lukousaurus	26.050689524524525	24.570832384384385
0.0	Luperosuchus	66.15916124624626	62.39311271471471
0.0	Machaeroprosopus	52.6627705905906	25.88822003203203
0.0	Macrocnemus	71.2287755935936	62.142680327327334
0.0	Macrocollum	49.448560932932935	36.046952293293295
0.0	Macroleter	98.5307727037037	89.32685726126127
0.0	Maehary	45.25537777377377	35.08476442142142
0.0	Malerisaurus	47.122889940940944	40.21728530630631
0.0	Malutinisuchus	66.48963494294296	62.98256425825825
0.0	Mambawakale	69.49530175075074	68.87173496096096
0.0	Mandaphon	69.48068436736737	68.85671298298298
0.0	Mandasuchus	71.08284656256257	67.40220491391392
0.0	Marasuchus	65.83221824424423	63.46256056756758
0.0	Marcianosuchus	71.20555411211211	70.53327598598598
0.0	Massospondylus	56.863768678678674	56.361390227227226
0.0	Mbiresaurus	59.72030615815816	53.6038621991992
0.0	Megachirella	69.560146005005	69.31746868968969
0.0	Megalancosaurus	43.24829441241241	32.34188285385385
0.0	Megalosaurus	29.72272264564565	29.274684098098096
0.0	Megapnosaurus	25.702260902902903	25.4634212982983
0.0	Melanorosaurus	41.970262788788794	40.727549751751745
0.0	Mesodapedon	69.51078186586588	68.93456465465465
0.0	Mesosuchus	71.49020193093094	63.01397815115115
0.0	Metamosaurus	111.82045548448448	111.72215131531532
0.0	Microcnemus	76.88965801701703	71.63030697597598
0.0	Microleter	112.35969537637638	112.26182826626628
0.0	Micromenodon	54.52206174674675	53.750900403403406
0.0	Microsphenodon	48.94518357157157	39.792893812812814
0.0	Milleretta	85.83825105905905	76.70717685085084
0.0	Millerinoides	79.23455151051051	79.13592236236236
0.0	Milleropsis	85.88224417717718	76.70470014314314
0.0	Millerosaurus	84.4266388098098	77.47283747947948
0.0	Moradisaurus	81.39694064464466	77.14808616816818
0.0	Mystriosuchus	54.44597497097097	24.532381871871873
0.0	Nambalia	49.38862701601601	37.99184924624625
0.0	Nanchangosaurus	74.67601739639639	64.82689963763764
0.0	Nanoparia	83.9213401981982	78.67018217617618
0.0	Neoaetosauroides	51.67136307107108	34.05889846546546
0.0	Neoprocolophon	68.58265335035036	68.34355481181181
0.0	new_Neotheropoda	43.05090092092092	41.836431121121116
0.0	new_Rhynchocephalia	43.003479665665665	41.75845396196197
0.0	Nhandumirim	47.879503175175174	36.340254997998
0.0	Nicrosaurus	55.73722494094093	30.63609046946947
0.0	Nochelesaurus	89.2352714854855	84.71374327527528
0.0	Notatesseraeraptor	45.07385067867868	44.350430079079075
0.0	Noteosuchus	76.57135679779779	76.46637684784785
0.0	Nundasuchus	69.74633093293293	69.1643848048048
0.0	Nyasasaurus	70.21229013613613	67.64375417217217
0.0	Nycteroleter	96.35746458558559	92.04005114114113
0.0	Nyctiboetus	103.67664915915917	103.5053115945946
0.0	Nyctiphruretus	99.28554574574574	84.03323492392393
0.0	Obirkovia	87.07638799199198	82.12639828828829
0.0	Odontochelys	57.68241905305306	53.120045941941946
0.0	Opisthodontosaurus	115.19496595695695	108.21615268068066
0.0	Orenburgia	76.04766273173173	71.70490572372374
0.0	Orovenator	113.10243445245246	108.85746464064063
0.0	Oryctorhynchus	58.7696492972973	54.540862957957955
0.0	Oryporan	75.20769405205206	73.62285898598599
0.0	Osmolskina	73.47452438838839	73.31746066366368
0.0	Owenetta	85.6430337137137	73.22561236536536
0.0	Ozimek	58.10937418918919	53.755202000000004
0.0	Pachagnathus	43.93735597797797	42.648085509509514
0.0	Pachystropheus	35.124252507507514	25.67808945145145
0.0	Palacrodon	76.12245857357357	32.45326175675676
0.0	Palaeagama	77.75193135535535	77.63712799499501
0.0	Palaeochersis	47.727271213213214	35.58517054554554
0.0	Palaeosaurus	57.456170460460456	56.39817591591592
0.0	Paleollanosaurus	56.400389507507505	26.223852474474473
0.0	Paliguana	74.30597141141142	74.17864167267267
0.0	Pamelaria	71.24295446346345	66.79448341941941
0.0	Pamelina	73.4598907907908	73.27896284884885
0.0	Pampadromaeus	59.902054997998	34.59563465965966
0.0	Panguraptor	25.859048560560563	25.38200048748749
0.0	Panphagia	58.52455586686686	58.034786916916914
0.0	Pantydraco	57.23078118418419	56.31378057057058
0.0	Pappochelys	63.81488132332332	63.330983481481475
0.0	Parahupehsuchus	73.98169841541542	73.88095164164164
0.0	Parasaurus	86.79625531331332	79.29470341941942
0.0	Parasuchus	75.10515353353352	35.265933300300304
0.0	Paratypothorax	53.59592743043043	32.391880700700696
0.0	Pareiasaurus	90.75520268868868	75.44158888288288
0.0	Pareiasuchus	89.63290884384384	78.5622688778779
0.0	Parringtonia	68.94547423223223	68.32933066666666
0.0	Parvosuchus	64.65838407107107	63.84672222022022
0.0	Pectodens	68.97778834434435	68.47159723623624
0.0	Pelecymala	60.77388648248248	52.73167973673674
0.0	Pendraig	57.43110054954955	56.41484156456457
0.0	Pentaedrusaurus	71.41111543543543	71.18570698698699
0.0	Permotriturus	90.92940087987988	90.25944857757757
0.0	Peteinosaurus	41.539637822822826	38.5987101001001
0.0	Phaanthosaurus	76.90870324224224	76.15192648148148
0.0	Phonodus	76.55478622922922	76.45459416316315
0.0	Pinheirochampsa	65.33125278178179	64.46104504004003
0.0	Pintosaurus	77.61581626326327	77.50818793193193
0.0	Pisanosaurus	58.536674435435444	58.06730982182182
0.0	Planocephalosaurus	62.571732492492494	26.548991742742746
0.0	Plateosauravus	49.93670778378379	34.76678387787788
0.0	Plateosaurus	52.522541153153156	25.035062995995993
0.0	Polesinesuchus	57.152345556556554	56.698954648648645
0.0	Polonosuchus	55.163875466466465	54.194547497497496
0.0	Polymorphodon	63.657157604604606	63.16246894394395
0.0	Poposaurus	61.3463889019019	27.137466222222226
0.0	Postosuchus	60.82771836536537	26.211720305305303
0.0	Powellvenator	44.661195073073074	43.430942088088095
0.0	Pravusuchus	44.90707408108108	44.01764802502502
0.0	Preondactylus	38.33290956656656	37.75828886386386
0.0	Prestosuchus	66.81874736036036	57.64028504604605
0.0	Procerosuchus	64.6588754024024	63.86724707507508
0.0	Procolina	74.13747118218217	73.98941874174174
0.0	Procolophon	76.79898495195195	71.6222558158158
0.0	Procolophonichnium	74.3197582072072	74.18515496696696
0.0	Procompsognathus	40.43333772072072	39.85949267967968
0.0	Proganochelys	55.67688537137138	25.96745737937938
0.0	Prolacerta	76.80236462162163	71.72438130630631
0.0	Prolacertoides	76.52842902302301	76.42755636236235
0.0	Prosaurosphargis	74.6016864894895	74.498799991992
0.0	Protanystropheus	71.93296941941942	66.24384705205206
0.0	Protecovasaurus	49.27109576276276	38.771969180180186
0.0	Proterochampsa	57.28600348548549	56.764754252252246
0.0	Proterochersis	52.040469685685686	29.86691464264264
0.0	Proterosuchus	76.86976498298299	71.776202012012
0.0	Protoavis	49.84154985685686	36.71999844844844
0.0	Protocaptorhinus	114.80828587787788	107.1839332102102
0.0	Protome	40.43167537237237	39.45690001301301
0.0	Protorosaurus	86.28920357457457	78.84242828228228
0.0	Protorothyris	123.90383119819819	118.68548306006005
0.0	Protosuchus	31.76771456956957	24.425034692692694
0.0	Provelosaurus	92.1242644944945	87.44195247247248
0.0	Pseudhesperosuchus	43.599952952952954	42.37724761361361
0.0	Pseudochampsa	56.493707181181186	56.017188094094095
0.0	Puercosuchus	43.91128302502503	42.99695814114114
0.0	Pumiliopareia	81.7551195885886	81.63946946546545
0.0	Qianosuchus	71.42923025425426	68.98395579279278
0.0	Raibliania	56.751123545545546	55.725908496496494
0.0	Rauisuchus	56.912711100100104	56.436919364364364
0.0	Rautiania	87.80624016716718	83.51800466366366
0.0	Redondasuchus	48.50990974274274	37.14728605305306
0.0	Redondavenator	45.571870585585586	44.62505380380381
0.0	Retymaijychampsa	64.82075348348349	64.07758838438438
0.0	Revueltosaurus	59.49828904204204	32.85491638538539
0.0	Rhipaeosaurus	94.04292606506506	86.78713389389391
0.0	Rhombopholis	71.44079850150149	65.1839974144144
0.0	Rioarribasuchus	55.123456615615616	32.24743036536537
0.0	Riojasaurus	48.20996894494494	35.127407384384384
0.0	Riojasuchus	42.969937075075066	41.66184751951952
0.0	Romeria	120.79421657657657	120.5275862912913
0.0	Rothianiscus	98.8442593953954	89.67776582882883
0.0	Ruehleia	44.40401333833834	39.46510196996997
0.0	Rugarhynchos	40.85985313313313	39.888087706706706
0.0	Ruhuhuaria	69.29022594794795	68.67765766666666
0.0	Rutiodon	57.58667457657658	32.115376739739744
0.0	Sacisaurus	46.653064905905914	45.360808887887885
0.0	Saltoposuchus	44.216126959959965	36.53935148048048
0.0	Sanchuansaurus	77.57509209209208	77.47862287787787
0.0	Sanjuansaurus	57.00112952152152	56.48877011111111
0.0	Santaisaurus	76.72981142942943	76.27043378578578
0.0	Sarcosaurus	25.330695608608607	24.85320460760761
0.0	Sarmatosuchus	68.698264997998	68.44126150250251
0.0	Saturnalia	58.14318283183183	38.41653846846847
0.0	Saurodektes	76.90106475375376	73.12286576076076
0.0	Sauropareion	76.30132748448449	71.72111966966966
0.0	Saurorictus	80.91179507307307	80.80777869369369
0.0	Saurosternon	80.17546722522523	80.0650948058058
0.0	Saurosuchus	57.19169391191192	56.690883488488495
0.0	Scelidosaurus	25.67990864864865	25.23400776676677
0.0	Scharschengia	73.72268591391392	73.56116964264264
0.0	Schleitheimia	41.81131345345345	41.187432711711715
0.0	Schultzsuchus	65.39630301701702	64.73172151951951
0.0	Sclerocormus	73.68406352252251	73.51613362362363
0.0	Sclerosaurus	72.21253456756757	69.03690608808809
0.0	Sclerostropheus	46.76160035235235	45.875736867867865
0.0	Scoloparia	61.243204646646646	25.99399700800801
0.0	Scolotosuchus	74.25283387887887	74.09174340940942
0.0	Scutarx	53.85743372372372	32.940931054054055
0.0	Scutosaurus	90.65831160860859	81.62352401001002
0.0	Scythosuchus	74.6327198108108	74.47648263963964
0.0	Shansisuchus	71.7635405905906	66.75929478178178
0.0	Shihtienfenia	79.25049852552551	77.00345925025026
0.0	Shringasaurus	71.57825357657659	66.9079758078078
0.0	Shuangbaisaurus	25.964876342342343	25.483294901901907
0.0	Shuvosaurus	53.04517721521521	26.0231895995996
0.0	Sigmala	61.44739734134134	52.52336141041041
0.0	Sikannisuchus	48.62616390890891	35.01842603903904
0.0	Silesaurus	56.03553632732733	55.097414005005
0.0	Sillosuchus	56.3608328038038	55.890201023023025
0.0	Sinosaurosphargis	71.68374683683683	69.1950432822823
0.0	Sinosaurus	26.421266607607606	24.386769551551552
0.0	Skybalonyx	46.558439943943945	45.633670968968964
0.0	Smilodonterpeton	30.66314035035035	30.170999147147146
0.0	Smilosuchus	59.13095261361362	32.65315182082082
0.0	Sophineta	74.39411161861861	74.19861202502503
0.0	Soturnia	48.23691406606606	37.366813877877874
0.0	Soumyasaurus	42.89237054454454	42.01053162162162
0.0	Sphenotitan	50.27760502202202	35.22663568368368
0.0	Sphodrosaurus	42.75835217717717	41.80468362462463
0.0	Spinosuchus	59.3125445905906	35.283353006006
0.0	Spondylolestes	82.28549661561561	80.07695956456456
0.0	Spondylosoma	66.44011546446445	62.3404759079079
0.0	Stagonolepis	60.08466341741742	31.361330903903905
0.0	Stagonosuchus	71.25474924024023	66.59183611411412
0.0	Staurikosaurus	57.262194290290296	56.74830161561561
0.0	Stauromatodon	63.71286032032032	63.19991557857858
0.0	Stegomus	54.42703393093094	32.817934566566564
0.0	Stenaulorhynchus	71.5943474944945	62.33942548748749
0.0	Stenomyti	45.74152242542542	44.82393463063063
0.0	Stenoscelida	40.43925575575576	39.22027404004004
0.0	Styracocephalus	88.44036069769768	84.91606216416416
0.0	Suchonosaurus	84.35869415615615	84.07631946546547
0.0	Sumidadectes	103.99628586386386	103.75283758758759
0.0	Syntarsus	30.88120218918919	30.487278095095096
0.0	Syntomiprosopus	46.60953572972973	45.63898115515515
0.0	Tachiraptor	25.58879207007007	25.346263594594596
0.0	Tangasaurus	78.77430492292291	77.28164771671673
0.0	Tanystropheus	72.80736170570572	26.241665358358357
0.0	Tanytrachelos	54.366821562562556	32.28449745645646
0.0	Tarjadia	66.29933730730731	62.163280880880876
0.0	Tasmaniosaurus	76.79526219219218	75.96066805905906
0.0	Tawa	50.624012549549555	35.225214874874865
0.0	Taytalura	57.17345046246246	56.66138058858859
0.0	Technosaurus	42.98638652452452	42.03347660560561
0.0	Tecovasaurus	55.3219511001001	32.5707866986987
0.0	Tecovasuchus	50.70387395695696	35.803210921921924
0.0	Teleocrater	70.95940632032033	67.00718861561562
0.0	Teraterpeton	59.32823811511511	54.5269149019019
0.0	Teratophon	71.24095321521521	66.90226263363363
0.0	Teratosaurus	76.39591478278278	30.419754638638636
0.0	Termatosaurus	33.22814773173174	26.307201913913914
0.0	Terrestrisuchus	61.24238047747748	52.21974972272272
0.0	Teyujagua	74.43542872472473	74.30368552052053
0.0	Teyumbaita	50.78623113213214	33.891735845845844
0.0	Thadeosaurus	80.56819056956958	80.47256034834835
0.0	Thecodontosaurus	70.54961044544544	25.30681440840841
0.0	Theledectes	70.06401722722724	69.4411466916917
0.0	Thelephon	69.9635964064064	69.35692713213213
0.0	Thelerpeton	71.13583374674674	67.30598535035034
0.0	Threordatoth	57.59135226626626	56.50691545045044
0.0	Thuringothyris	115.21865692492493	108.73835255455455
0.0	Tichvinskia	76.0082391901902	71.8323362082082
0.0	Ticinosuchus	71.39172305805806	68.22084436636636
0.0	Tikisuchus	55.73029554054054	55.176640779779774
0.0	Timanophon	75.12548231231231	72.19459464664666
0.0	Trachelosaurus	71.3320684064064	71.1071246916917
0.0	Tramuntanasaurus	96.81057924224224	96.08142643543545
0.0	Trialestes	59.16821113113112	55.2311243993994
0.0	Tricuspisaurus	29.548244513513513	29.110505147147148
0.0	Trilophosaurus	57.64969639139139	32.68125676076076
0.0	Tropidosuchus	66.68646159959961	62.0067183993994
0.0	Tuebingosaurus	44.97013772472473	44.26432723223223
0.0	Turfanosuchus	69.02915452152152	68.78715097197198
0.0	Typothorax	52.6323176946947	26.67359157757758
0.0	Uatchitodon	59.1263163093093	35.51151104704705
0.0	Unaysaurus	48.183077912912914	36.56133650650651
0.0	Unguinychus	43.98592841741742	42.97832259359359
0.0	Uralosaurus	70.98844921721722	66.90630412512513
0.0	Vallesaurus	41.71568774074075	37.949738987987985
0.0	Vancleavea	57.01238528028027	26.12043218018018
0.0	Variodens	32.8942207947948	26.32151522922923
0.0	Vellbergia	63.60343206606607	63.11614581181181
0.0	Velocipes	43.41586978278278	42.79206578078078
0.0	Venaticosuchus	58.22157756256256	57.78346834034035
0.0	Venetoraptor	60.397619552552555	35.310400589589584
0.0	Vinitasaura	58.92655434734734	58.26379356156156
0.0	Vivaron	47.20677966566566	37.18571885385385
0.0	Vjushkovisaurus	70.7321702922923	66.89310008408407
0.0	Volcanosuchus	56.712993450450455	56.20695113013013
0.0	Vonhuenia	76.65228481581582	76.55776114114114
0.0	Vritramimosaurus	74.63038832232232	74.46666766366366
0.0	Vytshegdosuchus	73.99865962862862	73.80896465965965
0.0	Waluchelys	43.00277975875876	41.75066039939939
0.0	Wannia	46.57950773173174	36.54351008908909
0.0	Wapitisaurus	74.70716203403404	74.54204647947948
0.0	Weigeltisaurus	86.62020067867867	79.20630636436437
0.0	Whitakersaurus	30.250058372372376	29.81833647947948
0.0	Xenodiphyodon	57.512103742742745	56.70125900800801
0.0	Xilousuchus	72.00174076876878	71.7674107887888
0.0	Xingxiulong	25.707981744744743	25.235735989989987
0.0	Yarasuchus	71.15955331731732	68.17771536336336
0.0	Yimenosaurus	26.485760693693695	24.429875612612612
0.0	Youngetta	74.58903391091091	74.40469776076075
0.0	Youngina	85.67404336936939	76.6700852012012
0.0	Youngosuchus	68.98954998098098	68.74688373573574
0.0	Yunnanosaurus	26.233752672672676	24.70052435035035
0.0	Zanclodon	68.87930156156155	25.41024999499499
0.0	Zhongjiania	84.25030977177178	79.78485024624625
0.0	Zupaysaurus	41.098735624624624	39.83404305705706
