clade	species	ts	te
0.0	Abajudon	107.00494401801801	84.19788437037036
0.0	Abdalodon	81.63234183383383	81.29497925625627
0.0	Acratophorus	61.72244427027027	53.56659696496497
0.0	Adelobasileus	42.99425212112112	41.73033477677677
0.0	Aelurognathus_Temperate_S	84.82834395995995	77.06637131231231
0.0	Aelurosaurus	96.90396193593592	78.9823452022022
0.0	Aelurosuchus	70.44652838838839	70.09086831931933
0.0	Aerosaurus	128.2311530810811	116.24699265865866
0.0	Akidnognathus	83.2408795955956	78.7759373923924
0.0	Alemoatherium	48.453585016016014	47.009245365365366
0.0	Aleodon	70.4433964974975	51.15848623323323
0.0	Alepognathus	87.20914956556557	86.47840304104103
0.0	Alierasaurus	101.65149863963964	100.51191897897898
0.0	Alopecideops	86.44598353353352	85.81469978978978
0.0	Alopecodon	89.15837334534535	85.25729948348348
0.0	Alopecognathus	89.09641280280279	84.79631629329329
0.0	Alopecorhinus	83.81155249549548	83.35191067467466
0.0	Aloposaurus	85.18443229329328	78.25476171071071
0.0	Alrausuchus	98.15030386186187	90.61745525625625
0.0	Ameghinichnus	41.99697529529529	40.72089087087087
0.0	Andescynodon	71.64689261361362	44.84676665665666
0.0	Angelosaurus	106.80139204804804	91.28727838638639
0.0	Angonisaurus	69.90996144244245	69.56347785685685
0.0	Annatherapsidus	89.03042025225226	82.02143214314314
0.0	Anningia	88.23062594294295	87.48804056756757
0.0	Anomocephalus	91.65529535735735	90.63755935535536
0.0	Antecosuchus	71.42454150750751	67.44326831631632
0.0	Anteosaurus_Temperate_N	88.89209678678678	88.02562381581582
0.0	Anteosaurus_Temperate_S	89.3321057887888	84.60818523723724
0.0	Apsisaurus	118.93938757157156	117.99654487387389
0.0	Archaeosyodon	91.40084936536537	90.38355016316315
0.0	Archaeothyris	135.0175231321321	132.1660317127127
0.0	Archaeovenator	127.30461965565566	126.26448499799801
0.0	Arctognathus	84.99343874874874	78.78278161961961
0.0	Arctops	85.26564191191191	78.3967386926927
0.0	Arctotraversodon	61.13455948148148	53.44272685285285
0.0	Arisierpeton	111.72573355955956	111.0102142982983
0.0	Aulacephalodon	84.88579887587588	77.11592411611612
0.0	Aulacocephalus	82.44959152852853	82.08734585785785
0.0	Australobarbarus	88.84418349249249	84.63409983683682
0.0	Australosyodon	91.45421049349349	90.39505967267267
0.0	Avenantia	86.81250609409409	86.14243072672674
0.0	Baldwinonus	127.94888128128129	119.0824415095095
0.0	Basilodon	84.93633595695695	78.2114177017017
0.0	Bauria	72.43222205605605	66.9999963133133
0.0	Beishanodon	74.15182722222222	73.89796325125127
0.0	Biarmosuchoides	91.21216062962962	90.22171362262263
0.0	Biarmosuchus	98.10266242142141	88.94665957357357
0.0	Biseridens	97.64242068968969	92.97559029829829
0.0	Blattoidealestes	84.43091464664664	83.96017375475475
0.0	Bohemiclavulus	126.56182793893895	125.53663051451451
0.0	Bolodon	31.775297392392392	30.887735471471473
0.0	Bolotridon	70.9604325075075	70.62000752552552
0.0	Bonacynodon	67.18031488088089	56.96485663363363
0.0	Boreogomphodon	59.827869448448446	41.416619717717715
0.0	Botucaraitherium	45.01143769169169	43.672657846846846
0.0	Brachyprosopus	89.65620553853854	84.67327739639639
0.0	Brachyzostrodon	33.30981078278278	27.628356461461465
0.0	Brasilitherium	51.82212341241241	33.638156064064056
0.0	Brasilodon	52.25648498398399	33.544791900900904
0.0	Brontopus	84.71615783483485	77.86231478378379
0.0	Bulbasaurus	84.93790597697699	79.50194701401401
0.0	Bullacephalus	89.2105614994995	88.34793567467469
0.0	Burnetia	81.06050644944945	80.77471088188187
0.0	Cabarzia	121.32692824224225	120.32955329029028
0.0	Callibrachion	111.44468618318318	110.69000746346346
0.0	Candelariodon	64.93696718118117	64.6069030920921
0.0	Caodeyao	80.69053208608608	80.40291146746746
0.0	Casea	109.07458780980981	97.70705327527527
0.0	Caseoides	106.81600509609609	93.22688441341342
0.0	Caseopsis	105.82844426026027	95.64190668168169
0.0	Cerdodon	91.97507892492493	91.00705503303304
0.0	Cerdorhinus	81.7641317987988	81.48723141741742
0.0	Cerdosuchus	81.31350702402403	80.99465577777777
0.0	Chalepotherium	29.053811274274278	28.28462221321321
0.0	Chaliminia	49.194770377377374	37.86966612312312
0.0	Charassognathus	82.03386962762762	81.70364188888888
0.0	Charruodon	45.94737823323323	44.57137276376376
0.0	Chiniquodon	67.32029848148149	43.07530525225225
0.0	Choerosaurus	96.0037749139139	81.15822112112112
0.0	Chthomaloporus	90.90892470370372	89.92343353753752
0.0	Chthonosaurus	87.13334594694696	83.06542531431431
0.0	Cistecephaloides	81.97283995895896	81.69820232432434
0.0	Cistecephalus	84.74625381481482	79.0884573893894
0.0	Cistecynodon	70.46737243443442	70.08889191091092
0.0	Clelandina	85.00806393693694	77.61813065965966
0.0	Clepsydrops	131.87661852552554	103.18103648148147
0.0	Colobodectes	88.31352707707708	77.4026723923924
0.0	Compsodon	85.06376554854855	77.91418140940942
0.0	Cotylorhynchus	108.61679823423424	90.97429052052051
0.0	Counillonia	74.81869818118119	74.56926134934936
0.0	Cricodon	72.1752514934935	61.19498455855855
0.0	Criocephalosaurus	89.58734710910912	84.99308571671672
0.0	Cromptodon	69.44502116816818	69.1206841121121
0.0	Cryptocynodon	84.98364182082081	79.88074003703703
0.0	Cryptovenator	124.3444782962963	123.33489269269269
0.0	Ctenorhachis	111.10449952752752	110.37675796996997
0.0	Ctenospondylus	118.82586665765767	109.6108603913914
0.0	Cutleria	121.91350945645645	113.6434148978979
0.0	Cynariognathus	88.9713261921922	85.20749467867867
0.0	Cyniscops	81.72731197597597	81.44817258358358
0.0	Cynognathus	72.32829813313313	52.57058557157156
0.0	Cynosaurus	84.89101883783782	77.72620915215215
0.0	Cyonosaurus	85.08888400200199	77.09547169969971
0.0	Dadadon	62.4070429049049	53.44657023223223
0.0	Dalongkoua	78.3800868218218	78.10909032332331
0.0	Daptocephalus	88.67507481881881	76.88656083083082
0.0	Daqingshanodon	80.53192096996997	80.24259668268269
0.0	Datheosaurus	124.49560515515515	123.42911152152152
0.0	Davletkulia	94.52259720920921	93.47702747547547
0.0	Deccanodon	50.62250261961962	49.27470412412413
0.0	Delectosaurus	84.2305347007007	82.10905738538538
0.0	Delphinognathus	87.03644638538539	86.33581859059059
0.0	Deuterosaurus	92.04195242642643	85.39018003503503
0.0	Diademodon	72.40311114714716	54.98591895095095
0.0	Dicynodon_Temperate_N	90.5864239139139	85.3597224054054
0.0	Dicynodon_Temperate_S	111.67507414914915	63.77979842942943
0.0	Dicynodontipus_Temperate_N	71.48433923323324	71.17388531931931
0.0	Dicynodontipus_Temperate_S	83.50799519519519	61.31007364764764
0.0	Dicynodontoides_Temperate_S	85.19358994394393	74.20636361061061
0.0	Diegocanis	57.58692845645646	56.092208516516514
0.0	Digalodon	84.72576873673673	77.4550363973974
0.0	Diictodon_Temperate_N	78.45138484184184	78.18018062062062
0.0	Diictodon_Temperate_S	92.07578838238237	77.07498544444445
0.0	Diictodontoides	81.53206624824826	81.2567253923924
0.0	Dimacrodon	107.82702768568568	93.35974091791792
0.0	Dimetrodon	123.70945347547547	89.54153305605605
0.0	Dinanomodon	85.05838343343343	73.9363462072072
0.0	Dinodontosaurus	67.11346355755755	57.41693991691692
0.0	Dinogorgon	84.81011091191192	78.7437042802803
0.0	Dinosaurus	91.9138026826827	89.90747721621622
0.0	Dolichuranus	70.189589007007	69.81365197797797
0.0	Dolomitipes	77.37760551951952	73.93924964064065
0.0	Driveria	99.98764485385385	98.87725527327328
0.0	Dromatherium	43.876638966966965	42.59215837337337
0.0	Dvinia	87.40705286586588	83.0691611901902
0.0	Ecteninion	57.47011483883884	55.94932800700701
0.0	Edaphosaurus	129.3994522982983	93.3777654934935
0.0	Elcabrosaurus	126.71319564664665	125.72040198598599
0.0	Elephantosaurus	64.21124015415415	63.90470300800801
0.0	Elliotsmithia	88.10741712112112	87.37190424124125
0.0	Elph	88.54986289089089	83.75030554754755
0.0	Emydochampsa	82.50143159459459	82.1931682952953
0.0	Emydops	95.02410411211211	78.70638874074075
0.0	Emydorhinus	84.16201454454455	78.95764146246248
0.0	Emydorhynchus	81.54391288188188	81.2649408988989
0.0	Emyduranus	84.2279045885886	80.30702611711712
0.0	Endothiodon_Temperate_S	101.26910527627628	78.64453480280281
0.0	Endothiodon_Tropical_S	83.81001262762761	77.15126615415417
0.0	Ennatosaurus_Temperate_N	97.73199003503503	89.5253605165165
0.0	Ennatosaurus_Tropical_N	87.75115593693694	86.97090400600601
0.0	Eocasea	127.26452008708709	126.26222391391391
0.0	Eodicynodon	95.9877221941942	87.57728573973975
0.0	Eoraetia	30.604712604604604	29.891023243243243
0.0	Eosimops	89.22548629029028	80.6509504034034
0.0	Eothyris	112.05322006406405	111.30274071771771
0.0	Eozostrodon	31.60903288788789	27.981178995995997
0.0	Ericiolacerta	76.13336824224224	73.27861083683683
0.0	Eriphostoma	89.88310904204205	78.64212622322323
0.0	Estemmenosuchus	94.17902873473474	89.13080235335335
0.0	Eubrachiosaurus	58.15472144344345	56.660923064064065
0.0	Euchambersia	81.29175267467467	81.00978231531532
0.0	Euptychognathus	82.62559081681681	82.2926222942943
0.0	Euromycter	107.07197215615615	105.97999976676675
0.0	Exaeretodon_Temperate_S	65.56286228028027	32.94671267067067
0.0	Exaeretodon_Tropical_N	69.5154443023023	69.17929468968968
0.0	Fluctuodon	30.737603588588584	29.95350520820821
0.0	Galechirus	88.13515041241241	84.99681725525525
0.0	Galeops	88.43809237637637	81.15846327527528
0.0	Galesaurus	77.11092317017018	72.12427846046046
0.0	Gaumia	41.77465848548548	26.847654053053056
0.0	Geikia_Temperate_N	78.06929897197196	77.79000484284285
0.0	Geikia_Temperate_S	84.28197126126126	79.97326848348348
0.0	Glanosuchus	91.87670680880882	85.10586527027026
0.0	Glaucosaurus	106.89515496596596	105.7963566976977
0.0	Gomphodontosuchus	58.07081095495495	46.31619263763764
0.0	Gondwanadon	57.57509231331331	56.02482545645646
0.0	Gordonia	79.0512903053053	76.83804175575575
0.0	Gorgodon	104.56091449149149	94.17180297597598
0.0	Gorgonops	89.403258001001	78.12638026726727
0.0	Gorochovetzia	85.43220836336336	84.89277107507507
0.0	Gorynychus	88.26105794494495	85.10404670170169
0.0	Habayia	30.633837455455456	29.863242282282283
0.0	Hahnia	29.889922921921922	29.09098741241241
0.0	Hallautherium	30.33935172472472	29.581216612612614
0.0	Haptodus	131.339394004004	110.72221417917919
0.0	Haramiyavia	32.706014153153156	28.31723076176176
0.0	Hazhenia	72.14330436436438	71.84316203803805
0.0	Heleosaurus	86.58540678778779	85.9198235045045
0.0	Helvetiodon	28.998081706706706	28.295500802802803
0.0	Herpetoskylax	84.44053257357359	80.18769948248247
0.0	Hipposaurus	88.69128213213214	85.64174703503502
0.0	Hofmeyria	85.04119885085085	79.0017552062062
0.0	Homodontosaurus	84.024301001001	78.12822067767767
0.0	Hwanghocynodon	81.94794233933933	81.5976908008008
0.0	Hyaenasuchus	87.28960374674675	86.6023395085085
0.0	Hypselohaptodus	121.63681752552553	120.60824500700701
0.0	Hypsiprymnopsis	30.18943255155155	29.398900187187188
0.0	Ianthasaurus	131.0104508868869	128.64359430630628
0.0	Ianthodon	130.22000158358358	129.27890361561563
0.0	Ichibengops	83.37345046946946	79.56312897297298
0.0	Icticephalus	82.24104903303304	81.95371806606606
0.0	Ictidochampsa	80.29029355855856	79.96811123323324
0.0	Ictidognathus	85.45370257457458	81.05287466466467
0.0	Ictidorhinus	81.96750542242242	81.60652999699698
0.0	Ictidosaurus	92.32257234634635	85.911941996997
0.0	Ictidosuchops	84.83027966666667	77.35135602302303
0.0	Ictidosuchus	83.05362878978977	82.67799084184183
0.0	Idelesaurus	88.15437569469469	87.37118782782784
0.0	Impidens	70.00132915815816	69.63467466066066
0.0	Inostrancevia_Temperate_N	89.96426633133133	81.36309996796795
0.0	Inostrancevia_Temperate_S	82.04654332532533	81.71967801401401
0.0	Interpresosaurus	83.3388248878879	83.04296496196196
0.0	Irajatherium	49.31476800500501	37.88034447947948
0.0	Ischigualastia	61.595070415415414	52.145424612612615
0.0	Isengops	81.69346057357359	81.41282042542542
0.0	Jachaleria	65.70481775475476	33.629342988988995
0.0	Jimusaria_Temperate_N	80.97171246146146	76.61367139539541
0.0	Jiufengia	81.85255034434435	81.51875755955956
0.0	Jonkeria	89.87361311711712	81.16853109009008
0.0	Julognathus	87.19182611911913	86.51883206806805
0.0	Kamagorgon	100.6290941911912	94.61819391991992
0.0	Kannemeyeria	75.48469830830831	67.02855840940941
0.0	Karenites	88.35200782982983	85.48403727127128
0.0	Kataigidodon	42.51792112112112	41.2726378008008
0.0	Katumbia	84.45551621221222	79.47201947947948
0.0	Kawingasaurus	84.67875035735734	79.34432779579579
0.0	Kembawacela	84.61401199299299	78.5163372962963
0.0	Kenomagnathus	130.00231574574573	128.95934426926928
0.0	Keratocephalus	89.56135724724726	84.83350097097097
0.0	Keyseria	80.1232121101101	79.82566348348348
0.0	Kitchinganomodon	84.1925735115115	78.72515823423423
0.0	Knoxosaurus	106.47088936236236	95.44480311311311
0.0	Kombuisia	70.62459214814815	68.16812191991993
0.0	Kotelcephalon	86.98716700800802	86.3018436056056
0.0	Kuehneotherium	33.08545142642642	27.211462002002
0.0	Kunpania	80.57725251151152	80.29221445445447
0.0	Kwazulusaurus	81.31850800000001	80.98941830330331
0.0	Lalieudorhynchus	89.48873812512512	88.52435925225225
0.0	Langbergia	75.9518214094094	72.19534822822823
0.0	Lanthanostegus	88.68231672572573	86.1524910980981
0.0	Lemurosaurus	83.37643624924925	79.24534934234234
0.0	Lende	82.19726133133132	81.85324006406407
0.0	Leogorgon	87.31487904904904	83.86523740540541
0.0	Leontosaurus	85.30911507007008	76.93093918818819
0.0	Lepagia	33.51534007107107	26.974127226226226
0.0	Leucocephalus	82.44777062362363	82.16771067067066
0.0	Lisowicia	37.15152910410409	36.108279131131134
0.0	Lobalopex	82.21833523123122	81.90392294694693
0.0	Lophorhinus	81.84269903603604	81.53074436736738
0.0	Luangwa	72.0320540900901	56.761166357357354
0.0	Lumkuia	70.02750807007007	69.66989447147147
0.0	Lupeosaurus	121.41581037437439	120.41100943043044
0.0	Lycaenodon	84.1126244024024	80.52668070370372
0.0	Lycaenops	84.96019345945946	77.97550683683683
0.0	Lycedops	86.57853427027027	85.90926771171172
0.0	Lycideops	80.95710995095095	80.66896739339339
0.0	Lycosaurus	88.13208650550551	81.22660431031031
0.0	Lycosuchus	87.21277064164164	86.51458058458458
0.0	Lystrosaurus_Temperate_N	78.9959988018018	74.5534302042042
0.0	Lystrosaurus_Temperate_S	87.39659534434435	72.19005895995997
0.0	Macromerion	126.84219372772772	125.3616273233233
0.0	Madysaurus	58.04644048648649	56.774625757757754
0.0	Malasaurus	83.2018429029029	82.84713607007006
0.0	Mandagomphodon	71.32762089489489	68.17736084784785
0.0	Martensius	112.7764682742743	111.98995989089089
0.0	Massetognathus	67.09647234034033	56.41117949149149
0.0	Mastersonia	101.75219074874875	100.59446015915914
0.0	Maubeugia	31.254390004004	30.466773887887882
0.0	Megawhaitsia	84.47572764164164	82.05200792092091
0.0	Melanedaphodon	134.0993712172172	133.12735329829832
0.0	Menadon	65.26314426626627	51.75705667467468
0.0	Mesenosaurus_Temperate_N	98.21058853453452	89.1051328978979
0.0	Mesenosaurus_Tropical_S	112.21992846446446	111.43442651151152
0.0	Meurthodon	30.26532038138138	29.55578831131131
0.0	Microconodon	59.13227369069069	35.536609882882885
0.0	Microgomphodon	75.23781765065064	67.18027284784785
0.0	Microhelodon	69.52128944544545	69.18187314314315
0.0	Microscalenodon	32.65207897197197	28.53917861961962
0.0	Microsyodon	99.43245551051051	93.0044820930931
0.0	Microurania	89.87072885285285	82.41101317217218
0.0	Microvaranops	89.42881114114114	84.83334516316316
0.0	Microwhaitsia	83.3603283023023	79.82990783883884
0.0	Milosaurus	128.3922198778779	127.412224985986
0.0	Minicynodon	45.35429578078078	44.06385936336336
0.0	Mirotenthes	84.31912652052051	80.41980373373373
0.0	Mitredon	29.703320316316322	28.99207708008008
0.0	Mobaceras	92.40541378178177	91.41952263063062
0.0	Moghreberia	61.22133261361361	31.20587408508509
0.0	Mojo	30.481601050050056	29.756708373373375
0.0	Molybdopygus	91.17141415615616	90.15976506406406
0.0	Morganucodon	32.36618182282282	26.9316907977978
0.0	Mormosaurus	92.10120932932932	86.29013872372373
0.0	Moschops	89.82025917317317	82.15565709009009
0.0	Moschorhinus	84.8299639039039	72.29323956756757
0.0	Moschowhaitsia	85.04775661861862	82.11020893893894
0.0	Muchia	87.26655914014016	86.57344780780781
0.0	Mucrotherium	29.744075272272273	28.992687247247247
0.0	Mupashi	81.67357796196197	81.39388015915917
0.0	Mycterosaurus	113.61994643443444	99.75658214514513
0.0	Myosauroides	82.51402242442443	82.17814856856856
0.0	Myosaurus	76.83385237437437	72.067355995996
0.0	Nanictidops	82.34793888088087	82.03864966366366
0.0	Nanictocephalus	82.09938693393394	81.79044197197197
0.0	Nanictosaurus	83.91966888688688	78.02306555255255
0.0	Nanocynodon	87.47408335735734	86.7633484914915
0.0	Nanogomphodon	63.57079486986988	63.28415491091091
0.0	Neosaurus	117.75899066766767	116.77960990390389
0.0	Niaftasuchus	96.9417988928929	89.6127641201201
0.0	Niassodon	82.72855290290292	82.40070362062062
0.0	Nikkasaurus	96.57569819619621	91.32238691791792
0.0	Nitosaurus	126.45237954854855	125.45732994894895
0.0	Niuksenitia	87.52535144744745	86.77725844644645
0.0	Nochnitsa	87.05235941641641	86.32629325425425
0.0	Notaelurodon	80.15452706506507	79.88564522422423
0.0	Nothogomphodon	70.48464415515517	68.45902585485484
0.0	Notosyodon	88.55036573573574	87.75401267067068
0.0	Nshimbodon	82.00272193193194	81.65261745845847
0.0	Nythosaurus	70.06753829829829	69.69894772572572
0.0	Odontocyclops	85.07851280480482	79.25863445945946
0.0	Oedaleops	127.0852258828829	113.75756846346347
0.0	Oligokyphus	32.628032709709714	28.261692377377376
0.0	Olivierosuchus	76.19332011811812	72.18659596796796
0.0	Ophiacodon	129.05158245345345	93.30832438738737
0.0	Ophidostoma	81.54776621021021	81.27593368368368
0.0	Ordosiodon	71.02934992992994	67.70896925725728
0.0	Oromycter	112.8391913893894	112.04988078478479
0.0	Otsheria	91.031521001001	90.01745613013013
0.0	Oudenodon_Temperate_S	87.63269021421422	76.99582567467468
0.0	Pachydectes	86.55072577077078	85.91261412212212
0.0	Palemydops	84.22539544244243	79.99604196496496
0.0	Pampaphoneus	91.72869562262262	86.81259844344343
0.0	Panchetocynodon	76.13443262562562	75.88950191091091
0.0	Parabradysaurus	99.66649257957957	93.32115838038038
0.0	Paraburnetia	82.67241634934933	82.37814080780781
0.0	Paragalerhinus	80.67213512212213	80.37136536136137
0.0	Parakannemeyeria_Temperate_N	71.81078221721721	65.87531661661663
0.0	Parasuminia	86.85908006306308	86.20800003103102
0.0	Paratraversodon	66.53406456156156	59.167003221221215
0.0	Pardosuchus	87.78053346446445	86.97329363163163
0.0	Pascualgnathus	60.874385120120124	53.77450064364364
0.0	Patranomodon	91.87531329129129	89.46549971471472
0.0	Pelanomodon	84.48221795795796	77.03221809209208
0.0	Pelictosuchus	83.40723416516515	78.09139138438438
0.0	Pentasauropus_Temperate_S	66.65486536236237	33.916572595595596
0.0	Pentasauropus_Tropical_N	44.20493257257257	42.935235016016016
0.0	Pentasaurus	37.83962103803805	36.6512491011011
0.0	Peramodon	87.99845250650651	83.32359452052052
0.0	Perplexisaurus	90.84897868168169	84.73124967567567
0.0	Phocosaurus	88.50553482082083	85.68267396996998
0.0	Phreatophasma	98.3287096126126	97.15400268368369
0.0	Phthinosaurus	95.47629242742742	89.64849696896897
0.0	Placerias	59.575232546546545	33.59322738738739
0.0	Planitorostris	64.35538326526526	63.940986949949945
0.0	Platycraniellus	76.39960329929932	72.44643928728728
0.0	Platycyclops	82.29664936936936	81.99562995795795
0.0	Platypodosaurus	84.7534837957958	79.04913746146146
0.0	Plinthogomphodon	44.39883988988989	43.097334007007014
0.0	Polonodon	56.66260171871872	55.11730268368369
0.0	Polycynodon	82.11215499099099	81.75675076676677
0.0	Porosteognathus	90.3002890910911	86.26522477577578
0.0	Pravoslavlevia	86.05714494694696	85.48531653653653
0.0	Pristerodon_Temperate_S	88.87894017117117	79.12690722822825
0.0	Pristerognathoides	89.73199773673673	82.78319796296296
0.0	Pristerognathus	89.30111925325325	84.82007233133133
0.0	Pristerosaurus	87.92194621821821	87.16212184384385
0.0	Probainognathus	66.70079917817819	53.68643033533534
0.0	Proburnetia	87.4410071001001	86.69229496196196
0.0	Procynosuchus_Temperate_N	86.29713983683683	80.82777083083081
0.0	Procynosuchus_Temperate_S	85.02388528228228	73.92325826926925
0.0	Prodicynodon	82.96543497497498	80.11080632532533
0.0	Progalesaurus	76.76463677477477	76.52416045545546
0.0	Promoschorhynchus	84.67913612512513	77.71841008108109
0.0	Prosictodon	90.35621387387388	89.45688975575575
0.0	Protheriodon	64.53600812012013	64.23986418518518
0.0	Protuberum	66.9585721061061	60.63812722522523
0.0	Prozostrodon	58.75746241541542	35.98563521221221
0.0	Pseudotherium	57.0023295035035	55.508358343343346
0.0	Pseudotriconodon_Temperate_N	42.12272916916917	26.91233967867868
0.0	Pseudotriconodon_Tropical_N	42.434054079079075	41.1290205085085
0.0	Ptomalestes	88.54854327527526	85.1714891101101
0.0	Purlovia	84.80701515915916	82.24265942042042
0.0	Putillosaurus	74.17761451651651	73.93338842842843
0.0	Pyozia	93.79733396796796	92.88012557357358
0.0	Rabidosaurus	71.33429385285285	68.34738827227225
0.0	Raranimus	96.6127634134134	95.65786867767768
0.0	Rastodon	87.44585403403403	86.7066272042042
0.0	Rechnisaurus	70.68231971671672	68.02389228628627
0.0	Redondagnathus	42.68675810010009	41.368996359359365
0.0	Regisaurus	76.1353304044044	73.46798391491491
0.0	Reiszia	95.07069293793795	89.80894505705704
0.0	Remigiomontanus	123.98315620220221	123.00343311811812
0.0	Repelinosaurus	75.18362933333334	74.93321183783783
0.0	Rewaconodon_Temperate_S	59.41058559559559	54.6327133963964
0.0	Rewaconodon_Tropical_S	42.69161084284284	41.345814345345346
0.0	Rhachiocephalus	84.71348202202202	79.0282237937938
0.0	Rhadiodromus	70.9000764954955	67.69047365865866
0.0	Rhinodicynodon	69.02383586386385	68.66981437037036
0.0	Rhopalodon	91.76018942442441	89.56383785185184
0.0	Riebeeckosaurus	86.92180086386387	86.2173318078078
0.0	Riograndia	51.925797596596595	33.91639407907908
0.0	Riojanodon	59.065440187187185	57.98865023723723
0.0	Robertia	89.16052238938939	83.74005895195195
0.0	Rosieria	33.26131423923923	28.836896603603602
0.0	Ruberodon	57.024901031031035	55.543544030030034
0.0	Rubidgea	84.8798488068068	77.40292438338338
0.0	Ruhuhucerberus	83.52282223123123	79.89149827727726
0.0	Ruthenosaurus	110.27395922322323	109.38544173373374
0.0	Ruthiromia	127.408231992993	126.41151587087086
0.0	Sangusaurus	71.480802992993	63.46126901101101
0.0	Santacruzgnathus	56.939267948948945	55.45309727027027
0.0	Santacruzodon	60.93941704304304	52.768747792792794
0.0	Santagnathus	52.34994402702702	33.251698360360365
0.0	Sauroctonus_Temperate_N	87.93969837537539	87.22334083683683
0.0	Sauroctonus_Temperate_S	82.55297791091091	82.22132858958959
0.0	Sauroscaptor	85.03545575875874	79.24232508108106
0.0	Scalenodon	71.93614128428429	64.22332798498498
0.0	Scalenodontoides	52.540831803803805	27.998532508508507
0.0	Scalopocephalus	82.96742372372371	82.60143550650649
0.0	Scalopodontes	86.55157015215214	85.90537301601603
0.0	Scalopognathus	76.6676646086086	76.42320138738738
0.0	Scaloporhinus	80.95770537337337	80.64511401801802
0.0	Scaloposaurus	83.52632585285285	72.25541883983985
0.0	Scaloposuchus	80.64297991791793	80.33540444044044
0.0	Scylacoides	84.19566784184184	83.75083203703703
0.0	Scylacops	84.73866216316317	79.0788405015015
0.0	Scylacosaurus	87.92719104704705	80.49480914514513
0.0	Scylacosuchus	86.88303296096096	86.20611632232232
0.0	Scymnosaurus	89.45731584484487	84.80091261861861
0.0	Secodontosaurus	114.88958471671673	101.79507133633635
0.0	Sesamondontoides	69.23247403203204	68.8573756036036
0.0	Shaanbeikannemeyeria	71.5877751841842	68.0632078048048
0.0	Shansiodon_Temperate_N	72.05987526426426	67.3760717037037
0.0	Shansiodon_Temperate_S	69.45050757057058	69.07755805905906
0.0	Shashajaia	113.00991728428428	111.95503618618618
0.0	Shiguaignathus	81.04299407307306	80.73133507207207
0.0	Silphedosuchus	74.51829698198198	74.25329752752752
0.0	Silphoictidoides	83.45020403403403	80.69157587087086
0.0	Sinoconodon	30.214099722722725	29.47258391191191
0.0	Sinognathus	69.39776046146147	69.02253563663666
0.0	Sinokannemeyeria	72.10700045645646	64.67320641041042
0.0	Sinophoneus	97.87221336536537	91.6958611111111
0.0	Sintocephalus	82.06164687087087	81.72059611011011
0.0	Siriusgnathus	58.708200757757766	36.473947998999
0.0	Sludica	89.2434137167167	85.42718095695696
0.0	Smilesaurus	84.14913891891892	79.12594002902902
0.0	Sphenacodon	128.4034248958959	108.63243079879881
0.0	Stahleckeria	70.18147575875875	60.57459076576576
0.0	Steppesaurus	100.89824303903904	99.79377824524525
0.0	Stereophallodon	117.53546294294296	116.60487686286287
0.0	Stereorhachis	129.5821453013013	128.55784592292292
0.0	Struthiocephaloides	88.3090795115115	86.49800640140138
0.0	Struthiocephalus	89.2639697947948	84.73005987487488
0.0	Styracocephalus	88.66695413713714	85.56880702902903
0.0	Suchogorgon	89.47384622822823	85.34238254454455
0.0	Suminia	89.43016362762764	84.5741858008008
0.0	Sungeodon	76.68711184884884	76.4448276976977
0.0	Sycosaurus	84.73881813013013	79.73165396596596
0.0	Syodon	101.28019984584584	85.47643212712713
0.0	Syops	84.95430800800801	78.93341004604605
0.0	Sysphinctostoma	70.13703683883884	67.7706295105105
0.0	Tambacarnifex	112.18514016416415	111.48981803603604
0.0	Tamboeria	86.56988038138138	85.88094965565564
0.0	Taoheodon	80.27751081981982	80.00377746646646
0.0	Tapinocaninus	90.80757014414414	89.84399402902903
0.0	Tapinocephalus	88.18273592592593	85.22391882282282
0.0	Tappenosaurus	106.62446920120121	95.19255475375375
0.0	Taurocephalus	87.03788741241242	86.33449919019019
0.0	Tenuacaptor	130.08789747247246	129.14532049649648
0.0	Tessellatia	43.57549481781782	42.22778687487488
0.0	Tetraceratops	103.69853054154154	102.37001263863864
0.0	Tetracynodon	84.14178013813813	72.44246795095096
0.0	Tetragonias	71.74228923523523	68.35578966866866
0.0	Theriognathus	84.96159652352351	69.54368838138139
0.0	Therioherpeton	51.68207467567567	50.42052353953953
0.0	Therioides	87.29996367667668	86.61814255355354
0.0	Theroteinus	29.539644532532535	28.782954926926926
0.0	Thliptosaurus	81.20778637637638	80.87730558758759
0.0	Thomasia	40.66264239539539	26.23181668968969
0.0	Thrinaxodon	76.88236857457457	72.22834167567568
0.0	Tiarajudens	91.69926217817817	90.83080820620621
0.0	Tigrisuchus	84.16949566066067	80.69664176176175
0.0	Tikitherium	57.55679673273273	55.96786715015015
0.0	Titanophoneus	92.3437259049049	85.30980268068069
0.0	Titanosuchus	92.79065576976976	84.56556775875875
0.0	Traversodon	67.1056215925926	60.28914273573574
0.0	Traversodontoides	69.52962745345346	69.18753187487488
0.0	Trichasaurus	104.23987222922922	102.9714491171171
0.0	Tricuspes	40.875766696696694	26.20581123123123
0.0	Trirachodon	71.97077756356356	67.35327054754755
0.0	Tritylodon	34.29092614214215	33.268155841841846
0.0	Trochorhinus	87.22000324924925	86.49165494394393
0.0	Trochosaurus	89.34811369569569	85.23606193093093
0.0	Trochosuchus	87.58499795095096	86.8109827967968
0.0	Tropidostoma	87.48077238138139	79.3554716116116
0.0	Trucidocynodon	59.743580254254255	38.7511657987988
0.0	Turfanodon_Temperate_N	83.6220921981982	76.6382304904905
0.0	Ufudocyclops	70.92374011811812	67.63465926026028
0.0	Ulemica	92.47776194794795	85.31340569569569
0.0	Ulemosaurus	91.8594906956957	85.17116817517517
0.0	Uniserium	31.05492934234234	30.336639916916916
0.0	Uralocynodon	86.07369077277276	85.4626031041041
0.0	Uralokannemeyeria	70.9305206086086	67.99426093693694
0.0	Urumchia	76.74330983583583	76.51312743443445
0.0	Ustia	86.89657621721722	86.21193784084086
0.0	Varanodon	94.60295812712712	93.59399127827828
0.0	Varanops	115.24932698098097	100.51930497897898
0.0	Varanosaurus	113.78077662662663	98.36144821521522
0.0	Vaughnictis	121.88094884184184	112.78394466966968
0.0	Venyukovia	91.52039564264264	90.5212514914915
0.0	Vetusodon	80.72290793393393	80.42639104304304
0.0	Viatkogorgon	89.11257518118119	85.46253154154154
0.0	Viatkosuchus	88.28556439039039	85.1572983973974
0.0	Vinceria	71.75693251951952	67.74643551751751
0.0	Vivaxosaurus	89.29095895295296	81.66592012212213
0.0	Wadiasaurus	69.3446382052052	68.98149303603604
0.0	Walteria	87.50492763963963	86.75358604404403
0.0	Wantulignathus	92.419619991992	91.50257363863864
0.0	Watongia	93.57056241341341	92.53391785885887
0.0	Woutersia	32.469080747747746	27.5661401011011
0.0	Woznikella	60.95383113213213	52.99318900500501
0.0	Xiyukannemeyeria	72.29416236236236	61.118383529529524
0.0	Xyrospondylus	130.79810085485485	128.41670744344344
0.0	Yikezhaogia	68.81721999399399	68.4873427057057
0.0	Zambiasaurus	69.57297982182182	69.20976206306305
