clade	species	ts	te
0.0	Abajudon	116.57812118010595	84.24454727567986
0.0	Abdalodon	84.87885345226013	84.27184616697853
0.0	Acratophorus	59.0808962557106	50.71935599264968
0.0	Adelobasileus	52.99549920639176	51.185423478829584
0.0	Aelurognathus_Temperate_S	84.96371147749565	76.73757454181556
0.0	Aelurosaurus	96.73779336844363	78.89668619767416
0.0	Aelurosuchus	71.19449723092694	70.80821048328627
0.0	Aerosaurus	129.3438521001248	120.31643352793779
0.0	Akidnognathus	83.20497766405487	78.00023836093007
0.0	Alemoatherium	49.749125707070476	48.31774510121947
0.0	Aleodon	68.00001061502269	52.55013684102098
0.0	Alepognathus	86.91376152497438	86.22920171488443
0.0	Alierasaurus	108.48839817699071	107.28396521734119
0.0	Alopecideops	85.63234670893573	85.02659608391332
0.0	Alopecodon	88.40577251065348	84.58284156248594
0.0	Alopecognathus	89.0404985425641	85.57313778637149
0.0	Alopecorhinus	86.82634843327946	86.14052666253242
0.0	Aloposaurus	85.64651984227186	76.2350777390859
0.0	Alrausuchus	99.0813935976373	91.30281674869184
0.0	Ameghinichnus	36.88913167524617	35.66954740761466
0.0	Andescynodon	72.59723146949858	38.1060132913144
0.0	Angelosaurus	104.85725203446124	90.22328693067594
0.0	Angonisaurus	72.19490872281784	71.89606853060539
0.0	Annatherapsidus	86.44258020781626	81.88085585502448
0.0	Anningia	88.16542803707831	87.48703355574844
0.0	Anomocephalus	91.63739800673382	90.82588153679698
0.0	Antecosuchus	72.28243655735712	69.81432481117696
0.0	Anteosaurus_Temperate_N	92.23520303212513	91.41717459241522
0.0	Anteosaurus_Temperate_S	89.47303468480756	84.48437057966508
0.0	Apsisaurus	118.1785091038571	117.14962703342603
0.0	Archaeosyodon	91.2263010658545	90.40446338931831
0.0	Archaeothyris	135.12638077940787	131.94278280168191
0.0	Archaeovenator	128.83392803223	127.80115758098376
0.0	Arctognathus	85.33953850185834	78.80354244721855
0.0	Arctops	85.55382303185664	76.71181595676431
0.0	Arctotraversodon	61.72299815014407	53.121973214282875
0.0	Arisierpeton	111.48866114666792	110.7686934565046
0.0	Aulacephalodon	84.93506111355303	76.85133599652369
0.0	Aulacocephalus	82.23543531006588	81.96830103266609
0.0	Australobarbarus	89.09332026137398	84.69129055903917
0.0	Australosyodon	89.87975243180165	89.09424052275605
0.0	Avenantia	85.38352688984722	84.81324312056027
0.0	Baldwinonus	127.9802728799279	116.13527298296204
0.0	Basilodon	84.87963283250188	76.23899100963419
0.0	Bauria	73.16241291141492	67.01151662208406
0.0	Beishanodon	74.3418576452948	74.0863660763291
0.0	Biarmosuchoides	91.40749802056018	90.59607210728254
0.0	Biarmosuchus	94.39988198835186	88.87542825100121
0.0	Biseridens	94.87856341438304	93.84802385051488
0.0	Blattoidealestes	83.32263978071545	83.05375454361206
0.0	Bohemiclavulus	126.5551975858547	125.4803761558204
0.0	Bolodon	29.15196876913976	28.4398769986059
0.0	Bolotridon	71.50953611640452	71.1246544020698
0.0	Bonacynodon	67.26776487953326	57.42169965265493
0.0	Boreogomphodon	60.31245930760496	40.74538073299169
0.0	Botucaraitherium	43.35997696604958	42.01481964189467
0.0	Brachyprosopus	90.18055144205542	84.48068151514575
0.0	Brachyzostrodon	33.86697514893538	30.80872149863151
0.0	Brasilitherium	54.083920060186166	32.721434133149884
0.0	Brasilodon	52.958591604429465	33.397561050501864
0.0	Brontopus	84.48446029930254	76.1519569784202
0.0	Bulbasaurus	85.0992398222592	81.58191220445691
0.0	Bullacephalus	87.05709476244388	86.3713995026981
0.0	Burnetia	77.88097420687892	77.60855477049174
0.0	Cabarzia	120.41768830623818	119.33891321005983
0.0	Callibrachion	111.32730719016007	110.6112221415675
0.0	Candelariodon	64.98871350443953	64.75382798895241
0.0	Caodeyao	78.97855185601081	78.71717090991496
0.0	Casea	105.76597370447969	97.28348235526114
0.0	Caseoides	110.5110859562892	91.44034376037465
0.0	Caseopsis	110.05362378050349	97.46114063218576
0.0	Cerdodon	88.02423085139581	87.33707879593545
0.0	Cerdorhinus	79.48002321175632	79.21219833837137
0.0	Cerdosuchus	77.71210299800494	77.43812843829335
0.0	Chalepotherium	26.83560608452954	26.114335985056655
0.0	Chaliminia	44.61941253420312	32.16490923875709
0.0	Charassognathus	83.78179075079397	83.47457481481715
0.0	Charruodon	49.847521688263456	48.42608946742931
0.0	Chiniquodon	66.86789333136743	42.533775649885776
0.0	Choerosaurus	99.1611827642158	83.18011167646108
0.0	Chthomaloporus	91.45384210970346	90.61356505954426
0.0	Chthonosaurus	86.4215406157378	80.99667745700584
0.0	Cistecephaloides	79.7584128229668	79.48832514023583
0.0	Cistecephalus	84.74466391790082	79.06284925729142
0.0	Cistecynodon	71.466624004802	71.08056505744408
0.0	Clelandina	85.28716022721798	76.18929645087582
0.0	Clepsydrops	130.85300032734722	101.06820724528359
0.0	Colobodectes	87.27477349366463	76.69403651384295
0.0	Compsodon	85.80284239979429	76.25111358822035
0.0	Cotylorhynchus	108.71337393707357	90.96241276011325
0.0	Counillonia	73.23261153227259	72.9757461757268
0.0	Cricodon	72.37830412869026	67.36578748624629
0.0	Criocephalosaurus	90.38290457997203	84.42522403716741
0.0	Cromptodon	68.97857226407852	68.57520324617522
0.0	Cryptocynodon	85.61700369779413	80.87741719252384
0.0	Cryptovenator	119.12506574705056	118.10009006053734
0.0	Ctenorhachis	110.73161368576027	109.99299223438054
0.0	Ctenospondylus	118.19741253638097	105.39738053961149
0.0	Cutleria	117.67494748248784	115.60153296450528
0.0	Cynariognathus	89.35851330180623	84.57150405091747
0.0	Cyniscops	82.95899651637079	82.6875260073875
0.0	Cynognathus	72.1407040554689	50.364942667364296
0.0	Cynosaurus	84.36010153950629	79.75908839281306
0.0	Cyonosaurus	85.22121496899881	76.86541002841804
0.0	Dadadon	61.93397291920745	53.35844588820893
0.0	Dalongkoua	77.19369752843483	76.9067433327701
0.0	Daptocephalus	89.75937101165697	77.02204330889785
0.0	Daqingshanodon	82.4420447109929	82.17357867511997
0.0	Datheosaurus	124.15266513705754	123.09397934903136
0.0	Davletkulia	95.07454006339991	94.2737394996015
0.0	Deccanodon	60.86158682380351	59.35024099296317
0.0	Delectosaurus	85.768104226316	81.10152376732304
0.0	Delphinognathus	84.92793262300845	84.46665747467236
0.0	Deuterosaurus	91.79024675070313	84.27542697000978
0.0	Diademodon	72.42307700596267	53.50678929033589
0.0	Dicynodon_Temperate_N	92.18774695115904	81.73407764439519
0.0	Dicynodon_Temperate_S	104.00323122141569	65.37436951113607
0.0	Dicynodontipus_Temperate_N	74.05722560085424	73.79551403202329
0.0	Dicynodontipus_Temperate_S	84.38418080624281	61.41194986805078
0.0	Dicynodontoides_Temperate_S	84.46079314193248	74.50036350357881
0.0	Diegocanis	57.24057326305198	55.25876475163106
0.0	Digalodon	85.23654055461986	76.37971136254993
0.0	Diictodon_Temperate_N	78.55599223695103	78.28950734370943
0.0	Diictodon_Temperate_S	90.16765852021415	77.14907625571784
0.0	Diictodontoides	80.529303726897	80.26691928864649
0.0	Dimacrodon	110.33911632482567	90.40640935656803
0.0	Dimetrodon	123.87986919021532	97.37267135110041
0.0	Dinanomodon	85.57793685458381	73.4761109515677
0.0	Dinodontosaurus	67.11857161914241	52.689253423979196
0.0	Dinogorgon	84.5548274779139	77.76671803977008
0.0	Dinosaurus	91.98150227095518	89.63012785426201
0.0	Dolichuranus	72.03394117073809	71.70224079423893
0.0	Dolomitipes	77.05044864662683	74.03496488763592
0.0	Driveria	103.36619115664716	102.09732603462484
0.0	Dromatherium	47.82091472536637	46.48640454062053
0.0	Dvinia	87.4364124247344	81.14680488522453
0.0	Ecteninion	59.43194107167458	57.71713663262053
0.0	Edaphosaurus	128.0820919667435	88.95021910562659
0.0	Elcabrosaurus	124.5752346854235	123.52155520099647
0.0	Elephantosaurus	62.82576632515278	62.49295616337563
0.0	Elliotsmithia	88.52768267256857	87.82328173472347
0.0	Elph	87.56928256484282	83.30628937367418
0.0	Emydochampsa	82.54781963995659	82.27630169904528
0.0	Emydops	88.99905370555238	79.01673134226398
0.0	Emydorhinus	81.07890304155463	78.30262742905995
0.0	Emydorhynchus	82.18493864931543	81.91793584466264
0.0	Emyduranus	85.25469815780849	80.99264654130492
0.0	Endothiodon_Temperate_S	89.2915438384428	77.17841645333029
0.0	Endothiodon_Tropical_S	84.35053677524311	76.26215200676428
0.0	Ennatosaurus_Temperate_N	99.50384876138462	89.2685215459567
0.0	Ennatosaurus_Tropical_N	86.09694601381241	85.43467216569407
0.0	Eocasea	128.76389952660887	127.68488156374353
0.0	Eodicynodon	96.7468192720618	89.72146133852458
0.0	Eoraetia	30.02653832396921	29.311050813535775
0.0	Eosimops	88.76780107754814	78.83032558275016
0.0	Eothyris	114.81272364432859	113.91193564462722
0.0	Eozostrodon	28.65890625531367	27.831749332791052
0.0	Ericiolacerta	75.37735477346853	74.84153426400324
0.0	Eriphostoma	89.74949503364894	79.54398641166752
0.0	Estemmenosuchus	94.76694758097133	89.02981579329901
0.0	Eubrachiosaurus	59.8086722109219	58.046759089746566
0.0	Euchambersia	82.88414897049749	82.61524926862488
0.0	Euptychognathus	83.03833712439108	82.76647407654978
0.0	Euromycter	102.8428572745666	101.60771726069234
0.0	Exaeretodon_Temperate_S	64.75054696265677	32.677899509540914
0.0	Exaeretodon_Tropical_N	71.46892534748022	71.07747288339134
0.0	Fluctuodon	28.119563733131	27.392783744805257
0.0	Galechirus	86.38815599523495	84.49779081515071
0.0	Galeops	87.35026896292247	78.05235310285805
0.0	Galesaurus	77.1315850288218	72.06975266403437
0.0	Gaumia	40.54729247179055	25.714715258485107
0.0	Geikia_Temperate_N	77.42069842762173	77.13246589826865
0.0	Geikia_Temperate_S	83.36024800930355	79.88170197739937
0.0	Glanosuchus	91.36255430082228	84.15008028110104
0.0	Glaucosaurus	99.56567223355121	98.15691777025518
0.0	Gomphodontosuchus	50.663654998790925	34.448547550543644
0.0	Gondwanadon	54.08537087194787	52.363417682352626
0.0	Gordonia	78.90321547691725	76.71784571288376
0.0	Gorgodon	110.18931129245367	97.01419653819997
0.0	Gorgonops	89.2148610258036	76.84929856875742
0.0	Gorochovetzia	86.07972989332316	85.43131789021818
0.0	Gorynychus	88.05069712957878	83.94748497269453
0.0	Habayia	31.84555416469566	31.167698476534593
0.0	Hahnia	28.07618109784108	27.321117176764265
0.0	Hallautherium	28.250052602392135	27.513477282738094
0.0	Haptodus	131.01722996330992	111.77151597107851
0.0	Haramiyavia	29.25975033488461	27.052581252692423
0.0	Hazhenia	75.7477695244052	75.49074890305013
0.0	Heleosaurus	85.21615560536848	84.68353235873536
0.0	Helvetiodon	32.842990838723736	32.181786059794575
0.0	Herpetoskylax	82.20564676546549	78.61415577897773
0.0	Hipposaurus	87.69990906964932	84.84366588536744
0.0	Hofmeyria	85.66952771734108	78.27381781730195
0.0	Homodontosaurus	84.9359367869845	79.23314028655415
0.0	Hwanghocynodon	80.24820015087965	79.97701619282371
0.0	Hyaenasuchus	88.33239707537575	87.65737280037533
0.0	Hypselohaptodus	123.68081085234898	122.61141191213783
0.0	Hypsiprymnopsis	28.66656549360228	27.936562056321197
0.0	Ianthasaurus	131.27670395507235	129.07917460891943
0.0	Ianthodon	130.74305085009675	129.698339840759
0.0	Ichibengops	81.28808198869038	79.00272559067334
0.0	Icticephalus	80.54087944868036	80.27712364225997
0.0	Ictidochampsa	78.98974230668406	78.71986715739669
0.0	Ictidognathus	87.22989435878293	80.09424402254422
0.0	Ictidorhinus	79.4748433018996	79.20928927677132
0.0	Ictidosaurus	91.37688518433976	84.5455263722453
0.0	Ictidosuchops	85.03065342105276	77.59028942412702
0.0	Ictidosuchus	83.04359449523858	82.77654544521774
0.0	Idelesaurus	85.45827404533892	84.88121639722625
0.0	Impidens	70.86161527621951	70.45971579107554
0.0	Inostrancevia_Temperate_N	89.19671453853998	79.01990733385938
0.0	Inostrancevia_Temperate_S	83.80197538192414	83.49748790154878
0.0	Interpresosaurus	83.55220789649458	83.27395585420983
0.0	Irajatherium	48.70721931421989	35.7549743838517
0.0	Ischigualastia	61.96316013866073	52.246796958118146
0.0	Isengops	81.57366376008135	81.3093704909817
0.0	Jachaleria	64.61757262544474	33.18090520599808
0.0	Jimusaria_Temperate_N	80.23314048279623	76.96325021942063
0.0	Jiufengia	79.5066774733902	79.24042259445102
0.0	Jonkeria	89.77284993739268	82.63345765636004
0.0	Julognathus	85.39600623261126	84.8309170151219
0.0	Kamagorgon	99.69892199462625	97.36831006060476
0.0	Kannemeyeria	75.85064458604182	67.11208083877935
0.0	Karenites	88.34069326213815	86.36604491449054
0.0	Kataigidodon	47.562817674420025	46.107465641258855
0.0	Katumbia	84.49901662792959	78.6373162333665
0.0	Kawingasaurus	83.9911634666965	79.44111007767833
0.0	Kembawacela	84.36443823701488	78.97154929486348
0.0	Kenomagnathus	131.05617727095483	129.9902787522919
0.0	Keratocephalus	89.56180048702025	84.29992295018539
0.0	Keyseria	77.72509967452973	77.44515905674818
0.0	Kitchinganomodon	84.93268390570292	79.90231927015388
0.0	Knoxosaurus	103.5464170783865	90.6527598456888
0.0	Kombuisia	69.70769394129874	66.5617496526424
0.0	Kotelcephalon	86.9149845642213	86.2243276337566
0.0	Kuehneotherium	32.53326652624821	28.14162257921172
0.0	Kunpania	80.10198061337454	79.83195300802333
0.0	Kwazulusaurus	78.6922746971574	78.42917502257936
0.0	Lalieudorhynchus	88.7732799860006	88.07270086140632
0.0	Langbergia	76.21415782021147	72.95199115804915
0.0	Lanthanostegus	87.47660408957148	86.31675159158547
0.0	Lemurosaurus	80.85021977894286	80.19693240086774
0.0	Lende	82.11183057896338	81.84853517556778
0.0	Leogorgon	88.1596187487543	84.22162115548885
0.0	Leontosaurus	85.80499236294507	76.21421336598986
0.0	Lepagia	33.85775549322187	26.233465869192813
0.0	Leucocephalus	83.1309717383404	82.86374678122672
0.0	Lisowicia	37.607898118184686	36.3911903188298
0.0	Lobalopex	84.21044947757294	83.80576466579512
0.0	Lophorhinus	84.77353975417452	84.15722866326315
0.0	Luangwa	72.91633269665871	56.41551151641336
0.0	Lumkuia	67.52518450169347	67.19772562363447
0.0	Lupeosaurus	119.45360869442273	118.39286537217454
0.0	Lycaenodon	85.34990601508649	80.65253912736544
0.0	Lycaenops	85.28175763626969	77.35461351851997
0.0	Lycedops	87.61469822305077	86.91716920269926
0.0	Lycideops	83.86099274860716	83.54905743482546
0.0	Lycosaurus	86.19050636516455	83.00979142620166
0.0	Lycosuchus	86.27124516154902	85.59561609064951
0.0	Lystrosaurus_Temperate_N	79.42742444368173	75.98084940687585
0.0	Lystrosaurus_Temperate_S	86.65735879949011	72.25299978579636
0.0	Macromerion	126.63553076771109	125.28697417826628
0.0	Madysaurus	55.50955046707707	53.60230546456232
0.0	Malasaurus	82.87852244014138	82.61319419506277
0.0	Mandagomphodon	71.37450832869577	67.37038000966359
0.0	Martensius	112.34199782704498	111.62098830901853
0.0	Massetognathus	65.16630742434344	59.73397680589716
0.0	Mastersonia	96.62223601689479	95.8276739031106
0.0	Maubeugia	29.801370081562773	29.086801530539596
0.0	Megawhaitsia	83.30654683484202	81.86140626094863
0.0	Melanedaphodon	132.9267678910139	131.8896132293675
0.0	Menadon	61.74373266547851	50.80635021199278
0.0	Mesenosaurus_Temperate_N	98.3578841981114	89.13746312952104
0.0	Mesenosaurus_Tropical_S	109.40963588726896	108.68109528755421
0.0	Meurthodon	30.73922095693052	30.041957911166126
0.0	Microconodon	62.61971722897031	41.1603947149275
0.0	Microgomphodon	76.25920257948526	67.2435200030941
0.0	Microhelodon	70.31217101355364	69.9119797359673
0.0	Microscalenodon	32.30509982047011	26.76565329634966
0.0	Microsyodon	96.76298324395866	92.09173051123075
0.0	Microurania	87.46615978808047	82.40857152006171
0.0	Microvaranops	88.02059872769385	84.30394956829292
0.0	Microwhaitsia	84.60673199555784	81.07305523523559
0.0	Milosaurus	127.02088225878452	125.98493382632547
0.0	Minicynodon	39.78513045673072	38.60570530386205
0.0	Mirotenthes	85.7582811345979	81.96491503909803
0.0	Mitredon	29.562303563841645	28.85122096820451
0.0	Mobaceras	86.74057867877367	86.05968407512195
0.0	Moghreberia	61.66549730604856	29.11008837364871
0.0	Mojo	28.125267844585526	27.38885436987811
0.0	Molybdopygus	91.46020658024237	90.65102080671743
0.0	Morganucodon	29.45396680488641	26.037724531210298
0.0	Mormosaurus	92.11795483975897	83.72593426158956
0.0	Moschops	89.76329982325996	81.69654626798824
0.0	Moschorhinus	84.99714213248558	72.04442046531886
0.0	Moschowhaitsia	85.2712929276152	82.39671884033673
0.0	Muchia	86.97269378147911	86.27952174550562
0.0	Mucrotherium	27.269085296415025	26.53347079604461
0.0	Mupashi	83.22688058428204	82.9539340921601
0.0	Mycterosaurus	115.37022596672399	97.68826999863363
0.0	Myosauroides	81.78291807003741	81.51464586913347
0.0	Myosaurus	76.78276493254909	72.1009454417337
0.0	Nanictidops	84.08788846719969	83.71756136764424
0.0	Nanictocephalus	83.17837739015752	82.90481644431917
0.0	Nanictosaurus	80.60100482253965	79.10610290537184
0.0	Nanocynodon	88.43777579663245	87.73820561322992
0.0	Nanogomphodon	62.590832801848066	62.06084202190093
0.0	Neosaurus	121.20397548804905	120.08899227352562
0.0	Niaftasuchus	94.26653199344156	88.48599446422574
0.0	Niassodon	80.80213931856827	80.53405288198435
0.0	Nikkasaurus	95.07006923908716	88.53026214734598
0.0	Nitosaurus	128.77233859734577	127.71625005169967
0.0	Niuksenitia	86.08258193116369	85.4320402787056
0.0	Nochnitsa	85.90977500427442	85.27346310615681
0.0	Notaelurodon	78.26625252593878	77.99607098733833
0.0	Nothogomphodon	69.4958629314213	68.15356753327167
0.0	Notosyodon	87.52538159349596	86.80857709575697
0.0	Nshimbodon	82.2572324291132	81.9954755237443
0.0	Nythosaurus	70.03517765287238	69.63795470884702
0.0	Odontocyclops	85.31869027889668	79.50131416153982
0.0	Oedaleops	126.70567538690354	112.10768034225677
0.0	Oligokyphus	32.05765822841093	29.445120908297476
0.0	Olivierosuchus	76.32097068280483	71.6262375156651
0.0	Ophiacodon	128.88351952784683	97.726701748849
0.0	Ophidostoma	81.95021496250217	81.68724083835846
0.0	Ordosiodon	71.65755525891248	70.20218831641556
0.0	Oromycter	114.78222814302713	113.88687491763898
0.0	Otsheria	90.10244983148064	89.29418386947926
0.0	Oudenodon_Temperate_S	87.32476410523535	76.9519900201795
0.0	Pachydectes	85.22796318815229	84.69731563331037
0.0	Palemydops	83.07662486401927	78.95005036735105
0.0	Pampaphoneus	92.16898318502756	84.04530250858377
0.0	Panchetocynodon	76.4128624908434	76.15871515473705
0.0	Parabradysaurus	97.68660751610808	92.86833621198929
0.0	Paraburnetia	81.33183980380338	81.06691759649165
0.0	Paragalerhinus	80.84446787414419	80.57512034391806
0.0	Parakannemeyeria_Temperate_N	72.00532226156676	62.15495577413424
0.0	Parasuminia	85.21044091779466	84.67996594499277
0.0	Paratraversodon	66.69161846326864	61.533565369433894
0.0	Pardosuchus	86.15795722123181	85.50509007421616
0.0	Pascualgnathus	61.295888338972006	52.847051034810846
0.0	Patranomodon	91.45596325128466	88.9186974581619
0.0	Pelanomodon	85.25578789031862	76.79119868651878
0.0	Pelictosuchus	82.49255453958341	81.51515940473274
0.0	Pentasauropus_Temperate_S	66.45617728087333	34.1728359648224
0.0	Pentasauropus_Tropical_N	40.576962786741454	39.49422314928391
0.0	Pentasaurus	31.961688352666584	31.271083156450477
0.0	Peramodon	85.97632751395264	83.76504381656484
0.0	Perplexisaurus	92.2625166354555	84.45373005600163
0.0	Phocosaurus	87.09697858874773	86.05812997526799
0.0	Phreatophasma	100.57081964675248	99.16220611016087
0.0	Phthinosaurus	95.13865323055654	90.41039847030598
0.0	Placerias	60.271135212941886	32.560070688058474
0.0	Planitorostris	66.44586345546738	66.19018346458469
0.0	Platycraniellus	76.6657898319595	73.1318864482483
0.0	Platycyclops	84.32276336247644	83.86583778685333
0.0	Platypodosaurus	85.17467637999258	79.11261931378138
0.0	Plinthogomphodon	44.44564449037039	43.074290676038615
0.0	Polonodon	59.66013583727223	57.95385481873416
0.0	Polycynodon	81.26392802094256	80.99494888383474
0.0	Porosteognathus	90.8140519583658	88.06395716595473
0.0	Pravoslavlevia	86.62458756368615	85.95493329496654
0.0	Pristerodon_Temperate_S	89.19369512103523	79.090622440845
0.0	Pristerognathoides	89.48383794512291	84.44521937792211
0.0	Pristerognathus	89.72528070582247	85.17109630729274
0.0	Pristerosaurus	87.70825798762378	87.01652612361855
0.0	Probainognathus	67.19985460602351	53.028685466060175
0.0	Proburnetia	85.01469088068451	84.54702256106012
0.0	Procynosuchus_Temperate_N	86.58376455795853	82.09067540598305
0.0	Procynosuchus_Temperate_S	84.91041219507073	75.07780356598005
0.0	Prodicynodon	80.59529219402617	79.98372201508529
0.0	Progalesaurus	76.99881650526369	76.77415590002987
0.0	Promoschorhynchus	85.55783094852661	76.69387544784688
0.0	Prosictodon	91.0070077046868	90.19617793560866
0.0	Protheriodon	64.55276743986002	64.31371143665193
0.0	Protuberum	65.83458354372713	63.61534105706026
0.0	Prozostrodon	57.23042043283937	34.86933427748993
0.0	Pseudotherium	57.703352054839236	55.866745896680236
0.0	Pseudotriconodon_Temperate_N	43.41264924596437	27.208058303261286
0.0	Pseudotriconodon_Tropical_N	35.245442019579	33.846278422798115
0.0	Ptomalestes	89.06938423536333	84.90798336479874
0.0	Purlovia	85.69503068555129	81.81446847238618
0.0	Putillosaurus	75.48030835379848	75.22285091651823
0.0	Pyozia	91.8801042660115	91.05002523053489
0.0	Rabidosaurus	69.5920092003537	67.79892801129888
0.0	Raranimus	95.99889729842347	95.18078846363244
0.0	Rastodon	85.92606277678712	85.29368951803987
0.0	Rechnisaurus	70.10761490652095	67.97552569702763
0.0	Redondagnathus	34.38713605939751	32.972982803928666
0.0	Regisaurus	75.57839764247419	74.04005724180246
0.0	Reiszia	92.13600989059836	90.69918517545044
0.0	Remigiomontanus	127.25980303545298	126.18867595518445
0.0	Repelinosaurus	76.70479640436479	76.4684702236074
0.0	Rewaconodon_Temperate_S	58.53768464526243	56.54489232967509
0.0	Rewaconodon_Tropical_S	34.16274689752789	32.79323076723993
0.0	Rhachiocephalus	84.89430672834956	79.23964718468264
0.0	Rhadiodromus	70.85570040601533	66.55708656078939
0.0	Rhinodicynodon	68.41426770703521	68.02282317590326
0.0	Rhopalodon	91.5265412496072	90.33440257775986
0.0	Riebeeckosaurus	86.40256724352632	85.73304984158786
0.0	Riograndia	49.61762851468377	32.795281406163184
0.0	Riojanodon	63.263276973216044	63.02120547418857
0.0	Robertia	89.30181680269118	84.44823342602147
0.0	Rosieria	33.75565239777992	29.676891344591915
0.0	Ruberodon	53.15286069804177	51.61553020056183
0.0	Rubidgea	84.51943711786967	76.70025633724437
0.0	Ruhuhucerberus	83.08171344395575	79.24877375685949
0.0	Ruthenosaurus	110.15221870938507	109.39853504737901
0.0	Ruthiromia	126.5582211317274	125.54831321972743
0.0	Sangusaurus	71.7798125242604	59.47274971592638
0.0	Santacruzgnathus	59.37095055172261	57.540359259953355
0.0	Santacruzodon	60.0449442453825	51.253664298035574
0.0	Santagnathus	52.75102420691265	33.296735510106814
0.0	Sauroctonus_Temperate_N	88.7016105987226	88.01380956944851
0.0	Sauroctonus_Temperate_S	80.86949022372525	80.60392153344871
0.0	Sauroscaptor	85.47618753213304	78.47642305119278
0.0	Scalenodon	71.82191246819188	65.90854502399932
0.0	Scalenodontoides	54.03128479739196	30.63526051961446
0.0	Scalopocephalus	83.55833666863029	83.2809344116108
0.0	Scalopodontes	87.96613235733003	87.25647177878703
0.0	Scalopognathus	76.81040459538967	76.57541383580744
0.0	Scaloporhinus	84.59937417902213	84.0444382270326
0.0	Scaloposaurus	85.60963655034325	72.19319715903784
0.0	Scaloposuchus	79.65437719389806	79.38715626655842
0.0	Scylacoides	81.65604746254513	81.38912123361158
0.0	Scylacops	83.0408826194692	78.8944563721759
0.0	Scylacosaurus	89.75703844326885	78.38036697273297
0.0	Scylacosuchus	87.60361240559611	86.9081935921257
0.0	Scymnosaurus	89.54397266159009	85.05747510173425
0.0	Secodontosaurus	115.15139460845559	100.35152289942029
0.0	Sesamondontoides	68.95814462717654	68.55937477103078
0.0	Shaanbeikannemeyeria	70.86407777389793	66.83300402763537
0.0	Shansiodon_Temperate_N	72.03995936652065	69.63714251340032
0.0	Shansiodon_Temperate_S	69.59311988471097	69.18991157898706
0.0	Shashajaia	121.78479606980311	120.7416171227181
0.0	Shiguaignathus	77.41092605295832	77.119672031751
0.0	Silphedosuchus	75.7585852129503	75.50518773474568
0.0	Silphoictidoides	85.3673701365058	82.08219527765003
0.0	Sinoconodon	28.93817653147926	28.211255281938637
0.0	Sinognathus	69.09461447221673	68.69291926645653
0.0	Sinokannemeyeria	72.88435270426363	58.41664154222545
0.0	Sinophoneus	98.42680040067552	94.56459612407035
0.0	Sintocephalus	84.291089999564	83.85906904487557
0.0	Siriusgnathus	58.24500467631347	34.342426938059255
0.0	Sludica	87.34030470976302	84.28144030114885
0.0	Smilesaurus	85.69472433424616	78.76247744384506
0.0	Sphenacodon	132.3201303410947	110.74853363443924
0.0	Stahleckeria	69.13954753036735	60.31984349066425
0.0	Steppesaurus	97.27781745966156	96.51049869166737
0.0	Stereophallodon	114.74700514218895	113.84398939385493
0.0	Stereorhachis	127.87654258245773	126.81499158040064
0.0	Struthiocephaloides	88.61594524748948	85.54179062686316
0.0	Struthiocephalus	88.46221011817396	84.48175709977532
0.0	Styracocephalus	88.77165266780501	87.881504841614
0.0	Suchogorgon	89.24650916006244	85.93255390385606
0.0	Suminia	89.34980530268251	84.43050826471242
0.0	Sungeodon	76.84420534124857	76.61270405227313
0.0	Sycosaurus	85.16333238680676	81.55336425269515
0.0	Syodon	102.23995555467084	85.38286807470895
0.0	Syops	85.60512623008174	78.35040203973139
0.0	Sysphinctostoma	68.62346935063188	67.56986328748388
0.0	Tambacarnifex	110.25879643282323	109.53209773206102
0.0	Tamboeria	86.11617389192531	85.45936901884502
0.0	Taoheodon	84.0302286460084	83.68919823821916
0.0	Tapinocaninus	89.79594271641896	89.01751893190384
0.0	Tapinocephalus	90.03033341179766	84.20879594705961
0.0	Tappenosaurus	105.57303578196795	95.28981632428206
0.0	Taurocephalus	87.7333631465915	87.02914828251849
0.0	Tenuacaptor	129.85960862722933	128.8201114171881
0.0	Tessellatia	35.53605404569391	34.147622578905306
0.0	Tetraceratops	102.45248291628671	101.19515072074901
0.0	Tetracynodon	85.56818193074152	71.79605041806015
0.0	Tetragonias	72.200356648859	69.06494110617535
0.0	Theriognathus	84.88728289415052	67.45451998742088
0.0	Therioherpeton	48.59308676765716	47.30793703250463
0.0	Therioides	86.32781285219428	85.68296873627395
0.0	Theroteinus	32.89673148934157	32.27723916708631
0.0	Thliptosaurus	79.76252593861882	79.49439500474838
0.0	Thomasia	33.7256629550819	26.39382821602549
0.0	Thrinaxodon	76.9636883408465	72.13969953242292
0.0	Tiarajudens	91.88324605818273	91.05846064261561
0.0	Tigrisuchus	84.19026679358194	82.25421995338756
0.0	Tikitherium	59.06440277944433	57.26583759556429
0.0	Titanophoneus	92.35341278682642	88.45696212010087
0.0	Titanosuchus	89.24395761114087	84.48720100584974
0.0	Traversodon	66.58322430946386	57.71991903637917
0.0	Traversodontoides	69.12725015171003	68.72302733521067
0.0	Trichasaurus	102.74911031270864	101.4913160728131
0.0	Tricuspes	39.710329181460146	25.99995347212258
0.0	Trirachodon	71.79412783742985	66.66567142719369
0.0	Tritylodon	39.35606827283787	38.20205743008247
0.0	Trochorhinus	84.99077427868029	84.52550009704487
0.0	Trochosaurus	87.13315790688885	84.47661121895351
0.0	Trochosuchus	85.43543804570268	84.86538242009833
0.0	Tropidostoma	86.61548862709441	79.90024210063171
0.0	Trucidocynodon	59.47534540888056	32.77762033662659
0.0	Turfanodon_Temperate_N	83.6751266385069	76.12631277069019
0.0	Ufudocyclops	70.60327433449748	67.41124816207703
0.0	Ulemica	92.79303656290786	85.89983557743483
0.0	Ulemosaurus	91.37872021303654	85.66897847093831
0.0	Uniserium	31.001758367453387	30.315726730248056
0.0	Uralocynodon	87.1721672602351	86.49271553782232
0.0	Uralokannemeyeria	71.2278524536505	66.33461671404606
0.0	Urumchia	76.70108708582256	76.45410443769826
0.0	Ustia	88.23640889073198	87.53047281753872
0.0	Varanodon	95.26123506746316	94.44595762448684
0.0	Varanops	114.99098151124245	97.449908306857
0.0	Varanosaurus	114.00665210699961	98.681624386981
0.0	Vaughnictis	123.15436758270116	112.7306904739923
0.0	Venyukovia	92.06359152573214	91.25799326622659
0.0	Vetusodon	84.90162236876617	84.2621360381171
0.0	Viatkogorgon	88.6748507787792	84.2074554099669
0.0	Viatkosuchus	90.10687311125845	83.94554714740086
0.0	Vinceria	69.88425345151457	68.21582775341945
0.0	Vivaxosaurus	88.59115611640922	81.70763871400574
0.0	Wadiasaurus	70.4637934556525	70.06183413602989
0.0	Walteria	85.17518278323611	84.65132237369434
0.0	Wantulignathus	92.99875373773094	92.17920055556357
0.0	Watongia	94.71446986399448	93.91084744846869
0.0	Woutersia	31.740818526355277	27.36688534714107
0.0	Woznikella	61.964582659256116	49.60537509350896
0.0	Xiyukannemeyeria	72.34533738727028	61.776562777558354
0.0	Xyrospondylus	131.79722227396388	128.71855588407035
0.0	Yikezhaogia	68.55225809213779	68.157935298715
0.0	Zambiasaurus	68.35402815184794	67.96572722395048
