clade	species	ts	te
0.0	Abajudon	116.13740314973407	84.22925247202956
0.0	Abdalodon	79.96840585508376	79.69274268955373
0.0	Acratophorus	61.12483661227357	56.86246894013497
0.0	Adelobasileus	41.59678708212603	40.260322160626394
0.0	Aelurognathus_Temperate_S	85.06281009126148	76.94969239635662
0.0	Aelurosaurus	98.1871659795792	79.13718237170896
0.0	Aelurosuchus	72.02191430613183	71.68767798270119
0.0	Aerosaurus	125.61438180620335	116.51188282698139
0.0	Akidnognathus	81.45993726008813	79.69596765309305
0.0	Alemoatherium	51.81562909303669	50.39777869556696
0.0	Aleodon	70.35495290219721	49.29022571675323
0.0	Alepognathus	87.61367587243333	86.85234309051627
0.0	Alierasaurus	97.56331862517551	96.686950074053
0.0	Alopecideops	85.45973516423949	84.83418270668889
0.0	Alopecodon	88.6103863861831	84.27712354659616
0.0	Alopecognathus	89.0044135723935	84.24947793170641
0.0	Alopecorhinus	82.6492002422022	82.37408554709491
0.0	Aloposaurus	84.48535244404118	79.37944657006001
0.0	Alrausuchus	98.53536197781635	91.29376138373414
0.0	Ameghinichnus	47.86435779511597	46.57913451589793
0.0	Andescynodon	72.92081736791275	57.04197503509202
0.0	Angelosaurus	108.25057785717239	89.83796685196432
0.0	Angonisaurus	68.69075474249804	68.26446729318445
0.0	Annatherapsidus	88.15660002037396	81.35423236937702
0.0	Anningia	88.59147370999275	87.77864028938606
0.0	Anomocephalus	91.60280000128246	90.6010823569047
0.0	Antecosuchus	69.99155511467575	67.13193134219263
0.0	Anteosaurus_Temperate_N	90.93759887528972	89.95164107659244
0.0	Anteosaurus_Temperate_S	88.9286004040187	84.6117147802438
0.0	Apsisaurus	119.52849245602596	118.41733212399755
0.0	Archaeosyodon	90.36690573135836	89.40504423517984
0.0	Archaeothyris	135.0347643917076	131.8282101941355
0.0	Archaeovenator	124.8204933895068	123.6835256247304
0.0	Arctognathus	85.1586289151153	78.98495263005643
0.0	Arctops	85.74025589418589	78.26690917516437
0.0	Arctotraversodon	57.672821743132026	52.851778591149134
0.0	Arisierpeton	112.90778791130822	112.1248989292885
0.0	Aulacephalodon	85.0502704422963	76.84749091036912
0.0	Aulacocephalus	79.68313133670883	79.4037671251326
0.0	Australobarbarus	88.87863928195351	84.18242744472374
0.0	Australosyodon	91.04742798001722	90.06239893926916
0.0	Avenantia	87.00010772789847	86.26356829079792
0.0	Baldwinonus	125.48289596157028	117.17427617177026
0.0	Basilodon	81.67783527289964	77.5539049143834
0.0	Bauria	71.22495148036201	67.26182870785539
0.0	Beishanodon	75.62006028024774	75.36977454840138
0.0	Biarmosuchoides	90.55568649878784	89.59148136387118
0.0	Biarmosuchus	98.067463608848	88.7026776595564
0.0	Biseridens	98.32793386355868	93.19418321277517
0.0	Blattoidealestes	82.15925184101691	81.88523434795793
0.0	Bohemiclavulus	126.714798930519	125.4911656189617
0.0	Bolodon	31.31487919551843	30.670375811024922
0.0	Bolotridon	70.59542202436025	70.16616000029607
0.0	Bonacynodon	67.74919609909732	56.1957501802934
0.0	Boreogomphodon	61.323944846089944	45.981132175081
0.0	Botucaraitherium	39.77210490777417	38.48565808353929
0.0	Brachyprosopus	89.5068674586942	85.11090433865758
0.0	Brachyzostrodon	33.37179974632417	29.27526959837336
0.0	Brasilitherium	44.86041092580587	33.62389330327907
0.0	Brasilodon	51.62775308704584	32.77080555901131
0.0	Brontopus	85.26615249255757	79.80271312288806
0.0	Bulbasaurus	84.05808631402157	80.43722624130929
0.0	Bullacephalus	89.4773865804455	88.61205594200067
0.0	Burnetia	83.67378864421991	83.36780952361724
0.0	Cabarzia	119.52637654005433	118.42680071668984
0.0	Callibrachion	111.24502969945291	110.47748020028276
0.0	Candelariodon	65.01759630377066	64.79649485800294
0.0	Caodeyao	78.04747935816332	77.7644007424548
0.0	Casea	110.7980951112931	96.77576200807766
0.0	Caseoides	100.41461315170268	92.89600952163222
0.0	Caseopsis	100.84233080211673	96.05806567948169
0.0	Cerdodon	95.64474971790895	94.6504968551866
0.0	Cerdorhinus	80.58008505922578	80.3057587617683
0.0	Cerdosuchus	77.23136776252468	76.94648464917518
0.0	Chalepotherium	29.24548555569474	28.60328906830422
0.0	Chaliminia	47.21986143383407	33.18659826193722
0.0	Charassognathus	84.73930223873965	84.10308817462504
0.0	Charruodon	52.56840708273605	51.035912175712994
0.0	Chiniquodon	67.55982260295279	45.3352157596248
0.0	Choerosaurus	90.67177073627833	82.85989776092961
0.0	Chthomaloporus	90.02387678480713	89.10954297562022
0.0	Chthonosaurus	85.82227328797958	82.88748580326293
0.0	Cistecephaloides	81.25961674655262	80.98156965797327
0.0	Cistecephalus	84.75224492129942	79.06585362486302
0.0	Cistecynodon	70.00912703045093	69.58958017184729
0.0	Clelandina	85.49130209822025	79.4620116287522
0.0	Clepsydrops	132.07860684351874	101.99610161642782
0.0	Colobodectes	86.2446420768182	79.26568145189233
0.0	Compsodon	85.7569407531677	77.99477993189548
0.0	Cotylorhynchus	108.70753663348398	91.78873513645549
0.0	Counillonia	73.43939102418747	73.19016523230701
0.0	Cricodon	70.52828340895157	67.00395515152915
0.0	Criocephalosaurus	90.26064988423825	84.14463160149808
0.0	Cromptodon	67.21165459009012	66.96843802436082
0.0	Cryptocynodon	85.1336618189999	81.53800287530353
0.0	Cryptovenator	126.98636120381443	125.85034173243938
0.0	Ctenorhachis	112.22314625776895	111.46871645301815
0.0	Ctenospondylus	118.34171903226527	110.25049695845358
0.0	Cutleria	119.60939800961015	116.05364426871293
0.0	Cynariognathus	88.24720928972485	86.05335798043816
0.0	Cyniscops	81.97712730761842	81.69321104992865
0.0	Cynognathus	71.83014208624961	50.28806436455966
0.0	Cynosaurus	85.89179404470119	78.74675680262393
0.0	Cyonosaurus	84.87287434583111	76.8999122396838
0.0	Dadadon	58.75858326242184	51.33356969456789
0.0	Dalongkoua	79.10459468843578	78.82505343187027
0.0	Daptocephalus	88.62187967335355	76.9061895345674
0.0	Daqingshanodon	82.35268280664239	82.07519279005639
0.0	Datheosaurus	124.52920862832538	123.3648012381615
0.0	Davletkulia	97.93955973147162	97.05274710411993
0.0	Deccanodon	55.192409438012426	53.81390373214375
0.0	Delectosaurus	84.61041831573955	82.23231639644389
0.0	Delphinognathus	87.25076625898303	86.49591261636309
0.0	Deuterosaurus	91.78382936329994	86.54167012054609
0.0	Diademodon	72.57357446462242	56.12728645056639
0.0	Dicynodon_Temperate_N	92.26917626548776	82.16785317887647
0.0	Dicynodon_Temperate_S	96.11064882186011	62.14998679832133
0.0	Dicynodontipus_Temperate_N	70.67111467425265	70.24729868166612
0.0	Dicynodontipus_Temperate_S	84.26755336191864	61.97217080461132
0.0	Dicynodontoides_Temperate_S	85.35467892304972	73.00613925720266
0.0	Diegocanis	60.83776986355155	59.66343905227155
0.0	Digalodon	85.54891098465544	77.51670649612235
0.0	Diictodon_Temperate_N	79.17517247838977	78.90041330295932
0.0	Diictodon_Temperate_S	90.83825503385833	76.86973201609081
0.0	Diictodontoides	83.25773297358222	82.9769733665147
0.0	Dimacrodon	106.61864789927402	90.81574167879835
0.0	Dimetrodon	124.30825101156886	83.63349275804201
0.0	Dinanomodon	85.77412755916801	71.5601552706493
0.0	Dinodontosaurus	67.1359294561425	58.55492493169493
0.0	Dinogorgon	83.7914120534237	79.65597057126939
0.0	Dinosaurus	90.75667143886326	89.56657556112299
0.0	Dolichuranus	69.84798218373493	69.40949221139977
0.0	Dolomitipes	76.61983419277344	74.86358842684572
0.0	Driveria	97.52875971915743	96.63767040483091
0.0	Dromatherium	42.23706678874828	40.95611798819043
0.0	Dvinia	89.78035504636138	82.07197128058314
0.0	Ecteninion	58.39049138679996	57.00960427833773
0.0	Edaphosaurus	132.79681728972167	97.85678574872986
0.0	Elcabrosaurus	126.05201593588177	124.88575048773099
0.0	Elephantosaurus	64.7272938143586	64.50726785987949
0.0	Elliotsmithia	89.5799024283127	88.69989395571834
0.0	Elph	87.00711598467248	85.6589052368482
0.0	Emydochampsa	83.91951534285336	83.58987011251007
0.0	Emydops	97.74563105423591	79.08312219699526
0.0	Emydorhinus	85.88005325743127	79.04693195074928
0.0	Emydorhynchus	82.77879639661397	82.50080799560257
0.0	Emyduranus	85.64793785216705	80.06514363634888
0.0	Endothiodon_Temperate_S	106.4297777795084	79.03585223427888
0.0	Endothiodon_Tropical_S	85.56934217812145	76.89606161144172
0.0	Ennatosaurus_Temperate_N	98.13381063906522	90.78945671414996
0.0	Ennatosaurus_Tropical_N	86.48632457961213	85.76722375333873
0.0	Eocasea	127.66087028188055	126.54804188776455
0.0	Eodicynodon	95.0606762426227	89.23823472064834
0.0	Eoraetia	30.28477030166229	29.639450587065543
0.0	Eosimops	88.78469623077888	79.03051979538398
0.0	Eothyris	109.18578477607228	108.3084902510914
0.0	Eozostrodon	27.552847986915555	26.10859354681612
0.0	Ericiolacerta	75.56342760602942	71.52266097850637
0.0	Eriphostoma	90.23307482976742	77.23321983882165
0.0	Estemmenosuchus	93.46917483859039	89.1678855223704
0.0	Eubrachiosaurus	57.070904439235726	55.64650170770818
0.0	Euchambersia	80.27110714078155	79.99324881662336
0.0	Euptychognathus	80.85050321015154	80.57093722818014
0.0	Euromycter	104.98408344967106	103.70516386841878
0.0	Exaeretodon_Temperate_S	65.38787101611234	33.34598473266519
0.0	Exaeretodon_Tropical_N	69.04639437947267	68.62712698153824
0.0	Fluctuodon	30.50163305021009	29.85569478152296
0.0	Galechirus	88.24442543524779	86.93994165170375
0.0	Galeops	85.90188102927723	81.90064966667784
0.0	Galesaurus	77.07365153214268	72.9421452088241
0.0	Gaumia	41.63214378280256	26.054045647210582
0.0	Geikia_Temperate_N	78.83040723627043	78.55686571803288
0.0	Geikia_Temperate_S	84.45118525880844	80.25422599092776
0.0	Glanosuchus	90.28490524872286	85.31924372844499
0.0	Glaucosaurus	107.84185271994131	106.56821255661477
0.0	Gomphodontosuchus	59.7661121217756	54.97764032191572
0.0	Gondwanadon	59.222229405178176	57.814661290028226
0.0	Gordonia	79.27428363254069	77.0730549847247
0.0	Gorgodon	107.2937798133742	90.24434891096854
0.0	Gorgonops	88.91149115882652	78.58851884831417
0.0	Gorochovetzia	87.07044075916171	86.32330519337827
0.0	Gorynychus	88.31068699366128	83.97626069262583
0.0	Habayia	33.79315138661094	32.674464728809575
0.0	Hahnia	32.388049206776415	31.74223648677313
0.0	Hallautherium	33.670787735075436	32.65944469419641
0.0	Haptodus	131.36775702903222	108.59473549203302
0.0	Haramiyavia	32.75682532788095	27.261916737732307
0.0	Hazhenia	68.52947213641072	68.12012251624958
0.0	Heleosaurus	85.40412452311975	84.80078926093908
0.0	Helvetiodon	28.249118760569754	27.595923657030628
0.0	Herpetoskylax	86.02551135830161	78.11965658087065
0.0	Hipposaurus	89.85943508156043	84.63746664643753
0.0	Hofmeyria	85.34842514386126	79.07480371703491
0.0	Homodontosaurus	85.6520439409358	76.67256901524016
0.0	Hwanghocynodon	84.8903678186426	84.3753298411507
0.0	Hyaenasuchus	86.93217550349607	86.18678002813918
0.0	Hypselohaptodus	122.97525464628504	121.83718366797866
0.0	Hypsiprymnopsis	31.986885494667284	31.344863346112458
0.0	Ianthasaurus	131.33684429586634	128.54931809660067
0.0	Ianthodon	130.33828637034492	129.18840968176028
0.0	Ichibengops	84.32137032152677	82.27222609192312
0.0	Icticephalus	83.64079653581685	83.35105107549876
0.0	Ictidochampsa	84.9215895907313	84.27564966084802
0.0	Ictidognathus	81.81995108132016	80.00584821606702
0.0	Ictidorhinus	81.42009255031675	81.1420732725006
0.0	Ictidosaurus	93.12699166407296	85.15354210697367
0.0	Ictidosuchops	84.93536202996526	77.70602061156248
0.0	Ictidosuchus	83.03913737889766	82.76160969399942
0.0	Idelesaurus	89.1654031372934	88.33063820544798
0.0	Impidens	72.2306679925639	71.9134695935432
0.0	Inostrancevia_Temperate_N	90.10012827933892	82.31016912424717
0.0	Inostrancevia_Temperate_S	79.70625138928816	79.43385445008484
0.0	Interpresosaurus	83.21177873464853	82.93783888245734
0.0	Irajatherium	46.1958090358186	33.29617321016601
0.0	Ischigualastia	61.43076538239032	51.50408230197262
0.0	Isengops	83.24277483891504	82.9563060882972
0.0	Jachaleria	63.99047574815178	35.40799048312457
0.0	Jimusaria_Temperate_N	80.09481936706915	76.84569112670869
0.0	Jiufengia	84.10270581986681	83.71867117925252
0.0	Jonkeria	90.3535590516886	78.97594434083634
0.0	Julognathus	88.51305685837013	87.71337218641872
0.0	Kamagorgon	102.27117162190119	96.26590786811954
0.0	Kannemeyeria	75.03432879035734	67.1013335806026
0.0	Karenites	88.55731013950766	85.12144437164892
0.0	Kataigidodon	37.24586280953242	35.82693030624528
0.0	Katumbia	84.35575503955599	79.17080156549378
0.0	Kawingasaurus	84.09891913795384	78.7940328671039
0.0	Kembawacela	84.97546762292515	76.95263518796408
0.0	Kenomagnathus	129.62338489563493	128.50226735879517
0.0	Keratocephalus	89.77811077567833	84.24637077443734
0.0	Keyseria	78.29703086644712	78.01956502438985
0.0	Kitchinganomodon	85.87324679337635	76.11923785219706
0.0	Knoxosaurus	108.55441796837592	97.42363715576374
0.0	Kombuisia	69.88453635730812	67.82236277839088
0.0	Kotelcephalon	87.26509720350775	86.52749968781548
0.0	Kuehneotherium	35.021063508198544	26.491928300707606
0.0	Kunpania	80.73832897277893	80.45968404009342
0.0	Kwazulusaurus	84.48376540194214	83.95951147545586
0.0	Lalieudorhynchus	91.23003532722146	90.21111589242605
0.0	Langbergia	75.00030457574914	72.02095339063163
0.0	Lanthanostegus	89.97307682534488	87.61001265769629
0.0	Lemurosaurus	81.57015694620205	78.6310147153031
0.0	Lende	84.83230617623917	84.17466521820894
0.0	Leogorgon	85.0968376377643	83.68847051911891
0.0	Leontosaurus	85.8085491744672	76.55578379754618
0.0	Lepagia	31.974073954067876	29.149696732007357
0.0	Leucocephalus	81.39300026217693	81.11807473822802
0.0	Lisowicia	30.965016877667942	30.331646945963218
0.0	Lobalopex	79.32718922599622	79.05465928064851
0.0	Lophorhinus	83.31016373604568	83.02419546107134
0.0	Luangwa	70.31297960026896	51.378099841724065
0.0	Lumkuia	72.23190056124959	71.9099745433316
0.0	Lupeosaurus	123.8045330716907	122.70079537686847
0.0	Lycaenodon	84.00877139546341	78.31075033429275
0.0	Lycaenops	85.38086266683675	77.06823303264805
0.0	Lycedops	85.811168542109	85.14254907880266
0.0	Lycideops	80.96370962964019	80.68869817823888
0.0	Lycosaurus	88.84072091126647	79.909788122851
0.0	Lycosuchus	88.33588886898097	87.57171520261892
0.0	Lystrosaurus_Temperate_N	79.3551482725959	75.91926466538979
0.0	Lystrosaurus_Temperate_S	88.75165090021709	72.19926957817977
0.0	Macromerion	126.79109835953787	125.70674803848068
0.0	Madysaurus	57.82154743058485	56.32823547714145
0.0	Malasaurus	82.83481141098261	82.55845779645618
0.0	Mandagomphodon	72.45641271008974	68.48220078775303
0.0	Martensius	114.65289555808927	113.66876070775288
0.0	Massetognathus	67.51622972100293	58.33187365241676
0.0	Mastersonia	105.86693649385074	104.53664293056173
0.0	Maubeugia	31.04895505592533	30.40620572525318
0.0	Megawhaitsia	84.67254604671324	82.5785458351046
0.0	Melanedaphodon	135.25803970251658	134.18414165294683
0.0	Menadon	66.91050592818004	54.762089362412674
0.0	Mesenosaurus_Temperate_N	98.37340069984756	89.17641728262446
0.0	Mesenosaurus_Tropical_S	115.43580580258494	114.35626530171362
0.0	Meurthodon	30.0062451898127	29.38491051418601
0.0	Microconodon	56.10002506553172	32.73539587698725
0.0	Microgomphodon	74.77778672020465	67.33151978520132
0.0	Microhelodon	67.57292149179729	67.23644681101528
0.0	Microscalenodon	33.041460841837825	32.12638785449493
0.0	Microsyodon	101.60769981094685	94.78290536061157
0.0	Microurania	93.47713079483312	81.49316483621035
0.0	Microvaranops	90.06579498861093	85.43148780323695
0.0	Microwhaitsia	85.80578607339079	78.25757348017507
0.0	Milosaurus	125.36318932249722	124.21049045548929
0.0	Minicynodon	50.36498217192496	49.02197799946291
0.0	Mirotenthes	85.1973253147678	82.45607781035753
0.0	Mitredon	31.395323159206267	30.74700580419302
0.0	Mobaceras	95.81845779039674	94.78550774000995
0.0	Moghreberia	60.05721240966567	25.810804439436485
0.0	Mojo	29.249005079195094	28.60929667878675
0.0	Molybdopygus	91.55709457731152	90.52843400434125
0.0	Morganucodon	30.44380555276246	25.954450601309212
0.0	Mormosaurus	95.16218411083715	85.62545281745483
0.0	Moschops	89.409019833181	83.62892789623893
0.0	Moschorhinus	85.34042285447408	71.83105822112611
0.0	Moschowhaitsia	83.75873494818293	82.55212629427932
0.0	Muchia	89.09349197417151	88.28546642151157
0.0	Mucrotherium	31.498356382113467	30.8511927532471
0.0	Mupashi	83.62829101933279	83.32668841237154
0.0	Mycterosaurus	112.41433491114788	98.43579080830543
0.0	Myosauroides	81.72808483326507	81.44821980168652
0.0	Myosaurus	76.97313521388803	71.84274539903623
0.0	Nanictidops	82.85047403022489	82.57247832407336
0.0	Nanictocephalus	81.10724266358893	80.82820489971117
0.0	Nanictosaurus	84.92869658876896	76.69931569532199
0.0	Nanocynodon	88.49351392971641	87.69598735386639
0.0	Nanogomphodon	62.48339030399001	61.82509704011652
0.0	Neosaurus	121.7822384867582	120.6548056481553
0.0	Niaftasuchus	93.13975794203954	88.79270835642498
0.0	Niassodon	82.13435664743906	81.86134842207966
0.0	Nikkasaurus	94.73846966984172	88.78937606422875
0.0	Nitosaurus	125.54947492370489	124.39539150006547
0.0	Niuksenitia	87.12992897594468	86.38879263537038
0.0	Nochnitsa	86.59047479310541	85.85312981507325
0.0	Notaelurodon	83.03389258153302	82.75991113993749
0.0	Nothogomphodon	72.39175426220883	70.69253283179985
0.0	Notosyodon	86.8646776522982	86.11089200750074
0.0	Nshimbodon	79.79663650125715	79.51632372069528
0.0	Nythosaurus	69.78542043444304	69.3586018709441
0.0	Odontocyclops	85.07547206615317	79.11407542228586
0.0	Oedaleops	124.95980319570874	110.60559382429763
0.0	Oligokyphus	34.898431787598994	26.881187265978593
0.0	Olivierosuchus	77.2795927451022	73.22691322276897
0.0	Ophiacodon	132.2045662597578	97.65162038512047
0.0	Ophidostoma	81.38684207878602	81.11022156911258
0.0	Ordosiodon	72.6687482444378	65.8397903194385
0.0	Oromycter	112.14334059262134	111.39907416118109
0.0	Otsheria	91.8236924870936	90.81040590603216
0.0	Oudenodon_Temperate_S	88.90936981487366	76.94732600176405
0.0	Pachydectes	85.5083037393943	84.88897450688991
0.0	Palemydops	84.40154960334934	79.12065140183763
0.0	Pampaphoneus	90.77396147514492	89.26118260969064
0.0	Panchetocynodon	74.61482373051611	74.36477968385832
0.0	Parabradysaurus	103.30667133659023	92.09774685854153
0.0	Paraburnetia	83.4502174705694	83.16754056936448
0.0	Paragalerhinus	83.6928720136045	83.39729335507515
0.0	Parakannemeyeria_Temperate_N	72.17479066926985	67.78350830303604
0.0	Parasuminia	88.60577445096943	87.82015741951699
0.0	Paratraversodon	65.09813861398132	52.6164594924135
0.0	Pardosuchus	88.99941378152425	88.19705803711739
0.0	Pascualgnathus	60.46175809605935	53.558973390552
0.0	Patranomodon	91.44847823258795	89.66851686335885
0.0	Pelanomodon	85.2877952171373	76.63939462291958
0.0	Pelictosuchus	85.16006679927452	76.75462584267231
0.0	Pentasauropus_Temperate_S	67.19404962997926	31.989962956182467
0.0	Pentasauropus_Tropical_N	50.94298624330924	49.54967961221056
0.0	Pentasaurus	36.12635634952996	34.70739793248913
0.0	Peramodon	90.15517979613969	83.83830493811739
0.0	Perplexisaurus	90.02598840117686	85.55730746047982
0.0	Phocosaurus	89.49384919116018	85.99955503618918
0.0	Phreatophasma	102.06811083738525	100.61984762013174
0.0	Phthinosaurus	93.38172851688562	90.72920996033534
0.0	Placerias	56.72774667103533	33.45833663409997
0.0	Planitorostris	62.24505894074997	61.20942081434819
0.0	Platycraniellus	74.15553244925366	73.21023182297417
0.0	Platycyclops	82.41342692281891	82.12901324642634
0.0	Platypodosaurus	84.14458100933773	79.01802942334774
0.0	Plinthogomphodon	42.02163317273909	40.64429428351381
0.0	Polonodon	56.7709313804163	55.3686041452942
0.0	Polycynodon	82.04737153544343	81.77497695838684
0.0	Porosteognathus	89.67090229050483	85.15300932054666
0.0	Pravoslavlevia	82.2882846467331	82.01622827987919
0.0	Pristerodon_Temperate_S	89.36529109699563	79.13721117403138
0.0	Pristerognathoides	89.53007563503549	83.45194107996066
0.0	Pristerognathus	87.62259135863482	84.73493032202028
0.0	Pristerosaurus	88.31062502868984	87.54462280879417
0.0	Probainognathus	67.4605341085266	56.88399728551711
0.0	Proburnetia	87.98764671523948	87.2123231517709
0.0	Procynosuchus_Temperate_N	87.02807485446479	80.37162411663445
0.0	Procynosuchus_Temperate_S	85.18157925398658	74.99362273246146
0.0	Prodicynodon	82.80259807221546	79.69208270020309
0.0	Progalesaurus	76.83711423971447	76.60177872305371
0.0	Promoschorhynchus	85.32743565147611	77.6777160546108
0.0	Prosictodon	94.31755215457109	93.29849060815927
0.0	Protheriodon	64.69075957163203	64.46841627215841
0.0	Protuberum	67.80800441431859	63.43550594405484
0.0	Prozostrodon	60.258949497185675	32.25767736250992
0.0	Pseudotherium	55.61259239156263	54.13935691620252
0.0	Pseudotriconodon_Temperate_N	41.786232634034256	26.383560336183784
0.0	Pseudotriconodon_Tropical_N	43.18834520789581	41.94607458966386
0.0	Ptomalestes	88.12388188024858	84.39595203530777
0.0	Purlovia	83.37182623349854	82.04695261029156
0.0	Putillosaurus	74.23222584448685	73.98178494910664
0.0	Pyozia	96.42809359826381	95.46001460577502
0.0	Rabidosaurus	71.32803569457054	67.4130800051945
0.0	Raranimus	96.9912524535024	95.99886042411401
0.0	Rastodon	87.41660791179706	86.66659674759579
0.0	Rechnisaurus	71.24015192505301	67.18859096586722
0.0	Redondagnathus	38.82591164374814	37.549396170964506
0.0	Regisaurus	75.23839315344225	72.5901992768364
0.0	Reiszia	95.3972221410252	88.99792328988458
0.0	Remigiomontanus	122.97427008166072	121.84619348709944
0.0	Repelinosaurus	76.88413889442353	76.65927262116492
0.0	Rewaconodon_Temperate_S	61.38773817506445	53.97064428554594
0.0	Rewaconodon_Tropical_S	50.20155974399566	48.77221086992249
0.0	Rhachiocephalus	83.76710027800527	79.71942066984892
0.0	Rhadiodromus	69.98574271652473	68.15286965108722
0.0	Rhinodicynodon	68.00566843692108	67.60887028137843
0.0	Rhopalodon	90.99598437069189	89.62302788618867
0.0	Riebeeckosaurus	88.58024268910846	87.8089307902466
0.0	Riograndia	50.36893158095682	33.70557427379564
0.0	Riojanodon	64.75406336364324	64.53192530693691
0.0	Robertia	88.92385124921356	84.48370853763919
0.0	Rosieria	35.37754711399434	30.180514550631074
0.0	Ruberodon	54.55292664074531	53.20683279908681
0.0	Rubidgea	85.2329597921638	76.59252687079
0.0	Ruhuhucerberus	85.62481342552566	80.52559149985647
0.0	Ruthenosaurus	109.61914058692714	108.79817416857247
0.0	Ruthiromia	129.20515094052055	128.068844073317
0.0	Sangusaurus	70.75167148343249	63.698007647776095
0.0	Santacruzgnathus	56.826260502639165	55.368115471685734
0.0	Santacruzodon	61.849389995863014	54.04533473576201
0.0	Santagnathus	51.77689045127522	33.14211232740969
0.0	Sauroctonus_Temperate_N	88.9213856269431	88.0915787049033
0.0	Sauroctonus_Temperate_S	80.40008424066598	80.12450615601293
0.0	Sauroscaptor	85.89065588129003	78.59948154330831
0.0	Scalenodon	72.61605476976939	59.27545225761961
0.0	Scalenodontoides	53.71146773804423	29.373146897427432
0.0	Scalopocephalus	84.89609588571815	84.36687612224188
0.0	Scalopodontes	85.62964250203719	84.98365864611048
0.0	Scalopognathus	76.90750817323782	76.6791416178962
0.0	Scaloporhinus	81.43988810800299	81.16229214428951
0.0	Scaloposaurus	82.44636322715466	71.76178851268544
0.0	Scaloposuchus	78.46825449854286	78.18835742519924
0.0	Scylacoides	84.21190141489099	83.78846262889263
0.0	Scylacops	84.80196532967187	78.6034746732616
0.0	Scylacosaurus	86.7341434792521	81.19262152580748
0.0	Scylacosuchus	89.1304254882479	88.3144331948163
0.0	Scymnosaurus	89.75206445611792	84.54434160658859
0.0	Secodontosaurus	114.29888400504385	103.38496893918882
0.0	Sesamondontoides	68.16708968632878	67.76269439796594
0.0	Shaanbeikannemeyeria	72.59014398326066	70.8080672945841
0.0	Shansiodon_Temperate_N	72.3293039702181	66.77383794221359
0.0	Shansiodon_Temperate_S	70.79080342684696	70.36648580746191
0.0	Shashajaia	119.6963094521689	118.56344792841648
0.0	Shiguaignathus	80.66486860333072	80.3891235585069
0.0	Silphedosuchus	73.19991561438955	72.94521426146912
0.0	Silphoictidoides	82.41459592797396	80.42929206384696
0.0	Sinoconodon	29.595776308113468	28.941785878267563
0.0	Sinognathus	71.34321271626722	70.9336863485471
0.0	Sinokannemeyeria	70.9303032795933	67.21820946350067
0.0	Sinophoneus	98.58168772133449	91.56908483182416
0.0	Sintocephalus	84.50180825535728	83.97296484615268
0.0	Siriusgnathus	57.33474746586602	33.497929288042144
0.0	Sludica	89.09691365229513	84.95819902224113
0.0	Smilesaurus	85.83932967350292	79.39719973786121
0.0	Sphenacodon	128.9632037349848	107.99398638176993
0.0	Stahleckeria	70.91060250386005	60.906023643931725
0.0	Steppesaurus	95.80524855996865	94.78756846700256
0.0	Stereophallodon	118.76974725395911	117.64676686080549
0.0	Stereorhachis	128.5974466132532	127.48516585970026
0.0	Struthiocephaloides	85.70591193252882	84.5972755994106
0.0	Struthiocephalus	88.81322338397894	84.67763324885372
0.0	Styracocephalus	87.4861832514698	84.59597913803239
0.0	Suchogorgon	89.69993945736513	85.45057332525307
0.0	Suminia	89.64079755496853	84.4274488932257
0.0	Sungeodon	76.61669148819112	76.37768690506493
0.0	Sycosaurus	83.2594403886934	79.19528895103424
0.0	Syodon	100.87944189464433	84.19441914812856
0.0	Syops	85.4863196644453	79.92988506674226
0.0	Sysphinctostoma	71.8267729142935	66.7302794645769
0.0	Tambacarnifex	111.81806755504982	111.05589523387718
0.0	Tamboeria	85.53320091232496	84.91544835563019
0.0	Taoheodon	81.74068275860417	81.46457139504449
0.0	Tapinocaninus	91.08617898182032	90.06727630425094
0.0	Tapinocephalus	87.79401162239968	86.10046857929342
0.0	Tappenosaurus	110.10986615327097	96.56191349672304
0.0	Taurocephalus	86.02915964498119	85.33690005119915
0.0	Tenuacaptor	130.95941893092177	129.82586533009402
0.0	Tessellatia	45.29795226549202	44.02343035425651
0.0	Tetraceratops	108.29673099355288	107.07093343074641
0.0	Tetracynodon	85.83426135247446	73.28187494782338
0.0	Tetragonias	72.01323611070343	70.60075473520594
0.0	Theriognathus	85.03874265197445	69.11663292505263
0.0	Therioherpeton	56.18257092884383	54.784258957291506
0.0	Therioides	89.81710641253665	88.88966825261535
0.0	Theroteinus	31.28575578798646	30.64270289836603
0.0	Thliptosaurus	80.05150294647551	79.76936360857843
0.0	Thomasia	48.160854198355786	26.575447981041265
0.0	Thrinaxodon	76.91052431248026	72.23477372408823
0.0	Tiarajudens	95.57870077332957	94.5615094466364
0.0	Tigrisuchus	84.86752590193306	82.62526969293066
0.0	Tikitherium	58.52684976363224	57.0935086249967
0.0	Titanophoneus	92.35934262791046	85.26289095920681
0.0	Titanosuchus	97.79040180350209	84.66845054447971
0.0	Traversodon	68.08066044487404	59.63756539533378
0.0	Traversodontoides	69.16936245367803	68.74241804707933
0.0	Trichasaurus	107.1717985572377	105.8793556372836
0.0	Tricuspes	42.86325753505526	25.95424860466763
0.0	Trirachodon	71.46792037472095	67.24801258648561
0.0	Tritylodon	36.00184505739043	34.54866744914004
0.0	Trochorhinus	89.2833738075015	88.44771452164926
0.0	Trochosaurus	89.68132468582142	84.15502979525117
0.0	Trochosuchus	86.07524013801071	85.38759189386161
0.0	Tropidostoma	86.32548047300044	78.88657750221584
0.0	Trucidocynodon	59.065236888543	44.02484563737811
0.0	Turfanodon_Temperate_N	81.34022146091945	77.06880423178164
0.0	Ufudocyclops	71.66072712114943	68.19133223606725
0.0	Ulemica	92.62031477434998	87.36741971894746
0.0	Ulemosaurus	90.61004394087666	85.45369627550288
0.0	Uniserium	29.427026628362245	28.792015751572055
0.0	Uralocynodon	84.68893261831906	84.07672897929599
0.0	Uralokannemeyeria	70.10741638442104	68.72719187699865
0.0	Urumchia	76.9774646489392	76.75464549134144
0.0	Ustia	85.61575861839165	84.97428265510061
0.0	Varanodon	91.54059318731103	90.48379331244708
0.0	Varanops	116.19657489300423	98.0447723735764
0.0	Varanosaurus	115.61449726294954	97.10888633782761
0.0	Vaughnictis	122.00041904559507	116.97658270175639
0.0	Venyukovia	91.21772324045914	90.21221116559825
0.0	Vetusodon	78.68185169984598	78.40322168728596
0.0	Viatkogorgon	88.14945874301623	85.95769836336346
0.0	Viatkosuchus	86.64413523899013	84.91465596267155
0.0	Vinceria	72.71675782477435	67.20223401391333
0.0	Vivaxosaurus	90.3268554353532	82.55307238012621
0.0	Wadiasaurus	69.61356748002967	69.18087907287364
0.0	Walteria	88.15581333706452	87.35614911659354
0.0	Wantulignathus	98.22152980448227	97.3305070403055
0.0	Watongia	92.76921896572537	91.71518399745668
0.0	Woutersia	31.388153475288405	26.090681038193125
0.0	Woznikella	59.31169161530177	57.08891286059108
0.0	Xiyukannemeyeria	72.02502985908079	59.85942606215516
0.0	Xyrospondylus	131.35829437874673	128.33191927258355
0.0	Yikezhaogia	67.39462623153807	67.10311913869941
0.0	Zambiasaurus	70.30450931951891	69.87087593327131
