clade	species	ts	te
0.0	Abajudon	281.79439341412683	259.1247132943588
0.0	Abdalodon	256.62967317885756	256.2907595576173
0.0	Acratophorus	236.57756209753447	229.09589404550053
0.0	Adelobasileus	217.82393566527404	216.8535787214747
0.0	Aelurognathus_Temperate_S	259.8021747025634	252.06688508758992
0.0	Aelurosaurus	271.949835643696	253.9544516104512
0.0	Aelurosuchus	245.4601286482405	245.07648412355692
0.0	Aerosaurus	303.25996750207224	291.2804963734819
0.0	Akidnognathus	258.4335302568584	253.66728953863932
0.0	Alemoatherium	223.2555385347726	222.17947978375315
0.0	Aleodon	245.62327550216114	227.36716035382616
0.0	Alepognathus	262.2537073366927	261.45980003882266
0.0	Alierasaurus	276.5712656489406	275.57536265399614
0.0	Alopecideops	261.50983576935295	260.79132955291726
0.0	Alopecodon	264.22996864069603	260.2597534257381
0.0	Alopecognathus	264.25661034588154	259.77463932484807
0.0	Alopecorhinus	258.83921845004943	258.342676888021
0.0	Aloposaurus	260.24967264092936	253.135064711619
0.0	Alrausuchus	273.1372333273481	265.6187420088334
0.0	Ameghinichnus	216.84376193893266	215.8808365813398
0.0	Andescynodon	246.92823728856985	221.0686956532517
0.0	Angelosaurus	281.4788548565984	266.26547553121696
0.0	Angonisaurus	244.93313762068465	244.53698025569173
0.0	Annatherapsidus	264.2641364691386	256.9951321201791
0.0	Anningia	263.31464173243035	262.4544381169013
0.0	Anomocephalus	266.6973118907432	265.6690547607196
0.0	Antecosuchus	246.58794442773808	242.34860143454927
0.0	Anteosaurus_Temperate_N	263.92052274683056	263.0220223244925
0.0	Anteosaurus_Temperate_S	264.3686811672018	259.61798438590426
0.0	Apsisaurus	293.9324201538795	292.9583044337049
0.0	Archaeosyodon	266.4237878707208	265.4160364715386
0.0	Archaeothyris	310.0807125187502	307.2079758539317
0.0	Archaeovenator	302.2712981639907	301.2549766211625
0.0	Arctognathus	260.02406731197016	253.76949487405417
0.0	Arctops	260.48262922902484	253.3547763888265
0.0	Arctotraversodon	235.89513233415929	229.1796535304948
0.0	Arisierpeton	286.71511794752166	285.98618833014814
0.0	Aulacephalodon	259.8898834057489	252.10503406494513
0.0	Aulacocephalus	257.43240172748585	257.0909350823787
0.0	Australobarbarus	263.98186329675883	259.60537395331056
0.0	Australosyodon	266.4424311565573	265.43311231695907
0.0	Avenantia	261.87680627002527	261.1047224880276
0.0	Baldwinonus	302.92481416634627	294.0722968227314
0.0	Basilodon	260.1400785733286	253.09526532084797
0.0	Bauria	247.4717419204991	241.95778111797907
0.0	Beishanodon	249.1608073219036	248.8798688105979
0.0	Biarmosuchoides	266.2364387161524	265.2363901842242
0.0	Biarmosuchus	273.0657166224402	263.9190649988778
0.0	Biseridens	272.6124767280192	267.9902916152957
0.0	Blattoidealestes	259.4549389252325	258.93538015003503
0.0	Bohemiclavulus	301.5949200051667	300.566420019578
0.0	Bolodon	206.78871572135242	205.88989661668464
0.0	Bolotridon	245.9825524308381	245.59638446296069
0.0	Bonacynodon	242.09564707244525	233.29619366641856
0.0	Boreogomphodon	234.38444197776644	217.9311856719297
0.0	Botucaraitherium	219.84059228031416	218.85106016400184
0.0	Brachyprosopus	264.68258139117097	259.69287098035534
0.0	Brachyzostrodon	208.36044170923012	202.44031857088407
0.0	Brasilitherium	225.97370716979074	209.14544957590638
0.0	Brasilodon	226.81811990137666	208.91830811881243
0.0	Brontopus	259.8588201342571	252.70079746288292
0.0	Bulbasaurus	259.9830303559928	254.46569709522328
0.0	Bullacephalus	264.26543244007155	263.3695774221158
0.0	Burnetia	256.0619034892943	255.77494110954567
0.0	Cabarzia	296.3438777531417	295.3343168484983
0.0	Callibrachion	286.4266968631985	285.7025617454417
0.0	Candelariodon	239.92507106462295	239.63044369389658
0.0	Caodeyao	255.69044306202287	255.40088433412595
0.0	Casea	283.82676725873625	273.0746404226714
0.0	Caseoides	281.11949698954436	268.2635584487717
0.0	Caseopsis	280.14476699294437	270.99604912845695
0.0	Cerdodon	266.98654258833983	265.9880337151413
0.0	Cerdorhinus	256.77986315472396	256.4830743280925
0.0	Cerdosuchus	256.30037965878506	255.99950098133309
0.0	Chalepotherium	204.11349049239436	203.2226011683352
0.0	Chaliminia	222.94876120733565	213.61498937133746
0.0	Charassognathus	257.03357032704804	256.7012380537006
0.0	Charruodon	220.7634285650174	219.80027218795766
0.0	Chiniquodon	242.32132413899046	218.6183985443616
0.0	Choerosaurus	270.7773125478394	256.06006250333894
0.0	Chthomaloporus	265.9235020503783	264.9366153772931
0.0	Chthonosaurus	262.4043170748342	258.01530452318354
0.0	Cistecephaloides	256.97980242212697	256.6932528966988
0.0	Cistecephalus	259.75121960946234	254.08624708722317
0.0	Cistecynodon	245.4763031966355	245.07738189127662
0.0	Clelandina	260.2136263003811	252.45697972588582
0.0	Clepsydrops	307.01002389316545	278.8595259397771
0.0	Colobodectes	263.7478350511894	252.18550492753252
0.0	Compsodon	260.250207693741	252.79757181634247
0.0	Cotylorhynchus	283.5737463310593	265.94280850978345
0.0	Counillonia	249.83218302815592	249.55014114037937
0.0	Cricodon	247.32606996165512	236.73755011399012
0.0	Criocephalosaurus	264.71264326543627	259.98835215661285
0.0	Cromptodon	244.46199099421105	244.09158538174864
0.0	Cryptocynodon	260.214044479472	254.77804630131448
0.0	Cryptovenator	299.34909261534017	298.3442083343704
0.0	Ctenorhachis	286.09076994738825	285.3701533962155
0.0	Ctenospondylus	293.8815014114601	284.8569048553317
0.0	Cutleria	296.79020876199735	288.7455035626174
0.0	Cynariognathus	264.0737199952332	260.1748323436593
0.0	Cyniscops	256.72749022906925	256.44282087642085
0.0	Cynognathus	247.41755402134467	228.16749508851208
0.0	Cynosaurus	260.07798221545795	252.61366791904356
0.0	Cyonosaurus	260.12422004347826	252.08471832654809
0.0	Dadadon	237.2850693568595	229.1921514376827
0.0	Dalongkoua	253.3833228461983	253.09945161140683
0.0	Daptocephalus	263.6714573313592	251.89125930217006
0.0	Daqingshanodon	255.53017057859535	255.24654954188372
0.0	Datheosaurus	299.4382125960066	298.41403893631036
0.0	Davletkulia	269.55130792283245	268.5033026016067
0.0	Deccanodon	225.46134048014974	224.41118623430262
0.0	Delectosaurus	259.40286788843207	257.09824748374984
0.0	Delphinognathus	262.09970261275123	261.3183322397693
0.0	Deuterosaurus	267.1014768534428	260.4057075042056
0.0	Diademodon	247.43947959235098	230.68821252410575
0.0	Dicynodon_Temperate_N	265.759638488961	260.2469057457305
0.0	Dicynodon_Temperate_S	286.6340312028245	239.08088497521084
0.0	Dicynodontipus_Temperate_N	246.5025870107001	246.1474216195513
0.0	Dicynodontipus_Temperate_S	258.6056424526494	236.95906090099888
0.0	Dicynodontoides_Temperate_S	260.3817099981555	249.06427304422272
0.0	Diegocanis	232.38942063922934	231.2574382652696
0.0	Digalodon	259.9597624351382	252.37707425062501
0.0	Diictodon_Temperate_N	253.45309154475052	253.1700736600851
0.0	Diictodon_Temperate_S	267.0991793132813	252.07049995968845
0.0	Diictodontoides	256.53439598483317	256.24702917887976
0.0	Dimacrodon	282.40761535608175	268.45500064061827
0.0	Dimetrodon	298.679854079712	264.54278329285876
0.0	Dinanomodon	260.29171890707676	248.60587585205394
0.0	Dinodontosaurus	242.10971811996797	232.4958803698597
0.0	Dinogorgon	259.89886319374665	253.74333821884682
0.0	Dinosaurus	266.8894448245869	264.9354769883888
0.0	Dolichuranus	245.1896682450916	244.80347353270594
0.0	Dolomitipes	252.55609148187202	248.6453319931555
0.0	Driveria	274.959300292081	273.9348037515083
0.0	Dromatherium	218.73349298749983	217.75849317542412
0.0	Dvinia	262.6703173168369	258.0092627853198
0.0	Ecteninion	232.30912424655827	231.12423364187381
0.0	Edaphosaurus	304.3463488919655	268.4957905628063
0.0	Elcabrosaurus	301.734889592151	300.7100632605029
0.0	Elephantosaurus	239.22001702043352	238.9167001974133
0.0	Elliotsmithia	263.1721550664675	262.3128670991455
0.0	Elph	263.65102555266174	258.6848777797754
0.0	Emydochampsa	257.49540606910074	257.1973620865342
0.0	Emydops	270.148523861854	253.69729851628355
0.0	Emydorhinus	259.26547783087597	253.79798598382206
0.0	Emydorhynchus	256.54886400543336	256.25970253758373
0.0	Emyduranus	259.3922619821664	255.1770621610796
0.0	Endothiodon_Temperate_S	276.26681982610916	253.64881839900443
0.0	Endothiodon_Tropical_S	258.9688968863876	251.9544353514261
0.0	Ennatosaurus_Temperate_N	272.69197340397113	264.5555051597796
0.0	Ennatosaurus_Tropical_N	262.79680979651994	261.95582721781346
0.0	Eocasea	302.2541718455094	301.24136353969493
0.0	Eodicynodon	271.03453357940646	262.51737035103724
0.0	Eoraetia	205.72214589758772	204.8370888136868
0.0	Eosimops	264.5077204004711	255.52435260114
0.0	Eothyris	287.0481849159769	286.27747819699107
0.0	Eozostrodon	206.7287277107746	202.71027391382125
0.0	Ericiolacerta	251.4044296094623	248.01019216036846
0.0	Eriphostoma	264.9946794366938	253.64577841482682
0.0	Estemmenosuchus	269.2091181514461	264.1158891158457
0.0	Eubrachiosaurus	233.02219427651423	231.8525838020089
0.0	Euchambersia	256.28900706842296	256.00621312434583
0.0	Euptychognathus	257.6226848832431	257.2838939808554
0.0	Euromycter	281.98325762267365	281.0856182217136
0.0	Exaeretodon_Temperate_S	240.5506584765053	208.26910919369104
0.0	Exaeretodon_Tropical_N	244.5367349114212	244.160919249025
0.0	Fluctuodon	205.79815302014467	204.89335798035532
0.0	Galechirus	263.25396827375863	259.96733217747976
0.0	Galeops	263.7541422743697	256.0480920746008
0.0	Galesaurus	252.21494180863124	246.98566054356158
0.0	Gaumia	215.82778350431673	201.46880130194782
0.0	Geikia_Temperate_N	253.0740163412038	252.79121628813652
0.0	Geikia_Temperate_S	259.36598952655027	254.8531604696719
0.0	Glanosuchus	266.8784896641518	260.08771658783985
0.0	Glaucosaurus	281.8037996060956	280.8958108279314
0.0	Gomphodontosuchus	232.41924824153602	222.18766035542617
0.0	Gondwanadon	232.41593813527925	231.23037610923458
0.0	Gordonia	254.0714429412327	251.83502615079058
0.0	Gorgodon	278.8718875885399	269.4056855056167
0.0	Gorgonops	264.4978241596795	253.1135086130401
0.0	Gorochovetzia	260.4548591712241	259.8667669764998
0.0	Gorynychus	263.4408786874299	260.0839389223769
0.0	Habayia	205.69798884819835	204.79185672755253
0.0	Hahnia	204.9507962542806	204.0457711319681
0.0	Hallautherium	205.40547045914954	204.50404687104302
0.0	Haptodus	306.34771494535494	285.7144038135424
0.0	Haramiyavia	207.56002070710787	203.08348566951855
0.0	Hazhenia	247.151453416438	246.81748569256325
0.0	Heleosaurus	261.6307318533761	260.88967258759544
0.0	Helvetiodon	204.08234990851005	203.19392938325987
0.0	Herpetoskylax	259.64379125706955	255.10422453672817
0.0	Hipposaurus	263.85287524386933	260.58571812901255
0.0	Hofmeyria	260.22010100825565	253.93583991616575
0.0	Homodontosaurus	259.1474953809376	252.97778865806285
0.0	Hwanghocynodon	256.94422226014734	256.6001648593539
0.0	Hyaenasuchus	262.37143229753667	261.55918503144477
0.0	Hypselohaptodus	296.6332144633829	295.6138636371182
0.0	Hypsiprymnopsis	205.23294719005767	204.3326864920166
0.0	Ianthasaurus	306.0081840715342	303.6295726088623
0.0	Ianthodon	305.25491291472133	304.2401801633685
0.0	Ichibengops	258.48550618426873	254.4838338916766
0.0	Icticephalus	257.2516077584418	256.94043046779404
0.0	Ictidochampsa	255.29081202971145	254.96865374573048
0.0	Ictidognathus	260.7040067486972	255.94982877605312
0.0	Ictidorhinus	256.9564639705552	256.61266947039417
0.0	Ictidosaurus	267.39548549204983	260.8326817392193
0.0	Ictidosuchops	259.85607888553204	252.34826445891616
0.0	Ictidosuchus	258.06159375201946	257.6762988633429
0.0	Idelesaurus	263.20448422293583	262.34327580143116
0.0	Impidens	245.01814898441094	244.61743100104448
0.0	Inostrancevia_Temperate_N	265.0509792768364	256.33868604138934
0.0	Inostrancevia_Temperate_S	257.03395167955193	256.70638465967403
0.0	Interpresosaurus	258.3509654771497	258.0399702278803
0.0	Irajatherium	222.87221067912978	213.81113836431516
0.0	Ischigualastia	236.55216346976079	227.2565977679085
0.0	Isengops	256.69479680714227	256.4074231661796
0.0	Jachaleria	240.59358822986923	209.25033574775279
0.0	Jimusaria_Temperate_N	256.1352011952799	251.42745578149757
0.0	Jiufengia	256.85134383843155	256.5258412346915
0.0	Jonkeria	264.9335729234769	256.15602638610426
0.0	Julognathus	262.2726712582362	261.4869668361648
0.0	Kamagorgon	275.0708081762908	269.8271073905821
0.0	Kannemeyeria	250.55880689638775	241.97301063494038
0.0	Karenites	263.55930625954727	260.43379425463615
0.0	Kataigidodon	217.39233595217723	216.42935777043076
0.0	Katumbia	259.51296894651045	254.3727106577851
0.0	Kawingasaurus	259.68939682293137	254.34195975486395
0.0	Kembawacela	259.6656757667307	253.46863437987085
0.0	Kenomagnathus	304.9877032403472	303.9719698291203
0.0	Keratocephalus	264.658635551584	259.84978718617987
0.0	Keyseria	255.1216927015189	254.82360130595896
0.0	Kitchinganomodon	259.39762399621105	253.64282205556728
0.0	Knoxosaurus	280.7497430370671	270.53516587072073
0.0	Kombuisia	245.7771351211236	243.05029104760055
0.0	Kotelcephalon	262.0607690800009	261.2715779181213
0.0	Kuehneotherium	208.11151470748564	202.04305169578552
0.0	Kunpania	255.57311205410062	255.28392568416317
0.0	Kwazulusaurus	256.3093510059112	255.9901253711041
0.0	Lalieudorhynchus	264.4812417192858	263.55570770989675
0.0	Langbergia	250.99660714221272	247.08678864875168
0.0	Lanthanostegus	263.8094614275047	261.0587157230303
0.0	Lemurosaurus	258.4409573131813	254.12949307850087
0.0	Lende	257.2012670817898	256.8544292399582
0.0	Leogorgon	262.4179765730064	258.8650725818509
0.0	Leontosaurus	260.3365456809853	251.68736909910115
0.0	Lepagia	208.50351212824583	201.78138734537055
0.0	Leucocephalus	257.4529795430949	257.15720958832884
0.0	Lisowicia	212.11075520136893	211.20813313959044
0.0	Lobalopex	257.203728463883	256.8967538608874
0.0	Lophorhinus	256.85258296276623	256.53866720075774
0.0	Luangwa	247.37330496671072	232.81396764561825
0.0	Lumkuia	245.03675403002256	244.65014402023354
0.0	Lupeosaurus	296.4238400105113	295.4098648290981
0.0	Lycaenodon	259.2077603912487	255.4850721930466
0.0	Lycaenops	259.9650990395005	252.961985457894
0.0	Lycedops	261.609788812209	260.88410008000085
0.0	Lycideops	255.95885189876552	255.65926749074987
0.0	Lycosaurus	263.44878498551094	256.0001756515628
0.0	Lycosuchus	262.2885871553128	261.47832402155575
0.0	Lystrosaurus_Temperate_N	254.00419974184163	249.49893093193256
0.0	Lystrosaurus_Temperate_S	262.422531044356	247.18481630545898
0.0	Macromerion	301.85936400367785	300.3770939043545
0.0	Madysaurus	232.91408739899333	231.919241470083
0.0	Malasaurus	258.18731353965046	257.85191517521304
0.0	Mandagomphodon	246.46117048539426	243.05359634554821
0.0	Martensius	287.7545347964533	286.99473739973774
0.0	Massetognathus	242.08250713807934	231.7782804836387
0.0	Mastersonia	276.6786109793332	275.6918041632796
0.0	Maubeugia	206.33751730024778	205.43135497263302
0.0	Megawhaitsia	259.60530731570356	256.99568535901506
0.0	Melanedaphodon	309.1295180622451	308.112762560684
0.0	Menadon	240.10216287516533	227.72914347106084
0.0	Mesenosaurus_Temperate_N	273.2300818218536	264.1067091779575
0.0	Mesenosaurus_Tropical_S	287.19775518366873	286.40187674344156
0.0	Meurthodon	205.36447705626728	204.46557313039037
0.0	Microconodon	233.5679352846587	211.41337919304658
0.0	Microgomphodon	250.3299555730286	242.13093713847925
0.0	Microhelodon	244.54005192935477	244.1626964369382
0.0	Microscalenodon	207.56900555290613	203.31474185720955
0.0	Microsyodon	274.02630637167084	267.98172510864566
0.0	Microurania	265.046653343426	257.3617720118779
0.0	Microvaranops	264.516076158724	259.80815136873747
0.0	Microwhaitsia	258.47541267426305	254.72633257073963
0.0	Milosaurus	303.4419242797476	302.4184327644752
0.0	Minicynodon	220.21514032632587	219.2170036819076
0.0	Mirotenthes	259.43711686069844	255.34716358545097
0.0	Mitredon	204.76910682339803	203.88394550796122
0.0	Mobaceras	267.4196232201691	266.419390324737
0.0	Moghreberia	236.00123774400822	206.10120379236437
0.0	Mojo	205.5800049748775	204.68027812251245
0.0	Molybdopygus	266.1890797592418	265.195130816398
0.0	Morganucodon	207.46033920959124	201.71071954679496
0.0	Mormosaurus	267.249675676052	261.16505881419795
0.0	Moschops	264.8452037582973	257.1622709431326
0.0	Moschorhinus	259.93767498347756	247.16096909731218
0.0	Moschowhaitsia	260.1901633467372	257.0230619705775
0.0	Muchia	262.3312590921566	261.5263575305059
0.0	Mucrotherium	204.81635495236614	203.92403682250912
0.0	Mupashi	256.6734670646896	256.3890633094923
0.0	Mycterosaurus	288.4611284223602	275.5901941159458
0.0	Myosauroides	257.51410823683597	257.1788348151091
0.0	Myosaurus	251.9031987900643	246.9511962047133
0.0	Nanictidops	257.3418377781197	257.0425441193458
0.0	Nanictocephalus	257.09892787048744	256.8052784930833
0.0	Nanictosaurus	259.0183529893443	252.90341406943412
0.0	Nanocynodon	262.5195373431149	261.7337623937488
0.0	Nanogomphodon	238.57317718260208	238.2899119338104
0.0	Neosaurus	292.7703952346582	291.79478750050555
0.0	Niaftasuchus	271.655078067523	264.6284081206347
0.0	Niassodon	257.7224943432705	257.39112861107344
0.0	Nikkasaurus	271.6651344142935	266.32788468311867
0.0	Nitosaurus	301.4570791623907	300.4447539023989
0.0	Niuksenitia	262.5617952533028	261.7234257577418
0.0	Nochnitsa	262.0946913622373	261.30882896109955
0.0	Notaelurodon	255.16546870383004	254.87548976509737
0.0	Nothogomphodon	245.5641753473928	243.332161517528
0.0	Notosyodon	263.6003863478483	262.7220861223014
0.0	Nshimbodon	257.0038076179624	256.64594384894275
0.0	Nythosaurus	245.0904818174091	244.68875902195578
0.0	Odontocyclops	260.14972507088964	254.25829376083067
0.0	Oedaleops	302.14743208348983	288.8191806726519
0.0	Oligokyphus	207.42973163837374	203.03774397852203
0.0	Olivierosuchus	251.4636950748675	246.8893997247081
0.0	Ophiacodon	304.0888320001555	268.3731876161513
0.0	Ophidostoma	256.5516756390627	256.2672906844743
0.0	Ordosiodon	246.2175553248147	242.63402069525216
0.0	Oromycter	287.8277246903188	287.0454587678863
0.0	Otsheria	266.0377320023	265.04086619214655
0.0	Oudenodon_Temperate_S	262.64447777605307	251.99721455595068
0.0	Pachydectes	261.6040377303637	260.86535926414734
0.0	Palemydops	259.2151338999989	254.96350189767662
0.0	Pampaphoneus	266.770809448905	261.77612840188226
0.0	Panchetocynodon	251.15476678664203	250.87437212087906
0.0	Parabradysaurus	274.3065094175046	268.3697117573862
0.0	Paraburnetia	257.6646734312715	257.3698027579862
0.0	Paragalerhinus	255.68263862415137	255.36623857503972
0.0	Parakannemeyeria_Temperate_N	246.84190772238577	240.88786492645474
0.0	Parasuminia	261.90994393104376	261.17006833011476
0.0	Paratraversodon	241.36305245191613	234.9313862587695
0.0	Pardosuchus	262.7918223564373	261.93644282633136
0.0	Pascualgnathus	235.77165807927864	228.96580337798198
0.0	Patranomodon	266.8202662973033	264.4751583840043
0.0	Pelanomodon	259.5234741361126	251.99874332020354
0.0	Pelictosuchus	258.56917831242566	252.92672007653417
0.0	Pentasauropus_Temperate_S	241.5958979629107	209.4082261637907
0.0	Pentasauropus_Tropical_N	219.01407136433738	218.0377464295159
0.0	Pentasaurus	212.6988275209836	211.7160024691274
0.0	Peramodon	263.19109642340464	258.2886096669408
0.0	Perplexisaurus	265.92129897495533	259.7217034867832
0.0	Phocosaurus	263.61393268499654	260.63460439201543
0.0	Phreatophasma	273.2927048333204	272.25881812962365
0.0	Phthinosaurus	270.42490177840864	264.6647697665974
0.0	Placerias	234.39793602286687	208.96636758391762
0.0	Planitorostris	239.35595443069363	238.95655250959456
0.0	Platycraniellus	251.70661113841265	247.11159126125847
0.0	Platycyclops	257.28715781770904	256.9933739650218
0.0	Platypodosaurus	259.7296614165935	254.04881989727664
0.0	Plinthogomphodon	219.2569539244547	218.2637259312992
0.0	Polonodon	231.47610033839268	230.26806486828747
0.0	Polycynodon	257.0986268403538	256.7655616620296
0.0	Porosteognathus	265.282756088901	261.26941460904015
0.0	Pravoslavlevia	261.08238244923837	260.4390059641662
0.0	Pristerodon_Temperate_S	263.8880789546995	254.12345627275863
0.0	Pristerognathoides	264.8037056896966	257.7894344876166
0.0	Pristerognathus	264.3407835112834	259.82336934794824
0.0	Pristerosaurus	262.968232181002	262.11822144117156
0.0	Probainognathus	241.56996231722576	230.0287224647274
0.0	Proburnetia	262.4656826456627	261.6517534484716
0.0	Procynosuchus_Temperate_N	261.5023130788231	255.67651353638377
0.0	Procynosuchus_Temperate_S	260.0593124927055	248.85077644127165
0.0	Prodicynodon	258.1146674373826	254.97705684220932
0.0	Progalesaurus	251.7864997110635	251.5082553726152
0.0	Promoschorhynchus	259.8015577748864	252.53988053030594
0.0	Prosictodon	265.3869209986	264.4532920991567
0.0	Protheriodon	239.52205228259206	239.24494654122822
0.0	Protuberum	241.98484300134444	236.58543848757208
0.0	Prozostrodon	233.20801896925522	211.79026791042125
0.0	Pseudotherium	231.88336913464587	230.67339984766497
0.0	Pseudotriconodon_Temperate_N	216.22312250116113	201.52153066578515
0.0	Pseudotriconodon_Tropical_N	217.29842480868675	216.31612667917423
0.0	Ptomalestes	263.8021468438094	260.12905306576744
0.0	Purlovia	259.8972999194436	257.1449434728052
0.0	Putillosaurus	249.19166530833672	248.90412023558045
0.0	Pyozia	268.875422157424	267.85527405453394
0.0	Rabidosaurus	246.5224788710097	243.16883579115324
0.0	Raranimus	271.6538183168257	270.6154929864554
0.0	Rastodon	262.49391565979624	261.68930741513793
0.0	Rechnisaurus	245.81845541871573	242.92645322696922
0.0	Redondagnathus	217.52001620429115	216.53219561282904
0.0	Regisaurus	251.43187841381572	248.133815972933
0.0	Reiszia	270.19090564815167	264.80700367959645
0.0	Remigiomontanus	299.0135314963944	298.00714499092214
0.0	Repelinosaurus	250.19933928414758	249.92102478625316
0.0	Rewaconodon_Temperate_S	234.2140693438705	230.0883725206613
0.0	Rewaconodon_Tropical_S	217.50688705122275	216.52108313513486
0.0	Rhachiocephalus	259.6724029973666	254.02206644594935
0.0	Rhadiodromus	246.02538036762633	242.60848088295427
0.0	Rhinodicynodon	244.0400771691019	243.65034244527166
0.0	Rhopalodon	266.74533666450736	264.56974490072116
0.0	Riebeeckosaurus	261.95575513877935	261.1869439000544
0.0	Riograndia	226.36476097808864	209.30340644123825
0.0	Riojanodon	233.96563408038975	233.10155465662953
0.0	Robertia	264.1969316983411	258.7454258789097
0.0	Rosieria	207.9422806611629	203.5817163875932
0.0	Ruberodon	231.8601873835932	230.66300538943767
0.0	Rubidgea	259.9342393758264	252.37445207476745
0.0	Ruhuhucerberus	258.6282758521761	254.82344315492398
0.0	Ruthenosaurus	285.24175230898123	284.40669036991517
0.0	Ruthiromia	302.4083396435072	301.39333361189574
0.0	Sangusaurus	246.6903757029078	239.09925378268645
0.0	Santacruzgnathus	231.76936248319421	230.66420638495984
0.0	Santacruzodon	235.8615794892054	227.93509505496732
0.0	Santagnathus	227.20880369340773	208.43176743984932
0.0	Sauroctonus_Temperate_N	263.0061110225558	262.1613617883421
0.0	Sauroctonus_Temperate_S	257.55612028045863	257.2272588075201
0.0	Sauroscaptor	260.06323113294593	254.16755289695442
0.0	Scalenodon	247.09898356900632	239.48042878275314
0.0	Scalenodontoides	226.34645302502247	202.69377604400046
0.0	Scalopocephalus	257.97206402225584	257.60133000020005
0.0	Scalopodontes	261.6213224778942	260.8766247491861
0.0	Scalopognathus	251.69016517494637	251.40811941071567
0.0	Scaloporhinus	255.9459956991967	255.64005618754658
0.0	Scaloposaurus	258.57011721012447	246.78359003601156
0.0	Scaloposuchus	255.63220728861432	255.32871208887877
0.0	Scylacoides	259.2052525840843	258.74241105590056
0.0	Scylacops	259.7820907634862	254.04775520138006
0.0	Scylacosaurus	263.29873816377955	255.4336573951488
0.0	Scylacosuchus	261.9321392704808	261.1878114070934
0.0	Scymnosaurus	264.4846253774486	259.8053245917732
0.0	Secodontosaurus	289.710608016789	277.47981564397384
0.0	Sesamondontoides	244.2437213994822	243.83823215589064
0.0	Shaanbeikannemeyeria	246.7984650635896	242.93957805683394
0.0	Shansiodon_Temperate_N	247.09054427736973	242.31258445791622
0.0	Shansiodon_Temperate_S	244.4647680766231	244.0618174912721
0.0	Shashajaia	287.9614559300437	287.01165691244347
0.0	Shiguaignathus	256.0269571623574	255.73233682369806
0.0	Silphedosuchus	249.5220036076401	249.2430589722886
0.0	Silphoictidoides	258.603482274003	255.6349200351893
0.0	Sinoconodon	205.2953771440127	204.40131541589352
0.0	Sinognathus	244.42220961854022	244.01712204295606
0.0	Sinokannemeyeria	247.24344194764384	240.06687366535178
0.0	Sinophoneus	272.82507952135023	266.82168785297614
0.0	Sintocephalus	257.0346705698508	256.7166709856554
0.0	Siriusgnathus	232.96179589416548	212.6460791827687
0.0	Sludica	264.414197390071	260.3657621157902
0.0	Smilesaurus	259.1875652774475	254.02423387317637
0.0	Sphenacodon	303.3906527813976	283.71606053550596
0.0	Stahleckeria	245.2691162491139	236.31930965237387
0.0	Steppesaurus	275.87170111281233	274.8797207831087
0.0	Stereophallodon	292.5387866989633	291.62270054243936
0.0	Stereorhachis	304.59883918932434	303.5764411861798
0.0	Struthiocephaloides	263.49965343914937	261.44037825956957
0.0	Struthiocephalus	264.3001918349426	259.7349804272492
0.0	Styracocephalus	263.6987938166868	260.5411136181847
0.0	Suchogorgon	264.57762046464956	260.33715650621673
0.0	Suminia	264.46788075637505	259.5751494099157
0.0	Sungeodon	251.70975986763187	251.43214882649806
0.0	Sycosaurus	259.83138691416565	254.67544589066546
0.0	Syodon	275.95305748152754	260.44028073935266
0.0	Syops	259.84731337050414	253.85939874506386
0.0	Sysphinctostoma	245.284282879732	242.67415413420147
0.0	Tambacarnifex	287.191583849065	286.4670306256514
0.0	Tamboeria	261.62674717047963	260.86389632612594
0.0	Taoheodon	255.28298426193626	254.9943477124746
0.0	Tapinocaninus	265.8279305002944	264.85391505152273
0.0	Tapinocephalus	263.2833226000289	260.20971877198633
0.0	Tappenosaurus	281.1118421779687	270.36688941319346
0.0	Taurocephalus	262.1030605260614	261.3114339186324
0.0	Tenuacaptor	305.1192387684752	304.10533712502365
0.0	Tessellatia	218.33969067117417	217.40576282470917
0.0	Tetraceratops	278.5785335414393	277.60612139940446
0.0	Tetracynodon	259.3217754979833	247.15850267928533
0.0	Tetragonias	246.899050662174	243.32457808766767
0.0	Theriognathus	259.9928458325981	244.51387986857634
0.0	Therioherpeton	226.52996553513927	225.51319657901752
0.0	Therioides	262.3804228339649	261.5771199126324
0.0	Theroteinus	204.61009357929538	203.71832431357018
0.0	Thliptosaurus	256.19162062716254	255.8765194889721
0.0	Thomasia	215.53100489153212	201.17782078435314
0.0	Thrinaxodon	251.89533318565762	247.21753169072988
0.0	Tiarajudens	266.7836039368993	265.8351504423382
0.0	Tigrisuchus	259.31394770803007	255.60288825753614
0.0	Tikitherium	232.36100021175793	231.16856565907392
0.0	Titanophoneus	267.3451613840487	260.3020815610063
0.0	Titanosuchus	267.8029252818698	259.5762601825465
0.0	Traversodon	242.02716489869886	236.38743604036716
0.0	Traversodontoides	244.54783094682165	244.16731499189993
0.0	Trichasaurus	279.1121699787886	278.159187392671
0.0	Tricuspes	215.57821967879642	201.0160907187635
0.0	Trirachodon	247.02593750565012	242.30979355702843
0.0	Tritylodon	209.26667008182315	208.34489186355404
0.0	Trochorhinus	262.26020865379616	261.4659643738597
0.0	Trochosaurus	264.48597345154946	260.2014746054956
0.0	Trochosuchus	262.6265828793542	261.78796472374137
0.0	Tropidostoma	262.6392492674919	254.3390986379071
0.0	Trucidocynodon	234.14496321434683	214.6394083388482
0.0	Turfanodon_Temperate_N	258.82156981282014	251.3863962863587
0.0	Ufudocyclops	246.10763999732222	242.51905150661676
0.0	Ulemica	267.52493380552005	260.2628976750186
0.0	Ulemosaurus	266.8912651002455	260.15266144771607
0.0	Uniserium	206.15530155843953	205.25932935105945
0.0	Uralocynodon	261.10360966041844	260.4390481109901
0.0	Uralokannemeyeria	246.16418126688075	242.8870532572695
0.0	Urumchia	251.7684007708864	251.48879436791515
0.0	Ustia	261.93887481876465	261.1764372366026
0.0	Varanodon	269.61041821695795	268.57181646658296
0.0	Varanops	290.19660421472463	276.3143673100145
0.0	Varanosaurus	288.7142153611596	273.8142956475405
0.0	Vaughnictis	296.71561588942103	287.9597364957833
0.0	Venyukovia	266.5243914893387	265.51862084439824
0.0	Vetusodon	255.73307981954244	255.41644417176855
0.0	Viatkogorgon	264.2747625522394	260.4062241600573
0.0	Viatkosuchus	263.48027849109434	260.1190105889509
0.0	Vinceria	246.94052466442963	242.6602128112535
0.0	Vivaxosaurus	264.4840212119579	256.65229678107534
0.0	Wadiasaurus	244.36196859098433	243.96373752851702
0.0	Walteria	262.5524047183747	261.7314789855776
0.0	Wantulignathus	267.4507139617885	266.48287464946276
0.0	Watongia	268.5946107147746	267.5778060423672
0.0	Woutersia	207.53202541133794	202.34468235054837
0.0	Woznikella	235.77324462098474	228.67447314087934
0.0	Xiyukannemeyeria	247.40619605593395	236.64315047318306
0.0	Xyrospondylus	305.73172799435554	303.4273380487894
0.0	Yikezhaogia	243.8314579737997	243.46461988160976
0.0	Zambiasaurus	244.57777204001158	244.18714551771686
