clade	species	ts	te
0.0	Abajudon	266.37346364564564	259.78628896896896
0.0	Abdalodon	257.0825753893894	256.78369996196193
0.0	Acratophorus	233.6627826346346	227.85229134734732
0.0	Adelobasileus	216.89542211611612	215.96987627627632
0.0	Aelurognathus	259.67565068868873	252.11119738538537
0.0	Aelurosaurus	262.8124439589589	253.582408988989
0.0	Aelurosuchus	244.76320511611613	244.43024655255255
0.0	Agudotherium	231.47096194694694	229.95972610410413
0.0	Akidnognathus	258.8869519089089	254.7182211801802
0.0	Aleodon	246.27600685585585	235.72464713713717
0.0	Alepognathus	262.21710647447446	261.47848197497495
0.0	Alopecideops	262.45687042942944	261.78273995995994
0.0	Alopecodon	264.23780408508514	259.83176205205206
0.0	Alopecognathus	263.7630144114114	260.0560288168168
0.0	Alopecorhinus	260.01928153753755	259.4607985925926
0.0	Aloposaurus	260.1720028028028	252.90658623723726
0.0	Alrausuchus	273.7201556986987	265.17123080480474
0.0	Andescynodon	245.61981021721724	242.63983573473473
0.0	Angelosaurus	271.41646526626624	266.4016462172172
0.0	Angonisaurus	246.2439616156156	242.37512144844845
0.0	Annatherapsidus	264.23008194894896	257.1768813143143
0.0	Anningia	262.38898063863866	261.6813942002002
0.0	Anomocephalus	266.0210095845846	265.4849056656657
0.0	Antecosuchus	246.39964961961962	242.56077887887886
0.0	Anteosaurus	264.806142029029	259.59428164064065
0.0	Apsisaurus	293.12643504504507	292.01138869069064
0.0	Archaeosyodon	266.1244612232232	265.5876258388389
0.0	Arctognathus	259.5786158018018	253.10119385085082
0.0	Arctops	259.8457751911912	253.6365963763764
0.0	Arctotraversodon	234.40714090090094	228.63081015415415
0.0	Arisierpeton	287.8910484934935	287.0612921481482
0.0	Ascendonanus	293.86195009909903	283.5677119109109
0.0	Aulacephalodon	259.7482595815816	252.62146234834833
0.0	Aulacocephalus	256.98934372472473	256.6989281751752
0.0	Australobarbarus	263.9604536536537	260.67579246546546
0.0	Australosyodon	265.4665874254254	264.9132136306306
0.0	Avenantia	261.39443470370367	260.78625438738743
0.0	Baldwinonus	294.54167514614613	293.3953691291291
0.0	Basilodon	259.8540725165165	252.2834188728729
0.0	Bauria	247.454259993994	242.328777023023
0.0	Beishanodon	248.4732594034034	248.19348393693693
0.0	Biarmosuchoides	266.02524083883884	265.4569524304305
0.0	Biarmosuchus	273.4607070560561	263.8631068068068
0.0	Biseridens	272.6060351011011	267.80033238238235
0.0	Blattoidealestes	259.786603012012	259.1979365215215
0.0	Bolodon	206.2266205215215	205.26721672672673
0.0	Bolotridon	244.53071323623624	244.1897377687688
0.0	Bonacynodon	241.988028993994	231.8250047927928
0.0	Boreogomphodon	235.15787806806807	216.32419341641642
0.0	Botucaraitherium	218.4436886166166	217.50162498598598
0.0	Brachyprosopus	265.099797011011	259.887536984985
0.0	Brachyzostrodon	207.57039577977977	202.2282126916917
0.0	Brasilitherium	227.88026242742743	210.26710791891892
0.0	Brasilodon	227.51810787387387	208.64390055755754
0.0	Bulbasaurus	259.8009363653654	254.42719368868867
0.0	Bullacephalus	264.138986962963	263.49035944844843
0.0	Burnetia	257.5297486886887	257.2329280640641
0.0	Cabarzia	296.2996113103103	295.2077863703704
0.0	Callibrachion	288.25499756756756	287.364010980981
0.0	Candelariodon	240.41982774774775	240.18319683783784
0.0	Caodeyao	256.1717051651652	255.8775896086086
0.0	Casea	283.8323214134134	275.4476818378378
0.0	Cerdorhinus	256.3304068068068	256.03702046746747
0.0	Cerdosuchus	255.45169737537535	255.18465297397395
0.0	Chalepotherium	204.8772408028028	203.89487987987985
0.0	Chaliminia	225.44707444644644	213.10176443643644
0.0	Charassognathus	256.7613661491492	256.47454635435435
0.0	Chiniquodon	243.63365250150153	228.80500975775777
0.0	Choerosaurus	255.92066396996998	255.643539976977
0.0	Chthomaloporus	265.98687221221223	265.49801631431427
0.0	Chthonosaurus	263.14485640940944	258.22807042142136
0.0	Cistecephaloides	256.9273069119119	256.6435585135135
0.0	Cistecephalus	259.68624426826824	254.096139017017
0.0	Cistecynodon	244.5814257317317	244.2715086606607
0.0	Clelandina	259.6722471031031	253.51256556656656
0.0	Clepsydrops	281.674523987988	280.6905201221221
0.0	Colobodectes	263.49224324324325	252.33092014514514
0.0	Compsodon	259.7583854104104	252.88654893393394
0.0	Cotylorhynchus	281.05245603903904	265.40903618118114
0.0	Counillonia	249.4328148878879	249.16682857057057
0.0	Cricodon	246.38577197597598	242.28481194094093
0.0	Criocephalosaurus	263.4455147367367	259.95339344744747
0.0	Cromptodon	245.46004208108107	245.13539942742744
0.0	Cryptocynodon	258.4053927877878	255.32425935435435
0.0	Ctenorhachis	286.80331594094093	285.95105561661666
0.0	Ctenospondylus	294.5619586496497	283.8190467597597
0.0	Cutleria	295.8972977857858	289.0963171321321
0.0	Cynariognathus	263.4538768608609	259.86738389689685
0.0	Cyniscops	256.9860703963964	256.68028607507506
0.0	Cynognathus	246.764211029029	230.68269607707708
0.0	Cynosaurus	260.15093125025027	252.4629959079079
0.0	Cyonosaurus	260.02043549049046	251.90802364764764
0.0	Dalongkoua	253.0818936736737	252.82350218318317
0.0	Daptocephalus	263.1398877717718	252.00545945045045
0.0	Daqingshanodon	255.65131332832834	255.3774772152152
0.0	Davletkulia	270.68933877977975	269.90617188488494
0.0	Delectosaurus	259.2432172372373	256.84234959859856
0.0	Delphinognathus	261.9725285685685	261.16955240440444
0.0	Deuterosaurus	266.5662039229229	259.9697228748749
0.0	Diademodon	246.73456046746745	231.24809454554557
0.0	Dicynodon	264.3284736036036	240.16897317717715
0.0	Dicynodontipus	251.67389928028027	251.4260527057057
0.0	Dicynodontoides	260.2798349309309	248.15344723723723
0.0	Diegocanis	232.98145934434436	231.53884769669668
0.0	Digalodon	259.4011155945946	252.97380637737734
0.0	Diictodon	264.2335917037037	252.33168215915916
0.0	Diictodontoides	256.56678424524523	256.2752176776777
0.0	Dimetrodon	298.558327036036	274.240479975976
0.0	Dinanomodon	260.5964859049049	248.5909043123123
0.0	Dinodontosaurus	242.06912033033035	236.47007496196196
0.0	Dinogorgon	259.75376787287286	252.40617554354353
0.0	Dinosaurus	266.00025351851855	264.5773594604604
0.0	Dolichuranus	246.57739748748747	242.4196315975976
0.0	Dolomitipes	252.33902509309308	249.0664255205205
0.0	Dromatherium	219.41208323623627	218.5054631981982
0.0	Dvinia	261.8619227877878	258.2857785225225
0.0	Ecteninion	233.64330992592593	232.08860220720723
0.0	Edaphosaurus	298.71760615815816	274.87112221121123
0.0	Elephantosaurus	238.44126454154153	238.19448546346345
0.0	Elliotsmithia	262.5958683653654	261.76994715115114
0.0	Elph	263.46668208108105	258.82350253453455
0.0	Emydochampsa	257.41469635435436	257.1304394914915
0.0	Emydops	264.2847793363363	253.45700685285283
0.0	Emydorhinus	258.69735953953955	255.17312538438438
0.0	Emydorhynchus	257.5165404934935	257.22061148548545
0.0	Emyduranus	258.53006616316316	255.09077753553552
0.0	Endothiodon	264.0834698028028	252.94226208808809
0.0	Ennatosaurus	273.9843135075075	262.9928538538539
0.0	Eodicynodon	266.91573567767773	264.3278002152152
0.0	Eoraetia	205.34761124224224	204.49086102302303
0.0	Eosimops	264.23140467167167	254.5556148708709
0.0	Eothyris	287.73446292492497	286.84617108208204
0.0	Eozostrodon	207.34044161061058	203.48241007807806
0.0	Ericiolacerta	251.35342253153152	246.84879763563563
0.0	Eriphostoma	264.6096168768769	254.47195836836838
0.0	Estemmenosuchus	270.11985695795795	264.1184196906907
0.0	Etjoia	244.74850988788788	244.44031219219218
0.0	Eubrachiosaurus	231.46594474674674	230.1295336676677
0.0	Euchambersia	257.150570027027	256.8439766816817
0.0	Euptychognathus	256.53495681781783	256.2480574604605
0.0	Euromycter	281.2576227047047	280.178394974975
0.0	Exaeretodon	244.64772864264265	207.73215715315317
0.0	Fluctuodon	205.0312000840841	204.11114027327326
0.0	Galechirus	264.0020565925926	261.17855518118114
0.0	Galeops	262.8377778078078	255.5081505915916
0.0	Galepus	262.55888215215214	261.6972022842843
0.0	Galesaurus	252.1212098878879	247.10633407007006
0.0	Gaumia	217.56706483983984	201.94794701201198
0.0	Geikia	259.05432127427423	252.3765695025025
0.0	Glanosuchus	266.6962230440441	259.9832669389389
0.0	Glaucosaurus	282.1484637617618	281.16201504504505
0.0	Gondwanadon	231.9630795125125	230.5401265055055
0.0	Gordonia	254.26167431931933	252.03868576176177
0.0	Gorgonops	264.0393144404404	253.74815924424425
0.0	Gorochovetzia	260.7711833823824	260.24031984684683
0.0	Gorynychus	263.93007655555556	260.56945655755754
0.0	Habayia	205.71178075675675	204.83006135935935
0.0	Hahnia	204.45044107607606	203.7352842352352
0.0	Hallautherium	206.19022906006006	205.17481865565566
0.0	Haptodus	299.21590128528527	286.382118079079
0.0	Haramiyavia	206.79641080880882	202.4608362212212
0.0	Hazhenia	246.11677885585587	245.81768845245244
0.0	Heleosaurus	262.3697001481481	261.6322808328328
0.0	Helvetiodon	205.17537727227227	204.23248276776778
0.0	Herpetoskylax	259.136429031031	255.46277695095094
0.0	Hipposaurus	263.6570627797798	259.902010025025
0.0	Hofmeyria	259.46047075575575	254.65994145945947
0.0	Homodontosaurus	259.5524017047047	252.8254562902903
0.0	Hwanghocynodon	256.68462856456455	256.39478653453455
0.0	Hyaenasuchus	262.3048372022022	261.5530072032032
0.0	Hypselohaptodus	296.0872372132132	294.9035346896897
0.0	Hypsiprymnopsis	204.0062230860861	203.16013709109112
0.0	Ichibengops	258.9733943603604	254.68096802802802
0.0	Icticephalus	257.24050884084085	256.92899339439435
0.0	Ictidochampsa	257.11351876076077	256.8181121811812
0.0	Ictidognathus	260.2429448018018	254.9176038028028
0.0	Ictidorhinus	254.84669100000002	254.56767878178178
0.0	Ictidosaurus	266.18040645645647	261.10571356056056
0.0	Ictidosuchops	259.6860013993994	252.2805963623624
0.0	Ictidosuchus	256.9980073963964	256.6982383013013
0.0	Idelesaurus	262.29389624124127	261.4888808178178
0.0	Impidens	244.42437564264264	244.0926071931932
0.0	Inostrancevia	264.33854745045045	255.68795048748748
0.0	Interpresosaurus	258.6494638488489	258.3306609609609
0.0	Irajatherium	224.49311324424426	213.08504465565568
0.0	Ischigualastia	236.66692974174174	227.5492435955956
0.0	Isengops	256.52576769169167	256.23671694494493
0.0	Jachaleria	241.67537546846847	207.7030147027027
0.0	Jimusaria	256.505428971972	251.85392810610608
0.0	Jiufengia	255.82148246546546	255.5359372892893
0.0	Jonkeria	264.51560574274276	255.84236682882883
0.0	Julognathus	262.24090033533537	261.4438732162162
0.0	Kamagorgon	274.98995384184184	267.8930105835836
0.0	Kannemeyeria	249.03456728928927	239.54234802802802
0.0	Karenites	263.29558284584584	260.1264518288288
0.0	Kataigidodon	218.9276392062062	217.98729059059056
0.0	Katumbia	259.29778639739743	254.599129997998
0.0	Kawingasaurus	259.46968904204203	254.4986485705706
0.0	Kembawacela	259.7426342102102	254.10529735435435
0.0	Keratocephalus	264.0142067277277	260.11979005105104
0.0	Keyseria	255.04694039939938	254.78039874774774
0.0	Kitchinganomodon	259.6235468158158	253.47644691691693
0.0	Kombuisia	251.19887938238236	242.3236990910911
0.0	Kotelcephalon	261.43796870970965	260.84099597297296
0.0	Kuehneotherium	207.78478943143145	201.88858832532534
0.0	Kunpania	255.9702267977978	255.69163418318323
0.0	Kwazulusaurus	255.7638162812813	255.4844899119119
0.0	Lalieudorhynchus	263.15917402002003	262.48064195295296
0.0	Langbergia	249.7321227237237	246.67130163263266
0.0	Lanthanostegus	263.64038044344346	260.798385019019
0.0	Lemurosaurus	258.91928515315317	254.73776395195196
0.0	Lende	257.6654676176176	257.33977996296295
0.0	Leogorgon	262.66166911811814	257.45189773073076
0.0	Leontosaurus	260.2913997317317	252.44457053053054
0.0	Lepagia	207.13252834634633	202.05046373773777
0.0	Leucocephalus	256.44298465765763	256.13558113713714
0.0	Lobalopex	256.85493795495495	256.57319087487485
0.0	Lophorhinus	256.48104527727725	256.1941856906907
0.0	Luangwa	246.61871961361362	235.90328755655656
0.0	Lumkuia	244.97603054854858	244.64615527927927
0.0	Lupeosaurus	297.66027869569564	296.4139212962963
0.0	Lycaenodon	258.7394271691692	254.23962587587584
0.0	Lycaenops	259.7169268148148	253.14604758058059
0.0	Lycedops	262.6859558818819	261.86588163663663
0.0	Lycideops	254.63052980180177	254.3503312172172
0.0	Lycosaurus	263.09769167067066	255.74373071471473
0.0	Lycosuchus	261.3647756006006	260.67149927827825
0.0	Lystrosaurus	262.571591011011	246.66998306806806
0.0	Malasaurus	258.7741901051051	258.45987385185185
0.0	Mandagomphodon	245.48865605605607	243.51449482682682
0.0	Martensius	288.39755688088087	287.5292081971972
0.0	Massetognathus	242.22060601201204	231.0784593283283
0.0	Maubeugia	206.4792761761762	205.5316384914915
0.0	Megawhaitsia	259.5611490990991	257.45058781281284
0.0	Menadon	232.09910327627628	230.65971733233232
0.0	Mesenosaurus	287.15174547047053	264.2857089129129
0.0	Meurthodon	205.62866815415416	204.86055028228228
0.0	Microconodon	233.29267955455455	212.2864829219219
0.0	Microgomphodon	249.3651124174174	239.1487071681682
0.0	Microhelodon	244.72043487487485	244.37136055955958
0.0	Microscalenodon	207.40985196996996	202.52846461461462
0.0	Microsyodon	274.6135089299299	268.7518338768769
0.0	Microurania	264.9789984064064	257.68106316216216
0.0	Microvaranops	263.9894210830831	259.8981537537537
0.0	Microwhaitsia	258.95648695595594	255.02260837737737
0.0	Minicynodon	218.02700326126129	217.1022115605606
0.0	Mirotenthes	258.7917213553554	254.89491212312313
0.0	Mitredon	205.60627462762764	204.66377035635637
0.0	Moghreberia	235.86755441741744	227.8166186636637
0.0	Mojo	203.63194886186187	202.7527181181181
0.0	Molybdopygus	265.5103741151151	264.9769021331331
0.0	Morganucodon	207.8102653103103	202.04629746846848
0.0	Mormosaurus	262.27451058858856	261.45490784584587
0.0	Moschops	264.35414595995996	256.78414589689686
0.0	Moschorhinus	259.72022133733736	246.89241303703704
0.0	Moschowhaitsia	259.75880387187186	256.776555932933
0.0	Muchia	261.9246733823824	261.20864917217216
0.0	Mucrotherium	205.21828326626627	204.31132245345347
0.0	Mupashi	256.3685136546547	256.08342880580585
0.0	Mycterosaurus	289.7896894014014	277.69231385785787
0.0	Myosauroides	257.04264745745746	256.7219720790791
0.0	Myosaurus	252.0343125125125	246.72947067667667
0.0	Nanictidops	256.54271505905905	256.24080652552556
0.0	Nanictocephalus	256.9950401201201	256.7106728838839
0.0	Nanictosaurus	258.5071612722723	252.33324675675675
0.0	Nanocynodon	261.37918687187187	260.6571197007007
0.0	Nanogomphodon	238.40608963263264	238.06343179479478
0.0	Niaftasuchus	273.51526593193194	267.4062619649649
0.0	Niassodon	257.17182705305305	256.87784744344344
0.0	Nikkasaurus	270.7036473103103	265.71190893793795
0.0	Niuksenitia	262.01247760660664	261.2279684124124
0.0	Nochnitsa	262.2962145495495	261.49076306306307
0.0	Notaelurodon	254.35925165365364	254.09641355655654
0.0	Nothogomphodon	245.3813155075075	242.63501451751753
0.0	Notictoides	249.43382016516517	249.1647529129129
0.0	Notosyodon	263.9356112982983	263.1492817937938
0.0	Nshimbodon	257.4741477927928	257.1714898058058
0.0	Nythosaurus	244.0928911301301	243.76393346246246
0.0	Odontocyclops	259.52970830430434	254.14108139139137
0.0	Oligokyphus	206.40692314414414	203.6826478908909
0.0	Olivierosuchus	251.68651025025028	246.7729943123123
0.0	Ophiacodon	298.54578919719717	274.53144017817823
0.0	Ophidostoma	256.4849604214214	256.179404026026
0.0	Ordosiodon	245.57126558358357	242.2623545165165
0.0	Oromycter	288.0733763593594	287.1493180500501
0.0	Otsheria	266.11626354854855	265.547217004004
0.0	Oudenodon	262.18801103003005	251.9908251031031
0.0	Pachydectes	263.09401052052056	262.29502911911914
0.0	Palemydops	259.2222639009009	254.59135964464465
0.0	Pampaphoneus	266.40428393593595	262.7825882812813
0.0	Panchetocynodon	250.5764883873874	250.31022305205207
0.0	Parabradysaurus	275.42138318318325	270.43947743543544
0.0	Paraburnetia	257.74027551651653	257.42803162162164
0.0	Paragalerhinus	256.97760964564566	256.6635367357357
0.0	Parakannemeyeria	246.7342830610611	237.3330505285285
0.0	Parasuminia	262.83078564864866	262.03771182482484
0.0	Paratraversodon	240.09522917717717	239.86133597997997
0.0	Pardosuchus	261.9501376196196	261.19479412812814
0.0	Pascualgnathus	235.92063967967968	227.80456811711713
0.0	Patranomodon	266.4848102112112	264.26275056356354
0.0	Pelanomodon	259.87236643243244	251.91171239039036
0.0	Pelictosuchus	257.8585957937938	254.5102577877878
0.0	Peramodon	262.9286927637638	258.76594420420423
0.0	Perplexisaurus	265.39005441641643	260.4887088068068
0.0	Phocosaurus	263.25490460060064	259.884800998999
0.0	Phreatophasma	271.50262413513514	270.70780744044043
0.0	Phthinosaurus	272.06951761461465	264.2569545465466
0.0	Placerias	234.69070326126126	208.95225147847847
0.0	Planitorostris	240.4393926036036	240.2356042942943
0.0	Platycraniellus	251.9151301891892	247.6602328968969
0.0	Platycyclops	257.6739841421421	257.3393503393393
0.0	Platypodosaurus	259.8429528218218	254.17705997998
0.0	Polonodon	232.47402490290287	231.12165141841842
0.0	Polycynodon	256.86557587687685	256.5869404424425
0.0	Porosteognathus	265.617604968969	261.1388781501501
0.0	Pravoslavlevia	260.7519046306306	260.15018181881885
0.0	Pristerodon	263.3750486826827	254.09391277177176
0.0	Pristerognathoides	264.37334208208205	258.72996275975976
0.0	Pristerognathus	264.1481732802803	259.75825799199197
0.0	Pristerosaurus	261.58961644444446	260.8563415605605
0.0	Probainognathus	241.66960572372375	228.82535435635634
0.0	Proburnetia	262.3289297597598	261.54406946646645
0.0	Procynosuchus	261.9579362992993	249.20367423523524
0.0	Prodicynodon	258.44361852452454	254.1325246146146
0.0	Progalesaurus	251.65307509109113	251.40358785885883
0.0	Promoschorhynchus	259.61826104304305	253.20279039039042
0.0	Protheriodon	240.2021935985986	239.94023911711713
0.0	Protuberum	242.2451249119119	235.66577006206205
0.0	Prozostrodon	232.19031457557557	214.95633030230226
0.0	Pseudotherium	233.34649231531532	231.9818285135135
0.0	Pseudotriconodon	221.31547101001001	202.061468007007
0.0	Ptomalestes	264.07805159859856	260.07596224824823
0.0	Purlovia	259.85246884584586	256.8664985525525
0.0	Putillosaurus	248.72774661161162	248.4556046076076
0.0	Pyozia	268.7528313073073	268.08323992092096
0.0	Rabidosaurus	246.00583642442444	242.86711961461464
0.0	Raranimus	270.0204181981982	269.30668430330326
0.0	Rastodon	264.0344845635635	263.4305322672673
0.0	Rechnisaurus	246.04908617217217	242.71555289189192
0.0	Redondagnathus	217.70835666466468	216.8521007097097
0.0	Regisaurus	251.47951838338338	247.69327974674673
0.0	Reiszia	273.27626149949947	267.68964679679675
0.0	Repelinosaurus	248.89149802002004	248.61982805005005
0.0	Rewaconodon	235.2437573023023	217.04708324224225
0.0	Rhachiocephalus	259.71874597397397	253.67482405505507
0.0	Rhadiodromus	246.41938011411415	243.0385138778779
0.0	Rhinodicynodon	244.40720941341343	244.06415335735738
0.0	Rhopalodon	266.9541001751752	264.0494561191191
0.0	Riebeeckosaurus	262.5021853493494	261.7555523913914
0.0	Riograndia	228.32636543943943	208.5980324894895
0.0	Riojanodon	239.57843362862863	239.3639105965966
0.0	Robertia	264.2407163423423	258.6987405795796
0.0	Rosieria	206.8237683143143	203.43453504104102
0.0	Ruberodon	232.08350929329328	230.75902472972973
0.0	Rubidgea	259.5289392912913	252.09807695495496
0.0	Ruhuhucerberus	259.5010098348348	254.44627562562565
0.0	Ruthenosaurus	283.15786339339337	282.10427803403405
0.0	Sangusaurus	246.37384399899898	237.07650045545546
0.0	Santacruzgnathus	231.9423011671672	230.54849740440443
0.0	Santacruzodon	236.08008609209207	227.00225681381383
0.0	Santagnathus	227.56320559259257	208.4768876806807
0.0	Sauroctonus	263.0397618948949	256.78527393993994
0.0	Sauroscaptor	259.8916480810811	254.30277246146144
0.0	Scalenodon	247.0058988898899	237.8670472942943
0.0	Scalopocephalus	256.97878316316314	256.67625956756757
0.0	Scalopodontes	262.6392703533533	261.7829595035035
0.0	Scalopognathus	251.70753663963964	251.45981343743745
0.0	Scaloporhinus	254.75046423723725	254.4581863913914
0.0	Scaloposaurus	258.35671510510514	247.00826485285285
0.0	Scaloposuchus	256.8393332462462	256.5590957887888
0.0	Scylacoides	257.7803282042042	257.4087775395395
0.0	Scylacops	259.5966901481481	254.44646826526525
0.0	Scylacosaurus	263.5135071721722	255.28667592792794
0.0	Scylacosuchus	262.9500036826827	262.21623675275276
0.0	Scymnosaurus	264.0602762772773	259.79250442342345
0.0	Secodontosaurus	290.31389522222213	276.46770207407405
0.0	Sesamondontoides	244.32440101501504	243.97605339039038
0.0	Shaanbeikannemeyeria	245.33569270270272	242.29576166266267
0.0	Shansiodon	246.5931105105105	241.98877483583584
0.0	Shiguaignathus	255.84935834834835	255.5621568898899
0.0	Silphedosuchus	248.26040235035035	248.0084267887888
0.0	Silphoictidoides	258.1775167937938	254.9115047397397
0.0	Sinoconodon	206.22654394094096	205.33870195995996
0.0	Sinognathus	244.89849202802802	244.5862210550551
0.0	Sinokannemeyeria	246.61904755355354	240.37653002202202
0.0	Sinophoneus	272.9303154484484	267.5780285635635
0.0	Sintocephalus	258.0139117787788	257.6959424964965
0.0	Siriusgnathus	234.79597681381384	208.85603334634635
0.0	Sludica	263.66023170770774	260.266213968969
0.0	Smilesaurus	259.63305578178176	254.5212784864865
0.0	Sphenacodon	299.06917750150154	285.3959057447447
0.0	Stahleckeria	244.74822979379377	235.37553876876876
0.0	Stereophallodon	293.4776555205205	292.4443080980981
0.0	Struthiocephaloides	263.2465736256256	260.29153907707706
0.0	Struthiocephalus	264.3389875175175	259.66460923223224
0.0	Styracocephalus	263.0939631261261	260.3683783223223
0.0	Suchogorgon	263.87048566366366	259.774815974975
0.0	Suminia	264.2185047757758	259.59881102002
0.0	Sungeodon	248.4820142862863	248.22809142142145
0.0	Sycosaurus	259.8361641031031	254.5678102392392
0.0	Syodon	275.76118189289286	260.0772021401401
0.0	Syops	260.1250525715716	254.16985616216215
0.0	Sysphinctostoma	245.28399100300302	242.14416616316313
0.0	Tambacarnifex	286.56050252152147	285.65374343743747
0.0	Tamboeria	261.9809347587588	261.1748427157157
0.0	Taoheodon	254.67026781381378	254.3987347957958
0.0	Tapinocaninus	265.709191019019	265.16027298998995
0.0	Tapinocephalus	263.86415254254257	260.25709437537535
0.0	Taurocephalus	261.81413223323324	261.09119066666665
0.0	Tessellatia	218.08935481981982	217.23747901801804
0.0	Tetraceratops	279.8219481251251	278.73687236036034
0.0	Tetracynodon	259.1244438148148	247.59239201301304
0.0	Tetragonias	246.35685333033032	243.22050022422422
0.0	Theriognathus	259.8962743013013	243.89310466866868
0.0	Therioides	262.61365524824816	261.7844245225225
0.0	Theroteinus	204.8563566726727	204.06384097998
0.0	Thliptosaurus	256.097562970971	255.80296383183182
0.0	Thomasia	208.46915466066068	201.53679573773772
0.0	Thrinaxodon	251.88248034834837	246.70849804304305
0.0	Tigrisuchus	259.08162909709705	255.48088135835835
0.0	Tikitherium	233.5466393813814	232.15002117317314
0.0	Titanogomphodon	241.93330913613616	241.66514880680683
0.0	Titanophoneus	266.8565581741742	260.4779047787788
0.0	Titanosuchus	264.223481052052	259.5436779469469
0.0	Traversodon	242.3225399199199	236.59265183883883
0.0	Traversodontoides	245.02359894094093	244.69678996796796
0.0	Trichasaurus	278.329192044044	277.25409038838836
0.0	Tricuspes	216.12056883283284	201.92009097097096
0.0	Trirachodon	246.57566582682685	240.08115186486486
0.0	Trochorhinus	262.61541879679686	261.78189021021024
0.0	Trochosaurus	263.9027166816817	260.319502025025
0.0	Trochosuchus	262.06706441241244	261.28594563763767
0.0	Tropidostoma	263.0097846226226	254.17643551851853
0.0	Trucidocynodon	234.03116293493494	214.4178764764765
0.0	Turfanodon	257.93294326926923	251.65897374474474
0.0	Ufudocyclops	246.59619281681682	237.7482645065065
0.0	Ulemica	266.7295087107107	260.46207882482486
0.0	Ulemosaurus	266.3827517047047	260.5434307477478
0.0	Uniserium	204.91875939339343	204.14824737537535
0.0	Uralocynodon	259.8877975955956	259.34513606206207
0.0	Uralokannemeyeria	246.40467663763764	242.6161247937938
0.0	Urumchia	251.62443665265263	251.385882994995
0.0	Ustia	262.87490947947947	262.14852798999
0.0	Varanodon	269.91270093893894	269.2031446306307
0.0	Varanops	289.92789317817824	275.5092895435435
0.0	Varanosaurus	289.2126977297297	275.0504576996997
0.0	Vaughnictis	296.3328196446447	288.67104151651654
0.0	Venyukovia	265.79855508008006	265.2205612232232
0.0	Vetusodon	255.85306488888892	255.5838253873874
0.0	Viatkogorgon	263.25850136836834	260.22274107807806
0.0	Viatkosuchus	263.40359720020024	261.0145808788789
0.0	Vinceria	245.81846855555557	242.23387180880883
0.0	Vivaxosaurus	264.30762153353356	256.553582947948
0.0	Wadiasaurus	244.14136895695697	243.8334727177177
0.0	Walteria	261.818332051051	261.020231035035
0.0	Watongia	268.178810033033	267.5877956016016
0.0	Woutersia	208.0170967687688	202.94754406106105
0.0	Woznikella	234.57424425725722	228.85856609009008
0.0	Xiyukannemeyeria	246.46470434134136	235.79676122622618
0.0	Yikezhaogia	245.41965571571575	245.13621328328327
0.0	Zambiasaurus	244.98959069369369	244.64765174674673
