clade	species	ts	te
0.0	Abajudon	106.93084246823412	83.98782478839419
0.0	Abdalodon	81.60468114757379	81.26466625262631
0.0	Acratophorus	61.72601644372186	53.87136428214107
0.0	Adelobasileus	42.86198280490245	41.81620052626313
0.0	Aelurognathus_Temperate_S	84.64996474937469	77.04013883591796
0.0	Aelurosaurus	97.06265244322161	78.96221568834416
0.0	Aelurosuchus	70.4728541615808	70.07316430115057
0.0	Aerosaurus	127.99429910955477	115.90093022911455
0.0	Akidnognathus	83.34979445072537	78.71655230265132
0.0	Alemoatherium	48.417976700350174	47.01719908554277
0.0	Aleodon	70.76945390395197	50.66220336868434
0.0	Alepognathus	87.31880474087045	86.2809193521761
0.0	Alierasaurus	101.68875224612306	100.44816326763382
0.0	Alopecideops	86.53061969684842	85.73924604852427
0.0	Alopecodon	89.31554394697348	85.24352985392697
0.0	Alopecognathus	89.27952032016009	84.80576744222111
0.0	Alopecorhinus	83.88595502551274	83.28207817008504
0.0	Aloposaurus	84.99238035767884	78.23481160230115
0.0	Alrausuchus	97.93267663731866	90.73984371485743
0.0	Ameghinichnus	41.91014990645323	40.85775151125562
0.0	Andescynodon	72.01612946023012	45.039434169584794
0.0	Angelosaurus	106.82158037868933	90.9791908414207
0.0	Angonisaurus	69.93417234267133	69.52748584542272
0.0	Annatherapsidus	88.93088594847424	82.16442266183093
0.0	Anningia	88.28189514407204	87.40506517758878
0.0	Anomocephalus	91.69059503351676	90.54435900200099
0.0	Antecosuchus	71.47258586093047	67.39376495697849
0.0	Anteosaurus_Temperate_N	88.86873276238119	88.04258470835417
0.0	Anteosaurus_Temperate_S	89.40384132816408	84.6296018114057
0.0	Apsisaurus	119.11874884342171	117.83153983491746
0.0	Archaeosyodon	91.36275135117559	90.43003577988995
0.0	Archaeothyris	134.8032332946473	132.38546684392196
0.0	Archaeovenator	127.16314734367184	126.3536495317659
0.0	Arctognathus	84.84080259029514	78.74749551025512
0.0	Arctops	85.02238246523262	78.48463697398698
0.0	Arctotraversodon	60.76059691895948	54.24764988144072
0.0	Arisierpeton	111.7320299789895	110.91489830315157
0.0	Aulacephalodon	84.68976992046022	77.10580924762381
0.0	Aulacocephalus	82.413168016008	82.09628076988496
0.0	Australobarbarus	88.77599535067533	84.66517553176588
0.0	Australosyodon	91.4671060170085	90.27887488744373
0.0	Avenantia	86.92753768734367	86.08625918809405
0.0	Baldwinonus	127.49426971585793	118.63298606703351
0.0	Basilodon	84.64095065482742	78.33634640870436
0.0	Bauria	72.42478906303151	66.97117747623811
0.0	Beishanodon	74.13356373586794	73.9021873631816
0.0	Biarmosuchoides	91.19358573786893	90.25333126063032
0.0	Biarmosuchus	97.89946548574285	89.00925315257629
0.0	Biseridens	97.45154992496248	93.10142596498248
0.0	Blattoidealestes	84.4572107533767	83.89651068834418
0.0	Bohemiclavulus	126.44344445772887	125.70821368734366
0.0	Bolodon	31.80099632766383	30.88720652626313
0.0	Bolotridon	70.98724361880942	70.57397987743873
0.0	Bonacynodon	67.49707752326162	55.963739293146574
0.0	Boreogomphodon	59.17831171185592	42.88125716858429
0.0	Botucaraitherium	45.061006945472734	43.625437186593295
0.0	Brachyprosopus	89.71527947673837	84.71725936668335
0.0	Brachyzostrodon	33.257109063031514	27.580674132066033
0.0	Brasilitherium	51.51359860330165	33.87192341870935
0.0	Brasilodon	52.20813724812405	33.82533841820911
0.0	Brontopus	84.96552677388695	77.87163258829415
0.0	Bulbasaurus	84.69637781290645	79.42719343171586
0.0	Bullacephalus	89.24702791595799	88.3209952196098
0.0	Burnetia	81.06894508754377	80.77660564032016
0.0	Cabarzia	121.39506671585792	120.28151802251125
0.0	Callibrachion	111.40402274737369	110.69928482491245
0.0	Candelariodon	64.92929634217109	64.59718904402202
0.0	Caodeyao	80.68320485492748	80.39143706053027
0.0	Casea	108.95592349574787	97.82173430565283
0.0	Caseoides	106.97840018409205	92.49801526863433
0.0	Caseopsis	105.92592753326664	95.36496476088044
0.0	Cerdodon	91.88626009354677	91.07052453426714
0.0	Cerdorhinus	81.78116490295147	81.49023277138569
0.0	Cerdosuchus	81.29839771485742	80.9965916318159
0.0	Chalepotherium	29.076840036018005	28.231531890945472
0.0	Chaliminia	48.93842304552276	38.27555685642822
0.0	Charassognathus	82.02256287143571	81.69843793546774
0.0	Charruodon	46.00128131515758	44.561477354677336
0.0	Chiniquodon	67.35204143121561	43.22597431565782
0.0	Choerosaurus	95.54319084992497	81.31412989694847
0.0	Chthomaloporus	90.78463732716358	90.0170131895948
0.0	Chthonosaurus	87.17874634917459	83.26378828314155
0.0	Cistecephaloides	81.97608794597299	81.69469186693345
0.0	Cistecephalus	84.69139355227612	79.08962768534266
0.0	Cistecynodon	70.47331678189094	70.08165111055528
0.0	Clelandina	84.83383675237619	77.7395218074037
0.0	Clepsydrops	131.5694184622311	103.51937604152076
0.0	Colobodectes	89.24947534817409	77.37066593446724
0.0	Compsodon	85.43009558629315	77.8028224392196
0.0	Cotylorhynchus	108.62110563431716	90.8814364442221
0.0	Counillonia	74.78693925462731	74.59924005902951
0.0	Cricodon	72.33374817858929	61.38052252126063
0.0	Criocephalosaurus	89.77549646923461	85.04212996648324
0.0	Cromptodon	69.5000141235618	69.07859199299651
0.0	Cryptocynodon	85.10473865482741	79.58384234717359
0.0	Cryptovenator	124.3150690610305	123.36727439319661
0.0	Ctenorhachis	111.06088689994998	110.40451040470235
0.0	Ctenospondylus	120.01404393796898	109.18437152426213
0.0	Cutleria	122.1477279569785	113.11654727013507
0.0	Cynariognathus	89.1967078274137	85.1359416388194
0.0	Cyniscops	81.72915766433216	81.42469537018509
0.0	Cynognathus	72.34720898599299	53.096793086543265
0.0	Cynosaurus	84.8057232226113	77.74831140220111
0.0	Cyonosaurus	84.88396183091545	77.10652379689844
0.0	Dadadon	62.21125545272636	53.690235528264125
0.0	Dalongkoua	78.38444716758377	78.10000147673837
0.0	Daptocephalus	88.74621238269135	76.89646213306654
0.0	Daqingshanodon	80.51997687893947	80.26244159679841
0.0	Datheosaurus	124.47768005702851	123.37965558329165
0.0	Davletkulia	94.47454291495748	93.56974631715858
0.0	Deccanodon	50.30865014607304	49.614764945972986
0.0	Delectosaurus	84.03402741920962	82.36634556028014
0.0	Delphinognathus	87.09754781840921	86.29673064982492
0.0	Deuterosaurus	91.94519176438219	85.43425199749875
0.0	Diademodon	72.36877107803902	55.536934346173084
0.0	Dicynodon_Temperate_N	90.35698399649824	85.38623321810906
0.0	Dicynodon_Temperate_S	111.71301744472237	63.67227559329665
0.0	Dicynodontipus_Temperate_N	71.4771154422211	71.17735655427714
0.0	Dicynodontipus_Temperate_S	83.95305831865932	60.6984543801901
0.0	Dicynodontoides_Temperate_S	85.17723264232116	73.9895898584292
0.0	Diegocanis	57.546837973986996	56.05275501250625
0.0	Digalodon	84.6765511815908	77.58553556328164
0.0	Diictodon_Temperate_N	78.44320507953977	78.17578155577789
0.0	Diictodon_Temperate_S	92.12703664132066	77.06784946673336
0.0	Diictodontoides	81.54167632166083	81.23576507053527
0.0	Dimacrodon	107.71376265582792	93.15255968634318
0.0	Dimetrodon	123.90995575787895	89.51029956328163
0.0	Dinanomodon	84.80693176938468	73.55880420110056
0.0	Dinodontosaurus	67.10454585992997	57.3556241865933
0.0	Dinogorgon	84.85740229564783	78.68624264432216
0.0	Dinosaurus	91.79456508704352	89.99308063031516
0.0	Dolichuranus	70.19117176188094	69.81381097698849
0.0	Dolomitipes	77.43474652276137	73.51781470435219
0.0	Driveria	100.1836323771886	98.78060841720861
0.0	Dromatherium	43.69536907253627	42.753972548774385
0.0	Dvinia	87.21884335767885	83.31569864382192
0.0	Ecteninion	57.49664912906453	55.92977395847924
0.0	Edaphosaurus	129.22063508754377	93.39924507453726
0.0	Elcabrosaurus	126.63187119309656	125.82514539169584
0.0	Elephantosaurus	64.21170433316658	63.953872606803394
0.0	Elliotsmithia	88.22074310355177	87.2831062576288
0.0	Elph	88.2993588014007	83.85990833966983
0.0	Emydochampsa	82.50382875687843	82.1886472236118
0.0	Emydops	95.24343863781891	78.69819603451725
0.0	Emydorhinus	84.09246329464733	78.94799065032515
0.0	Emydorhynchus	81.57068561730865	81.2445206028014
0.0	Emyduranus	84.25131391345673	80.06415828614307
0.0	Endothiodon_Temperate_S	101.270415006003	78.64653671785894
0.0	Endothiodon_Tropical_S	84.07835893996999	77.21022767933967
0.0	Ennatosaurus_Temperate_N	97.59010310355178	89.631520993997
0.0	Ennatosaurus_Tropical_N	87.81178745772885	86.89437313006505
0.0	Eocasea	127.15127988294147	126.35006736868434
0.0	Eodicynodon	96.0065211525763	87.47597100600301
0.0	Eoraetia	30.67386313956979	29.836912019509754
0.0	Eosimops	89.49250866383193	80.60532112106053
0.0	Eothyris	112.10902744522261	111.22208034467232
0.0	Eozostrodon	31.650399954477237	27.831788976988495
0.0	Ericiolacerta	76.46479703301652	72.80521696598299
0.0	Eriphostoma	90.08042147523761	78.65288946623312
0.0	Estemmenosuchus	94.24605908254127	89.12615944372187
0.0	Eubrachiosaurus	57.99245171285643	56.9001352076038
0.0	Euchambersia	81.30000060780391	80.98952820710355
0.0	Euptychognathus	82.60581427863933	82.27121795447725
0.0	Euromycter	107.03154892196098	106.03235945272637
0.0	Exaeretodon_Temperate_S	65.5590014252126	33.2051892346173
0.0	Exaeretodon_Tropical_N	69.53652354827415	69.16382199549774
0.0	Fluctuodon	30.77578324462231	29.88493557128564
0.0	Galechirus	88.39196296448225	84.99301782841421
0.0	Galeops	89.14592370735369	81.05722857828914
0.0	Galesaurus	77.11470378289145	72.01349008154078
0.0	Gaumia	40.48745168584292	26.864701945472735
0.0	Geikia_Temperate_N	78.05915411605804	77.79762323511756
0.0	Geikia_Temperate_S	84.3365155947974	79.71018634467234
0.0	Glanosuchus	91.83671931165583	85.07707073236618
0.0	Glaucosaurus	106.90412468884442	105.80751827513757
0.0	Gomphodontosuchus	58.30933103951976	46.16085513706854
0.0	Gondwanadon	57.183825262131066	56.46756051375689
0.0	Gordonia	79.03985365632816	76.91324658879441
0.0	Gorgodon	104.56777127163582	93.60357095997998
0.0	Gorgonops	89.70874626863431	78.09829639569784
0.0	Gorochovetzia	85.44775022761381	84.84661620360178
0.0	Gorynychus	88.35778623261629	85.13236395197599
0.0	Habayia	30.66038533066533	29.79925123261631
0.0	Hahnia	29.91211434517259	29.0574487953977
0.0	Hallautherium	30.35402849324662	29.526239048524264
0.0	Haptodus	130.94816492296147	110.63194976588294
0.0	Haramiyavia	32.35017699749875	28.38853196298149
0.0	Hazhenia	72.13500427363681	71.84141671135569
0.0	Heleosaurus	86.66160481040521	85.84355983991996
0.0	Helvetiodon	29.044017326163083	28.22539718809405
0.0	Herpetoskylax	84.4786267963982	80.00449926463232
0.0	Hipposaurus	88.97168990195097	85.56278692996497
0.0	Hofmeyria	84.84002183991997	78.97707052326162
0.0	Homodontosaurus	83.95840587843922	78.07657535017508
0.0	Hwanghocynodon	81.94483798449224	81.59786068184093
0.0	Hyaenasuchus	87.49204375987995	86.41798207753875
0.0	Hypselohaptodus	121.68765591195599	120.57040861630817
0.0	Hypsiprymnopsis	30.260436660330168	29.325563319159578
0.0	Ianthasaurus	130.9454831855928	128.6866894662331
0.0	Ianthodon	130.1171854182091	129.33347470535267
0.0	Ichibengops	83.40749418009004	79.42743626263132
0.0	Icticephalus	82.24384395447723	81.93539708554279
0.0	Ictidochampsa	80.27636921210606	79.96868789594797
0.0	Ictidognathus	86.13174793096547	80.87961787443722
0.0	Ictidorhinus	81.93302871685843	81.62159845572786
0.0	Ictidosaurus	92.18983645172585	85.85512469084543
0.0	Ictidosuchops	84.64998017508755	77.34968226713356
0.0	Ictidosuchus	83.00459391345672	82.675153945973
0.0	Idelesaurus	88.12153047273638	87.37926202401202
0.0	Impidens	70.04588743621811	69.6301043731866
0.0	Inostrancevia_Temperate_N	89.75653325812905	81.37233544622312
0.0	Inostrancevia_Temperate_S	82.03413966333166	81.70371151725863
0.0	Interpresosaurus	83.32229693146574	83.05436111155578
0.0	Irajatherium	49.44197513956978	37.60761791145573
0.0	Ischigualastia	61.589939350675344	52.197230253626806
0.0	Isengops	81.69934216658329	81.38429711505752
0.0	Jachaleria	65.68775191745873	33.76879541670836
0.0	Jimusaria_Temperate_N	80.65149429814909	76.92676784142073
0.0	Jiufengia	81.83768894147073	81.5381478364182
0.0	Jonkeria	90.04381844772387	81.16145169934967
0.0	Julognathus	87.31289675087544	86.4345202046023
0.0	Kamagorgon	99.87155789794897	94.86841025212607
0.0	Kannemeyeria	75.5617921865933	66.97988246373187
0.0	Karenites	88.41323570885443	85.5067274352176
0.0	Kataigidodon	42.431594595797904	41.35553536018009
0.0	Katumbia	84.54892431165582	79.41947089694848
0.0	Kawingasaurus	84.49424632016007	79.41264989544773
0.0	Kembawacela	84.50362200500248	78.57401188294148
0.0	Kenomagnathus	129.8602615187594	129.09617834867433
0.0	Keratocephalus	89.82678559679842	84.87592073436718
0.0	Keyseria	80.1073295327664	79.81797079289645
0.0	Kitchinganomodon	84.61272903051525	78.41211946873437
0.0	Knoxosaurus	106.63194713406705	94.82711269284641
0.0	Kombuisia	70.72232567033517	68.04483932116058
0.0	Kotelcephalon	87.03546760130064	86.24955413356678
0.0	Kuehneotherium	33.03479967783892	27.157378473236616
0.0	Kunpania	80.55168054127063	80.31236967533766
0.0	Kwazulusaurus	81.28024828714356	80.99914993846923
0.0	Lalieudorhynchus	89.51091783441721	88.52622069434717
0.0	Langbergia	76.00299011555778	72.11294727163583
0.0	Lanthanostegus	88.68300963981993	86.12153550475237
0.0	Lemurosaurus	83.16756051575788	79.22794630215107
0.0	Lende	82.1933372116058	81.82444546373186
0.0	Leogorgon	87.14199054127064	84.02651158829414
0.0	Leontosaurus	85.06154743971985	76.99117594897449
0.0	Lepagia	33.31380884092046	27.16008219709855
0.0	Leucocephalus	82.45648218559279	82.14418581890945
0.0	Lisowicia	37.07973446323162	36.192393958979494
0.0	Lobalopex	82.19928773836918	81.8894398024012
0.0	Lophorhinus	81.83899787243622	81.53934660230115
0.0	Luangwa	72.18466892346171	55.49192437118559
0.0	Lumkuia	70.0462211905953	69.63891139069534
0.0	Lupeosaurus	121.73993636068033	120.24996916508255
0.0	Lycaenodon	84.1064037883942	80.37821464832416
0.0	Lycaenops	84.78821208304151	77.91981007703852
0.0	Lycedops	86.62839424012006	85.77189924762382
0.0	Lycideops	80.96064113706854	80.65846928614309
0.0	Lycosaurus	88.45951588994497	81.0409482236118
0.0	Lycosuchus	87.35899304802402	86.4119653911956
0.0	Lystrosaurus_Temperate_N	78.92282653976989	74.62007516408202
0.0	Lystrosaurus_Temperate_S	87.44510374987495	72.17420263731866
0.0	Macromerion	126.65115892596299	125.59511809054527
0.0	Madysaurus	57.84573166933466	56.926709029514754
0.0	Malasaurus	83.15631456928465	82.86185823311655
0.0	Mandagomphodon	71.33056832566284	68.03231392746375
0.0	Martensius	112.78103204252128	111.97328575337669
0.0	Massetognathus	67.11561106753378	56.11221498349175
0.0	Mastersonia	101.81540891045523	100.56268049024513
0.0	Maubeugia	31.29981097398699	30.443420309654826
0.0	Megawhaitsia	84.23519168184093	82.25838341870936
0.0	Melanedaphodon	134.02603034217108	133.20916737268632
0.0	Menadon	65.24608970235117	51.761024636318155
0.0	Mesenosaurus_Temperate_N	98.19577376588293	89.12490946173087
0.0	Mesenosaurus_Tropical_S	112.31232573586793	111.28189311305653
0.0	Meurthodon	30.31720948824412	29.51257638869435
0.0	Microconodon	58.31161994697349	36.22515778189095
0.0	Microgomphodon	75.27304309204602	67.12985687193596
0.0	Microhelodon	69.55644991545772	69.17031046123063
0.0	Microscalenodon	32.39686617508754	28.487104292146068
0.0	Microsyodon	98.76047524362181	93.08971544272137
0.0	Microurania	89.70718768234116	82.69863490195098
0.0	Microvaranops	89.55952758429214	84.83359313906954
0.0	Microwhaitsia	83.69485301300651	79.59173047923962
0.0	Milosaurus	128.36071784792398	127.50801672386193
0.0	Minicynodon	45.50312482591296	43.89761980090045
0.0	Mirotenthes	84.39806689094549	80.29429968484243
0.0	Mitredon	29.721598784892446	28.89219468334167
0.0	Mobaceras	92.39038491245623	91.40096868834416
0.0	Moghreberia	60.887057725862924	31.117964297148575
0.0	Mojo	30.604205693846925	29.60935927563782
0.0	Molybdopygus	91.07726711305654	90.26243037418709
0.0	Morganucodon	32.35318667033517	27.016545092546274
0.0	Mormosaurus	91.99751613656828	86.2371314342171
0.0	Moschops	89.92930146273136	82.15944046123062
0.0	Moschorhinus	84.62734250775388	72.20721909904952
0.0	Moschowhaitsia	85.0036895597799	82.2423534382191
0.0	Muchia	87.31789294547272	86.52930966433216
0.0	Mucrotherium	29.775705546273137	28.92330213306653
0.0	Mupashi	81.69302470535267	81.37229366633316
0.0	Mycterosaurus	114.31962645422712	99.7192761345673
0.0	Myosauroides	82.47225711555778	82.19129952276137
0.0	Myosaurus	76.82016414907454	72.00904044672336
0.0	Nanictidops	82.35394837468735	82.04007723811907
0.0	Nanictocephalus	82.09967275987994	81.80386203851926
0.0	Nanictosaurus	83.81431049324662	78.09513025462732
0.0	Nanocynodon	87.42507333766883	86.76057174487244
0.0	Nanogomphodon	63.561326613306655	63.30733253476738
0.0	Neosaurus	117.83477027463732	116.7800263731866
0.0	Niaftasuchus	96.4816074552276	89.78869728664333
0.0	Niassodon	82.72657703851925	82.37987293096549
0.0	Nikkasaurus	96.36320755577789	91.57696558629314
0.0	Nitosaurus	126.36655392096048	125.53236363181591
0.0	Niuksenitia	87.52171550925462	86.70428557628814
0.0	Nochnitsa	87.10710389794897	86.25589785292647
0.0	Notaelurodon	80.17368150125063	79.87475376938471
0.0	Nothogomphodon	70.49143699849925	68.37172223611806
0.0	Notosyodon	88.57596656178089	87.73615711155578
0.0	Nshimbodon	81.98631024462232	81.63603115257631
0.0	Nythosaurus	70.11087549524761	69.6785460370185
0.0	Odontocyclops	84.98213508854427	79.25275508204102
0.0	Oedaleops	127.0760119469735	113.43166486243122
0.0	Oligokyphus	32.249659600300156	28.24249918909455
0.0	Olivierosuchus	76.32017184492246	71.96970489894947
0.0	Ophiacodon	129.03523581090545	93.30897972936468
0.0	Ophidostoma	81.55994252376188	81.26372677188594
0.0	Ordosiodon	71.04691262681341	67.74439510405203
0.0	Oromycter	112.8591526178089	112.01281930765383
0.0	Otsheria	90.96948339969984	90.07258750675338
0.0	Oudenodon_Temperate_S	87.64597433866933	76.98603327763882
0.0	Pachydectes	86.63728547873936	85.81817705752877
0.0	Palemydops	84.06192134417208	79.89075617458731
0.0	Pampaphoneus	92.05056084592296	86.66700684242122
0.0	Panchetocynodon	76.12548772786394	75.90902807003502
0.0	Parabradysaurus	99.00382972536269	93.5088082346173
0.0	Paraburnetia	82.68019728714357	82.36751769134567
0.0	Paragalerhinus	80.66675488044022	80.36870268534267
0.0	Parakannemeyeria_Temperate_N	71.79507619609804	65.90725810755379
0.0	Parasuminia	86.84795983391695	86.19573111305652
0.0	Paratraversodon	66.58836994847424	58.27080248424212
0.0	Pardosuchus	87.85160743921962	86.84533967033516
0.0	Pascualgnathus	60.85061503601801	53.82391811255628
0.0	Patranomodon	91.69878024212105	89.49838805552776
0.0	Pelanomodon	84.31490056428214	77.08432810555279
0.0	Pelictosuchus	83.46597717708855	78.22759256778389
0.0	Pentasauropus_Temperate_S	67.12530707653826	33.973347520760385
0.0	Pentasauropus_Tropical_N	44.02664252776388	43.05577123111556
0.0	Pentasaurus	37.7862426208104	36.62287982391195
0.0	Peramodon	87.91686160830416	83.50345683891948
0.0	Perplexisaurus	90.67833336818408	84.79068132316159
0.0	Phocosaurus	88.64092012206102	85.58694297198599
0.0	Phreatophasma	98.21134076588294	97.38520301650826
0.0	Phthinosaurus	95.27992232616309	89.81186836518259
0.0	Placerias	59.22670332266133	34.01993615957979
0.0	Planitorostris	64.34632542521261	64.03434975887944
0.0	Platycraniellus	76.55311826563282	72.18048684292147
0.0	Platycyclops	82.2927342676338	81.99234741270635
0.0	Platypodosaurus	84.579576010005	79.08729535367684
0.0	Plinthogomphodon	44.27571495347674	43.272590671835914
0.0	Polonodon	56.40247539719859	55.33836845672837
0.0	Polycynodon	82.07530919709853	81.76694644422211
0.0	Porosteognathus	90.24677464082042	86.26141168384191
0.0	Pravoslavlevia	86.06954703251625	85.45079118459229
0.0	Pristerodon_Temperate_S	88.97177238569284	79.12261591095547
0.0	Pristerognathoides	89.88093010255128	82.7896968324162
0.0	Pristerognathus	89.38497275987994	84.83523894597299
0.0	Pristerosaurus	87.97576575137569	87.05861124462231
0.0	Probainognathus	66.88210369084544	53.21747574687344
0.0	Proburnetia	87.485044018009	86.61182629264633
0.0	Procynosuchus_Temperate_N	86.18720942571284	80.9451106298149
0.0	Procynosuchus_Temperate_S	84.76776925412706	73.76361410155079
0.0	Prodicynodon	83.15763624662331	79.81998927063532
0.0	Progalesaurus	76.74913128514257	76.54688927263632
0.0	Promoschorhynchus	84.47593908904453	77.79915167883942
0.0	Prosictodon	90.26038602251124	89.51441609504752
0.0	Protheriodon	64.52020772486243	64.22232464432216
0.0	Protuberum	67.4537511615808	60.231242267133574
0.0	Prozostrodon	58.77667550625313	36.14322806603302
0.0	Pseudotherium	57.075706514257135	55.467548487743876
0.0	Pseudotriconodon_Temperate_N	40.78189191495748	26.94430492246123
0.0	Pseudotriconodon_Tropical_N	42.30803865332666	41.3212496138069
0.0	Ptomalestes	88.90159989394697	85.11888625612805
0.0	Purlovia	84.53885422061029	82.41808123761881
0.0	Putillosaurus	74.16511376288145	73.93852901450725
0.0	Pyozia	93.8206187933967	92.87977081690846
0.0	Rabidosaurus	71.28906328164082	68.18849679189594
0.0	Raranimus	96.57876499249625	95.68377428964483
0.0	Rastodon	87.55717284892445	86.63836113406703
0.0	Rechnisaurus	70.61356446873437	68.03556921560781
0.0	Redondagnathus	42.50613675987994	41.54611685192596
0.0	Regisaurus	76.37011573336669	72.90379051575788
0.0	Reiszia	95.03286544972487	90.00751842971485
0.0	Remigiomontanus	124.1511767353677	122.98791658929464
0.0	Repelinosaurus	75.16152087993997	74.95849403001502
0.0	Rewaconodon_Temperate_S	58.98721895747874	55.37735968534267
0.0	Rewaconodon_Tropical_S	42.545965776888444	41.5251025937969
0.0	Rhachiocephalus	84.54247682841421	79.00288155227615
0.0	Rhadiodromus	70.93672986843421	67.67116348974488
0.0	Rhinodicynodon	69.04003102301151	68.65204244422212
0.0	Rhopalodon	91.6890674142071	89.67025220360179
0.0	Riebeeckosaurus	87.00294842421212	86.06037082941472
0.0	Riograndia	51.76160012256128	34.15131046573286
0.0	Riojanodon	59.14778711005503	58.02564905552776
0.0	Robertia	89.22959004152075	83.7319636748374
0.0	Rosieria	32.776240861430715	28.79925303051526
0.0	Ruberodon	56.57850904952476	55.917639409204604
0.0	Rubidgea	84.64242657728863	77.44510425562781
0.0	Ruhuhucerberus	83.71988183191597	79.59173019859931
0.0	Ruthenosaurus	110.26950990745372	109.35541222211106
0.0	Ruthiromia	127.30767035167584	126.50423353926963
0.0	Sangusaurus	71.59340168134068	63.76692104102051
0.0	Santacruzgnathus	56.93447414857429	55.54005708604302
0.0	Santacruzodon	60.947329687343675	52.633804630315154
0.0	Santagnathus	52.31059546123061	33.40643127163582
0.0	Sauroctonus_Temperate_N	88.00515905152577	87.14532873736869
0.0	Sauroctonus_Temperate_S	82.57617483991996	82.18707620960481
0.0	Sauroscaptor	84.93640436768383	79.26680321810906
0.0	Scalenodon	71.98430345472735	63.9099712146073
0.0	Scalenodontoides	51.2964403961981	27.906524407203605
0.0	Scalopocephalus	82.93236403951977	82.60218082191095
0.0	Scalopodontes	86.63658568684343	85.84774667033517
0.0	Scalopognathus	76.6312047813907	76.47110385542771
0.0	Scaloporhinus	80.92574013206604	80.65121678789394
0.0	Scaloposaurus	83.48676532366183	71.91755025562782
0.0	Scaloposuchus	80.62731445822911	80.32916226513257
0.0	Scylacoides	84.22684649974988	83.75429042171085
0.0	Scylacops	84.79360142521261	78.89319913756879
0.0	Scylacosaurus	88.49771201050525	80.3279966008004
0.0	Scylacosuchus	86.87089654027014	86.20367832616309
0.0	Scymnosaurus	89.56253473086544	84.81227531915957
0.0	Secodontosaurus	115.60801530365183	101.80187111605802
0.0	Sesamondontoides	69.25836019709855	68.82996754627314
0.0	Shaanbeikannemeyeria	71.56171990295148	68.02742508704353
0.0	Shansiodon_Temperate_N	72.03236702801401	67.28196190195098
0.0	Shansiodon_Temperate_S	69.48846327513756	69.05441341270635
0.0	Shashajaia	113.03421353676836	111.92295955627813
0.0	Shiguaignathus	81.00653028864433	80.71984685792897
0.0	Silphedosuchus	74.50072619009504	74.27144296748372
0.0	Silphoictidoides	83.78601471185593	80.4317786338169
0.0	Sinoconodon	30.25857323411706	29.355341424712353
0.0	Sinognathus	69.430040010005	69.01000807153575
0.0	Sinokannemeyeria	72.00554673136568	65.2040994272136
0.0	Sinophoneus	97.67035797848925	91.81386315107554
0.0	Sintocephalus	82.01571770785392	81.71084338769384
0.0	Siriusgnathus	58.64462553076538	36.54718826313157
0.0	Sludica	89.05839147873938	85.4671886468234
0.0	Smilesaurus	83.86207078289144	79.09688128514256
0.0	Sphenacodon	128.26613474037018	108.64646733716859
0.0	Stahleckeria	70.28174989744873	59.76475031515758
0.0	Steppesaurus	100.96906528564283	99.73930973536768
0.0	Stereophallodon	117.70859083191594	116.54112209154577
0.0	Stereorhachis	129.47605959029514	128.69637696348175
0.0	Struthiocephaloides	88.67502727813907	86.19150319809906
0.0	Struthiocephalus	89.34197730815407	84.74068460830415
0.0	Styracocephalus	88.90660915607803	85.49585069434717
0.0	Suchogorgon	89.35660365032516	85.35260799149576
0.0	Suminia	89.40690286493246	84.57681529814909
0.0	Sungeodon	76.65859126913458	76.48475872836418
0.0	Sycosaurus	84.68039916958479	79.67883976438219
0.0	Syodon	100.70690896198099	85.43660232016009
0.0	Syops	84.73314226663331	79.0173027603802
0.0	Sysphinctostoma	70.17782138269135	67.72951010105054
0.0	Tambacarnifex	112.17668085842921	111.47701514057029
0.0	Tamboeria	86.68978432066034	85.8613671905953
0.0	Taoheodon	80.28372510855428	79.9836049429715
0.0	Tapinocaninus	90.84562060480239	89.7865282286143
0.0	Tapinocephalus	88.42546076288144	85.26402338169085
0.0	Tappenosaurus	106.67183777288645	94.95529249174587
0.0	Taurocephalus	87.09640566983491	86.25115601400701
0.0	Tenuacaptor	130.02022917558782	129.22734556728363
0.0	Tessellatia	43.429838676838415	42.28300919609805
0.0	Tetraceratops	103.71700034217108	102.42836037168586
0.0	Tetracynodon	84.4840733551776	72.10929304752376
0.0	Tetragonias	71.73333457928963	68.40205954427213
0.0	Theriognathus	84.83978468934467	69.49703797548773
0.0	Therioherpeton	51.69510074687343	50.3423344212106
0.0	Therioides	87.45018292546273	86.54010181890946
0.0	Theroteinus	29.57137083791896	28.74297936068034
0.0	Thliptosaurus	81.16466427413707	80.88464650675337
0.0	Thomasia	40.480313805402695	26.315244985992994
0.0	Thrinaxodon	76.88264733466734	72.21607977588795
0.0	Tiarajudens	91.83535955177588	90.79929901700851
0.0	Tigrisuchus	83.93460476188093	80.57699435117559
0.0	Tikitherium	57.152781081540766	56.39588128114057
0.0	Titanophoneus	92.29462335667833	85.30590457028515
0.0	Titanosuchus	92.825828018009	84.59843968334168
0.0	Traversodon	67.3800244052026	58.98891691595798
0.0	Traversodontoides	69.54381323261632	69.17187534967483
0.0	Trichasaurus	104.21962131615808	103.00500244472236
0.0	Tricuspes	40.3589376158079	26.39339920410205
0.0	Trirachodon	71.96924460030017	67.3093108284142
0.0	Tritylodon	34.28018914107053	33.31191556128064
0.0	Trochorhinus	87.29543506803402	86.4030278044022
0.0	Trochosaurus	89.47240198249125	85.24624705752876
0.0	Trochosuchus	87.6987692436218	86.71115969684841
0.0	Tropidostoma	87.82278948674337	79.32213737118559
0.0	Trucidocynodon	59.628071643321654	38.73173809054527
0.0	Turfanodon_Temperate_N	83.32514124762382	76.9611771835918
0.0	Ufudocyclops	70.98391068634317	67.34288300350175
0.0	Ulemica	92.45405887143572	85.27590014107054
0.0	Ulemosaurus	91.76031785192596	85.17375244772386
0.0	Uniserium	31.134036238619313	30.24855247823912
0.0	Uralocynodon	86.06360512406204	85.43227454827412
0.0	Uralokannemeyeria	70.99124451125563	67.9464537993997
0.0	Urumchia	76.71629743271635	76.54194520410205
0.0	Ustia	86.91975331565783	86.18673417108553
0.0	Varanodon	94.63908650925462	93.51651425362681
0.0	Varanops	116.21791895747873	100.57744408054026
0.0	Varanosaurus	114.47979396548273	98.39063765032516
0.0	Vaughnictis	122.2867967273637	112.73491176238119
0.0	Venyukovia	91.42582863131567	90.57703841670835
0.0	Vetusodon	80.72663396548273	80.41579898149074
0.0	Viatkogorgon	89.02333842871435	85.43643346073036
0.0	Viatkosuchus	88.3225238844422	85.19328788244123
0.0	Vinceria	71.90160807353676	67.20367317558778
0.0	Vivaxosaurus	89.22329151825912	81.74034177488745
0.0	Wadiasaurus	69.3427363941971	68.99326621710856
0.0	Walteria	87.5573524152076	86.67382975437721
0.0	Wantulignathus	92.4872888064032	91.4083859949975
0.0	Watongia	93.80226189994997	92.42989209654829
0.0	Woutersia	32.39648388894447	27.57891395347674
0.0	Woznikella	60.66749614957479	53.96489892396198
0.0	Xiyukannemeyeria	72.2267784112056	62.1162287933967
0.0	Xyrospondylus	130.52216448324162	128.63367600650326
0.0	Yikezhaogia	68.83357284292147	68.45980103251625
0.0	Zambiasaurus	69.59763741970986	69.17836439969984
