clade	species	ts	te
0.0	Abajudon	281.9630240883232	259.13248897899985
0.0	Abdalodon	256.6342715644952	256.2919666396737
0.0	Acratophorus	236.72559257087303	228.55200698332203
0.0	Adelobasileus	217.98804094086603	216.68998678110864
0.0	Aelurognathus_Temperate_S	259.80416567132966	252.07000179329768
0.0	Aelurosaurus	271.86381335362614	253.97188565171837
0.0	Aelurosuchus	245.44803410038998	245.0921112358915
0.0	Aerosaurus	303.30428106077846	291.2659711668129
0.0	Akidnognathus	258.2986115656174	253.76549397947753
0.0	Alemoatherium	223.4911901891799	221.98440942348248
0.0	Aleodon	245.425067030267	226.05293434355937
0.0	Alepognathus	262.1949677492639	261.4951394529495
0.0	Alierasaurus	276.63660950016106	275.4839517652641
0.0	Alopecideops	261.4594598926877	260.81188528801437
0.0	Alopecodon	264.13865990561004	260.279165223158
0.0	Alopecognathus	264.1209789450771	259.7820905955066
0.0	Alopecorhinus	258.82459943849386	258.3548164576051
0.0	Aloposaurus	260.1213970825565	253.2590485283615
0.0	Alrausuchus	273.1660130396561	265.62674183446484
0.0	Ameghinichnus	216.98337218242426	215.70395281944243
0.0	Andescynodon	246.64036414246823	219.5821383093701
0.0	Angelosaurus	281.82553757911757	266.24595642536025
0.0	Angonisaurus	244.91879901333346	244.55562025829175
0.0	Annatherapsidus	264.053839485361	257.0208405223058
0.0	Anningia	263.2492835828954	262.49963688794327
0.0	Anomocephalus	266.68492125084725	265.6480839920777
0.0	Antecosuchus	246.4468214636607	242.41680583483148
0.0	Anteosaurus_Temperate_N	263.8873881943466	263.03280786247626
0.0	Anteosaurus_Temperate_S	264.3403169113657	259.6137453752931
0.0	Apsisaurus	293.9322978789653	292.95569862488475
0.0	Archaeosyodon	266.415186131446	265.39471014155714
0.0	Archaeothyris	310.0796736747076	307.207633518428
0.0	Archaeovenator	302.27274542058245	301.24781345030505
0.0	Arctognathus	259.97366297638865	253.7912209026767
0.0	Arctops	260.25804373880817	253.4511947455416
0.0	Arctotraversodon	236.04837020722454	228.42893312467916
0.0	Arisierpeton	286.73483876286406	285.98599629741443
0.0	Aulacephalodon	259.8773735014723	252.10703198135536
0.0	Aulacocephalus	257.4370967940866	257.0942097557306
0.0	Australobarbarus	263.8640065284836	259.6098322388471
0.0	Australosyodon	266.4411836079734	265.39962232029245
0.0	Avenantia	261.8233974046823	261.1298046272625
0.0	Baldwinonus	302.96663124572495	294.0154714750831
0.0	Basilodon	259.94443111774575	253.2304476429849
0.0	Bauria	247.43266285602067	242.00543472300802
0.0	Beishanodon	249.14899781036456	248.8937533328259
0.0	Biarmosuchoides	266.2305431279015	265.2134106541406
0.0	Biarmosuchus	273.1079257713086	263.9059616169624
0.0	Biseridens	272.714646094401	267.9622670886899
0.0	Blattoidealestes	259.4400126400071	258.95003251582796
0.0	Bohemiclavulus	301.5847770871343	300.5742303243592
0.0	Bolodon	206.7708258304648	205.90495569700778
0.0	Bolotridon	245.97009615633505	245.61342105006722
0.0	Bonacynodon	242.22996508738987	231.72734790365448
0.0	Boreogomphodon	234.78940250657226	216.61199428510318
0.0	Botucaraitherium	220.0439641210569	218.68793384200936
0.0	Brachyprosopus	264.6221050100001	259.68974118239083
0.0	Brachyzostrodon	208.34540091471015	202.6304821064345
0.0	Brasilitherium	226.77039241647128	208.6915570937566
0.0	Brasilodon	227.245928027667	208.549000493761
0.0	Brontopus	259.67023374236385	252.87999333652596
0.0	Bulbasaurus	259.875280608129	254.50442696316622
0.0	Bullacephalus	264.237151187291	263.3620347741864
0.0	Burnetia	256.058803074812	255.77722950977233
0.0	Cabarzia	296.340787583962	295.325228430927
0.0	Callibrachion	286.4485485028944	285.7184337033078
0.0	Candelariodon	239.92974445894953	239.6026972554362
0.0	Caodeyao	255.68634377699755	255.4020295106168
0.0	Casea	284.0264356512295	272.73157039168217
0.0	Caseoides	281.8752957871088	268.12572134009264
0.0	Caseopsis	280.8799730186225	270.6005360074112
0.0	Cerdodon	266.9521926324959	265.99148376160844
0.0	Cerdorhinus	256.7820774617607	256.48664697936647
0.0	Cerdosuchus	256.3016448403649	256.00139357041746
0.0	Chalepotherium	204.0515774611607	203.29038293447707
0.0	Chaliminia	224.31125361881803	212.74260241949355
0.0	Charassognathus	257.0412116763408	256.7051578578429
0.0	Charruodon	220.97411528911434	219.62455766200736
0.0	Chiniquodon	242.33330177784197	218.13193509740108
0.0	Choerosaurus	270.9959211541128	256.1742013223147
0.0	Chthomaloporus	265.9176152920254	264.92800940544896
0.0	Chthonosaurus	262.19822141133795	258.06446270791895
0.0	Cistecephaloides	256.9776557381638	256.6961022484361
0.0	Cistecephalus	259.74665603201146	254.08645621198013
0.0	Cistecynodon	245.46478626492515	245.09173874368602
0.0	Clelandina	260.06415696126624	252.61123791993248
0.0	Clepsydrops	307.06664120613567	278.2953078182869
0.0	Colobodectes	263.4527586755964	252.3993786538517
0.0	Compsodon	260.03920849011655	252.9476725555395
0.0	Cotylorhynchus	283.608463047645	265.9466540892121
0.0	Counillonia	249.8181816520517	249.5660615541284
0.0	Cricodon	247.21126480153117	236.16308594985503
0.0	Criocephalosaurus	264.58022474878607	260.00030327263636
0.0	Cromptodon	244.4478296577184	244.10539199909996
0.0	Cryptocynodon	260.04483756816194	254.88215099626663
0.0	Cryptovenator	299.35742017133526	298.3342484305604
0.0	Ctenorhachis	286.09695110475667	285.3871515532172
0.0	Ctenospondylus	293.88533469721887	284.3611385270614
0.0	Cutleria	296.811790661874	288.60064295758843
0.0	Cynariognathus	263.9911616734408	260.190376909099
0.0	Cyniscops	256.7252528415316	256.44540868798543
0.0	Cynognathus	247.3481658779653	227.56018008781209
0.0	Cynosaurus	259.90263966958526	252.72891168448538
0.0	Cyonosaurus	260.0775596341293	252.09306758498428
0.0	Dadadon	237.4320860231225	228.30728136330404
0.0	Dalongkoua	253.38119852731697	253.10079817250195
0.0	Daptocephalus	263.60589788756545	251.89369764027376
0.0	Daqingshanodon	255.5224772543584	255.25193197194415
0.0	Datheosaurus	299.4314069134101	298.4161749729219
0.0	Davletkulia	269.52192197523306	268.510836696841
0.0	Deccanodon	225.6055023368482	224.2261882475694
0.0	Delectosaurus	259.2775872462583	257.1509418832765
0.0	Delphinognathus	262.0427857601307	261.3481801338237
0.0	Deuterosaurus	267.07489314347947	260.4140827659529
0.0	Diademodon	247.37369636433738	229.9759602980477
0.0	Dicynodon_Temperate_N	265.59581771747463	260.31316048953875
0.0	Dicynodon_Temperate_S	286.7862789081212	238.6396574449716
0.0	Dicynodontipus_Temperate_N	246.48866256833963	246.16212586962084
0.0	Dicynodontipus_Temperate_S	258.46067824533606	236.00868260375114
0.0	Dicynodontoides_Temperate_S	260.2868912882143	249.19371147187192
0.0	Diegocanis	232.54879861336238	231.10317346296074
0.0	Digalodon	259.81844102224466	252.51419891582134
0.0	Diictodon_Temperate_N	253.45095235097057	253.1710263213813
0.0	Diictodon_Temperate_S	267.08197517209084	252.0712711614351
0.0	Diictodontoides	256.5317236804298	256.25011742691584
0.0	Dimacrodon	282.8754570227558	268.3849908040423
0.0	Dimetrodon	298.68456853312813	264.53110032463695
0.0	Dinanomodon	260.09950080432003	248.9171161837798
0.0	Dinodontosaurus	242.11365293016587	232.41479803702262
0.0	Dinogorgon	259.88367218957995	253.7528153992489
0.0	Dinosaurus	266.92092262921807	264.90011818165755
0.0	Dolichuranus	245.18006404661162	244.8191916778964
0.0	Dolomitipes	252.35483120440227	248.93864379921996
0.0	Driveria	274.99734630451445	273.8756170671674
0.0	Dromatherium	218.8867377924421	217.5994171480905
0.0	Dvinia	262.39079020206896	258.084025334737
0.0	Ecteninion	232.46073814031269	230.9574851943466
0.0	Edaphosaurus	304.35256728264756	268.36008626072515
0.0	Elcabrosaurus	301.72734105026717	300.7115970348115
0.0	Elephantosaurus	239.22137373073033	238.8832130405338
0.0	Elliotsmithia	263.107601719608	262.3577791189013
0.0	Elph	263.48103493074365	258.7484219320325
0.0	Emydochampsa	257.4971588035089	257.2011801922021
0.0	Emydops	270.0529837774642	253.69796913040142
0.0	Emydorhinus	259.2110801503128	253.93600690823232
0.0	Emydorhynchus	256.5497304838498	256.2621994832165
0.0	Emyduranus	259.2537350828898	255.251890633207
0.0	Endothiodon_Temperate_S	276.29937775200835	253.64975080813122
0.0	Endothiodon_Tropical_S	258.8812420752897	252.12612853923932
0.0	Ennatosaurus_Temperate_N	272.6609216155624	264.5292267238302
0.0	Ennatosaurus_Tropical_N	262.7399434564273	261.9870304534606
0.0	Eocasea	302.2606742799253	301.2375894900277
0.0	Eodicynodon	271.0234252194246	262.5470230951122
0.0	Eoraetia	205.63062542006023	204.91904598395539
0.0	Eosimops	264.2498374671052	255.61584836529295
0.0	Eothyris	287.06679752145027	286.2899789847554
0.0	Eozostrodon	206.6746587726197	202.9528184320159
0.0	Ericiolacerta	251.16927267311857	248.29262469738552
0.0	Eriphostoma	264.8649563719819	253.66427961872913
0.0	Estemmenosuchus	269.19199080284227	264.1121013533706
0.0	Eubrachiosaurus	233.17014643587152	231.66252733749266
0.0	Euchambersia	256.28638443013807	256.0100987515528
0.0	Euptychognathus	257.6248865508839	257.28561094184386
0.0	Euromycter	282.0873367843865	280.97144138007087
0.0	Exaeretodon_Temperate_S	240.55848388160982	207.9790359335437
0.0	Exaeretodon_Tropical_N	244.52411348606097	244.1763697630307
0.0	Fluctuodon	205.73170715099056	204.9510592990811
0.0	Galechirus	263.117539756275	260.0021658306981
0.0	Galeops	263.4194026544295	256.1452885660729
0.0	Galesaurus	252.128352465883	247.10907580176445
0.0	Gaumia	216.7790129655885	201.83552840992675
0.0	Geikia_Temperate_N	253.06651849453883	252.79594223314706
0.0	Geikia_Temperate_S	259.23988751630566	254.95052110976786
0.0	Glanosuchus	266.86713588042085	260.0975863581262
0.0	Glaucosaurus	281.90573432734806	280.7798339765997
0.0	Gomphodontosuchus	233.0900593490816	221.28804928553652
0.0	Gondwanadon	232.5728693247369	231.0600106985411
0.0	Gordonia	254.05805604666722	251.86314713135704
0.0	Gorgodon	279.5766442540917	269.2044146945077
0.0	Gorgonops	264.3882221358904	253.1148525270503
0.0	Gorochovetzia	260.4230102965478	259.8852555443394
0.0	Gorynychus	263.2376435932733	260.13510419794665
0.0	Habayia	205.647386666963	204.85876524396934
0.0	Hahnia	204.88288272969697	204.09910538638206
0.0	Hallautherium	205.3458720999678	204.57732429690333
0.0	Haptodus	306.3739079934555	285.67992107053414
0.0	Haramiyavia	207.7335524671163	203.35968689380994
0.0	Hazhenia	247.13541878723098	246.83509998705543
0.0	Heleosaurus	261.57878799758885	260.91094572969695
0.0	Helvetiodon	204.0041278479983	203.27242801220015
0.0	Herpetoskylax	259.4830838509428	255.213299006989
0.0	Hipposaurus	263.7350574156602	260.61636617074635
0.0	Hofmeyria	259.97990579845333	254.05029329972555
0.0	Homodontosaurus	258.98814256052844	253.10344719401323
0.0	Hwanghocynodon	256.9350397149413	256.60412516881297
0.0	Hyaenasuchus	262.3050402359137	261.5975494111268
0.0	Hypselohaptodus	296.63569447416086	295.61619199534437
0.0	Hypsiprymnopsis	205.17102856047293	204.39182186828742
0.0	Ianthasaurus	306.017865938066	303.6286971145568
0.0	Ianthodon	305.2559290197002	304.2349934396604
0.0	Ichibengops	258.38290211526794	254.57871795692174
0.0	Icticephalus	257.2547967927755	256.9414193999489
0.0	Ictidochampsa	255.2932738112201	254.97063503393375
0.0	Ictidognathus	260.3862414362159	256.02289238627094
0.0	Ictidorhinus	256.95708209778996	256.61556429664773
0.0	Ictidosaurus	267.33193281845354	260.9174144739719
0.0	Ictidosuchops	259.8451474379604	252.3504617281414
0.0	Ictidosuchus	258.05975472815254	257.6772045087057
0.0	Idelesaurus	263.1302950903565	262.38587897333304
0.0	Impidens	245.00330296782187	244.63354295613283
0.0	Inostrancevia_Temperate_N	264.9728296176846	256.3475245965622
0.0	Inostrancevia_Temperate_S	257.04323813094584	256.7083643196813
0.0	Interpresosaurus	258.35672186118745	258.042590692441
0.0	Irajatherium	224.39298585962064	212.98534095957734
0.0	Ischigualastia	236.5747222320915	227.14646122743588
0.0	Isengops	256.6933739986222	256.40974402348917
0.0	Jachaleria	240.67877168416314	208.67088740390454
0.0	Jimusaria_Temperate_N	256.0442875286948	251.63348221669133
0.0	Jiufengia	256.8554170187336	256.52866416757956
0.0	Jonkeria	264.8666511336903	256.1588110084001
0.0	Julognathus	262.2165149003656	261.5205169908999
0.0	Kamagorgon	275.64028529288106	269.6473518831098
0.0	Kannemeyeria	250.49395512656807	242.02169177694196
0.0	Karenites	263.36384235009285	260.4794132384804
0.0	Kataigidodon	217.5432792396249	216.26838456219514
0.0	Katumbia	259.42614030820346	254.4409129316104
0.0	Kawingasaurus	259.6500785254614	254.36748742344915
0.0	Kembawacela	259.63245627015857	253.50612890216559
0.0	Kenomagnathus	304.9906813412705	303.97145073756377
0.0	Keratocephalus	264.55953712127916	259.8543590387338
0.0	Keyseria	255.1237339732775	254.82706559353994
0.0	Kitchinganomodon	259.29955496841075	253.72198895251063
0.0	Knoxosaurus	281.7004335057834	270.30408489941
0.0	Kombuisia	245.63225531494794	243.13332909680108
0.0	Kotelcephalon	262.00627906300065	261.2993552165691
0.0	Kuehneotherium	208.1076156190402	202.24013722681366
0.0	Kunpania	255.57209237053743	255.28836542386023
0.0	Kwazulusaurus	256.3184528774542	255.99117811943464
0.0	Lalieudorhynchus	264.46782704218936	263.53389885059835
0.0	Langbergia	250.9535709559551	247.17561351532797
0.0	Lanthanostegus	263.6625461961022	261.1154328986655
0.0	Lemurosaurus	258.35636774698617	254.21282305493395
0.0	Lende	257.20469438178196	256.85677665224057
0.0	Leogorgon	262.2465057574973	258.90621819051324
0.0	Leontosaurus	260.1776595814509	251.87644053127255
0.0	Lepagia	208.66147079324216	202.04226989970996
0.0	Leucocephalus	257.4537801425349	257.1599323742042
0.0	Lisowicia	212.15156932921477	211.13981742079355
0.0	Lobalopex	257.2126899905554	256.90019365961837
0.0	Lophorhinus	256.8552533327926	256.5408733359593
0.0	Luangwa	247.05946116620188	231.6896156656074
0.0	Lumkuia	245.025168760664	244.66862424459163
0.0	Lupeosaurus	296.4296226985077	295.408107754564
0.0	Lycaenodon	259.1453247017411	255.5588579246436
0.0	Lycaenops	259.93041772024134	252.9698515800287
0.0	Lycedops	261.5590340136779	260.9104814471939
0.0	Lycideops	255.9626297825309	255.66126348933878
0.0	Lycosaurus	263.02774303048926	256.11988746190514
0.0	Lycosuchus	262.22625372370806	261.5158027731086
0.0	Lystrosaurus_Temperate_N	253.98935556916186	249.55444414405713
0.0	Lystrosaurus_Temperate_S	262.3956963627263	247.19288021379126
0.0	Macromerion	301.8702710897565	300.3626645447172
0.0	Madysaurus	233.04669511505685	231.7858338285092
0.0	Malasaurus	258.1929783799376	257.85274122703595
0.0	Mandagomphodon	246.29010335769286	243.1999149397771
0.0	Martensius	287.8038425954955	286.99701410250117
0.0	Massetognathus	242.10686087047634	231.28583860337335
0.0	Mastersonia	276.7353858802876	275.60824053630597
0.0	Maubeugia	206.27362357300638	205.4889481509572
0.0	Megawhaitsia	259.5081720855898	257.0647844873943
0.0	Melanedaphodon	309.1387228797431	308.1065444539494
0.0	Menadon	240.2876986893077	226.56150680096448
0.0	Mesenosaurus_Temperate_N	273.19559876061953	264.1009583429483
0.0	Mesenosaurus_Tropical_S	287.2361061345126	286.42895068908547
0.0	Meurthodon	205.27279390291002	204.54642749093878
0.0	Microconodon	234.0897595050834	210.68962211716794
0.0	Microgomphodon	250.2142569013322	242.19153618154644
0.0	Microhelodon	244.52721700720008	244.17816734613717
0.0	Microscalenodon	207.64360265298504	203.57603760375116
0.0	Microsyodon	274.53402568507425	267.927036752875
0.0	Microurania	264.82278848733876	257.4559825415838
0.0	Microvaranops	264.42210559908443	259.8146068084201
0.0	Microwhaitsia	258.4329563979822	254.80265241364907
0.0	Milosaurus	303.43967169597437	302.41680897501084
0.0	Minicynodon	220.4014698860321	219.0606633091479
0.0	Mirotenthes	259.31241897848867	255.43539951472792
0.0	Mitredon	204.6901425781509	203.96459652227247
0.0	Mobaceras	267.38592644778277	266.444774964833
0.0	Moghreberia	236.16816476953073	206.20358336911522
0.0	Mojo	205.48835152695028	204.7669929410105
0.0	Molybdopygus	266.18435767534083	265.16649935039277
0.0	Morganucodon	207.35297164736278	201.91087525650283
0.0	Mormosaurus	267.18967493639934	261.2643894189491
0.0	Moschops	264.7887974617606	257.16432213430153
0.0	Moschorhinus	259.87829620998014	247.28090768539653
0.0	Moschowhaitsia	260.02872720611333	257.0782650156113
0.0	Muchia	262.2705437291748	261.56279573811935
0.0	Mucrotherium	204.73836596504407	204.00362195283284
0.0	Mupashi	256.6721007212081	256.3929262076134
0.0	Mycterosaurus	288.67628197198854	274.78708227321414
0.0	Myosauroides	257.52086707231194	257.1804055986622
0.0	Myosaurus	251.82764001757798	247.07719077570866
0.0	Nanictidops	257.3492069545662	257.04456603802265
0.0	Nanictocephalus	257.1016383281815	256.8069584723164
0.0	Nanictosaurus	258.939677541406	253.03547252051686
0.0	Nanocynodon	262.46329576727516	261.7682360103779
0.0	Nanogomphodon	238.57650293543261	238.27936587195413
0.0	Neosaurus	292.77513550532785	291.80760684039825
0.0	Niaftasuchus	271.8575161546128	264.61580437369304
0.0	Niassodon	257.7283607320304	257.3931241006789
0.0	Nikkasaurus	271.66272226868074	266.3795733818709
0.0	Nitosaurus	301.46364249374994	300.4335201107123
0.0	Niuksenitia	262.5021772382693	261.7630536046512
0.0	Nochnitsa	262.0441286388516	261.3428239988778
0.0	Notaelurodon	255.16521121846912	254.87688784966502
0.0	Nothogomphodon	245.40851266880742	243.4487772526584
0.0	Notosyodon	263.5594387835309	262.7489680755564
0.0	Nshimbodon	257.0096001096568	256.6481231311348
0.0	Nythosaurus	245.07635159201766	244.70610582942038
0.0	Odontocyclops	260.0801967271747	254.26622255336167
0.0	Oedaleops	302.16431172210804	288.7468515594285
0.0	Oligokyphus	207.5229934383049	203.29699705634508
0.0	Olivierosuchus	251.22731421830244	247.17443641950462
0.0	Ophiacodon	304.0896027334526	268.30543477068636
0.0	Ophidostoma	256.5487990423227	256.2708779599774
0.0	Ordosiodon	246.05821004781163	242.70594246344956
0.0	Oromycter	287.85015990532116	287.0499847800198
0.0	Otsheria	266.0312625405505	265.00966594828833
0.0	Oudenodon_Temperate_S	262.62506499958886	251.996073633907
0.0	Pachydectes	261.55339608266763	260.88639055173945
0.0	Palemydops	259.1185186060178	255.0301307871754
0.0	Pampaphoneus	266.7174656686407	261.7926818070756
0.0	Panchetocynodon	251.13642069485218	250.88757363755153
0.0	Parabradysaurus	274.70892850658345	268.3618687989311
0.0	Paraburnetia	257.6689250435338	257.37295616169064
0.0	Paragalerhinus	255.68238676679744	255.36647876207513
0.0	Parakannemeyeria_Temperate_N	246.81607044122717	240.88401895919958
0.0	Parasuminia	261.8563234050489	261.1932590424338
0.0	Paratraversodon	241.54263783405372	234.30198614962393
0.0	Pardosuchus	262.7257112862143	261.9759917509972
0.0	Pascualgnathus	235.8532441376793	228.74016711206792
0.0	Patranomodon	266.806018551095	264.456243164313
0.0	Pelanomodon	259.49924763819604	252.03204473895266
0.0	Pelictosuchus	258.47715992831024	253.09322028356982
0.0	Pentasauropus_Temperate_S	241.73933291713243	208.88875130970342
0.0	Pentasauropus_Tropical_N	219.1744752119468	217.90215472281918
0.0	Pentasaurus	212.8019635585284	211.59821315761283
0.0	Peramodon	263.01847555808394	258.34516488455426
0.0	Perplexisaurus	265.85446656137293	259.72704099256663
0.0	Phocosaurus	263.50791774851945	260.667840433827
0.0	Phreatophasma	273.3607796295181	272.1524551039789
0.0	Phthinosaurus	270.5352770386671	264.6199540511561
0.0	Placerias	234.5854552370804	208.51925053540594
0.0	Planitorostris	239.36154284982058	238.92679866275176
0.0	Platycraniellus	251.42635340362668	247.43293240107113
0.0	Platycyclops	257.29226447267195	256.99670697876644
0.0	Platypodosaurus	259.6992715330059	254.06274542114915
0.0	Plinthogomphodon	219.41582872810807	218.06892280792013
0.0	Polonodon	231.64327328496984	230.10096072797478
0.0	Polycynodon	257.1042137721752	256.76989034369274
0.0	Porosteognathus	265.2082989381771	261.2951495688063
0.0	Pravoslavlevia	261.0448262485916	260.46199577249746
0.0	Pristerodon_Temperate_S	263.85084945651624	254.1233441874798
0.0	Pristerognathoides	264.7409986192402	257.7933772964811
0.0	Pristerognathus	264.2975811956577	259.822379257814
0.0	Pristerosaurus	262.9042614686274	262.1608119497217
0.0	Probainognathus	241.706351069823	228.4168084386271
0.0	Proburnetia	262.416735253025	261.68943303267815
0.0	Procynosuchus_Temperate_N	261.19596292146576	255.79116234169268
0.0	Procynosuchus_Temperate_S	260.04058067877423	248.91064009208992
0.0	Prodicynodon	258.05546031768125	255.05466364239604
0.0	Progalesaurus	251.76206563161816	251.52226836683744
0.0	Promoschorhynchus	259.66000010461227	252.68816138713765
0.0	Prosictodon	265.3607803663152	264.4496555162835
0.0	Protheriodon	239.5309140977677	239.21107510982344
0.0	Protuberum	242.0267867976422	235.76606970970792
0.0	Prozostrodon	233.7813309800109	211.07719347649424
0.0	Pseudotherium	232.0469473535595	230.51753517697975
0.0	Pseudotriconodon_Temperate_N	217.19472143809372	201.86126355806178
0.0	Pseudotriconodon_Tropical_N	217.4575506230069	216.11963490394336
0.0	Ptomalestes	263.622286912699	260.1703631336015
0.0	Purlovia	259.7761224995834	257.1991670858121
0.0	Putillosaurus	249.17957776423077	248.9213578033755
0.0	Pyozia	268.8425364140712	267.85469812529027
0.0	Rabidosaurus	246.33225258260654	243.2794822719697
0.0	Raranimus	271.6193277421193	270.62950665427394
0.0	Rastodon	262.4402531329126	261.71887040201557
0.0	Rechnisaurus	245.70230015945734	242.96762218223535
0.0	Redondagnathus	217.71929534989277	216.34435504315607
0.0	Regisaurus	251.17215003758932	248.43935475570837
0.0	Reiszia	270.1303478373982	264.84921303820045
0.0	Remigiomontanus	299.0180991244125	297.9944440453227
0.0	Repelinosaurus	250.18453929014765	249.93459821641352
0.0	Rewaconodon_Temperate_S	234.41152633858155	229.59532011465686
0.0	Rewaconodon_Tropical_S	217.67569012811256	216.34240846989414
0.0	Rhachiocephalus	259.68900078354204	254.0225310009
0.0	Rhadiodromus	245.88653599176655	242.68954873593037
0.0	Rhinodicynodon	244.02476114459046	243.66492158936214
0.0	Rhopalodon	266.74099241103795	264.5724317690641
0.0	Riebeeckosaurus	261.90300344342717	261.22157380238673
0.0	Riograndia	226.84822444022714	208.94243820186892
0.0	Riojanodon	234.07599708797878	232.97115260711783
0.0	Robertia	264.1294193353149	258.7449468953433
0.0	Rosieria	208.17521506615628	203.87014831093677
0.0	Ruberodon	232.01967589570992	230.51889213433483
0.0	Rubidgea	259.8914926515295	252.403863940366
0.0	Ruhuhucerberus	258.5181401855576	254.8842613940488
0.0	Ruthenosaurus	285.2881082255247	284.3783018356537
0.0	Ruthiromia	302.41587153211697	301.3932166229402
0.0	Sangusaurus	246.47228069488546	238.71586200110005
0.0	Santacruzgnathus	231.92640310772344	230.48929412129024
0.0	Santacruzodon	235.93815450863903	227.75483774003047
0.0	Santagnathus	227.36148265339617	208.25286426086961
0.0	Sauroctonus_Temperate_N	262.93757307298966	262.20473279015323
0.0	Sauroctonus_Temperate_S	257.560867140246	257.2294295761286
0.0	Sauroscaptor	259.9834919543995	254.23312657886194
0.0	Scalenodon	246.93969621480238	239.1852170408227
0.0	Scalenodontoides	227.4795630432894	202.9948773792042
0.0	Scalopocephalus	257.969560072323	257.60454317955754
0.0	Scalopodontes	261.5688635500172	260.89765266641854
0.0	Scalopognathus	251.66578717004631	251.42258526920298
0.0	Scaloporhinus	255.95288308154534	255.64113849390554
0.0	Scaloposaurus	258.42452211044565	247.23285179059764
0.0	Scaloposuchus	255.635461808309	255.3307014675941
0.0	Scylacoides	259.19201003100034	258.7541132943699
0.0	Scylacops	259.7128406119735	254.0713667212525
0.0	Scylacosaurus	262.9955845673619	255.5246438012978
0.0	Scylacosuchus	261.87997780094224	261.2128319671219
0.0	Scymnosaurus	264.4439275853954	259.80206380335335
0.0	Secodontosaurus	289.90173834033715	276.7680576712297
0.0	Sesamondontoides	244.22854704743392	243.85246250477226
0.0	Shaanbeikannemeyeria	246.61569327903646	243.03206295232172
0.0	Shansiodon_Temperate_N	247.0559945367504	242.35390521930245
0.0	Shansiodon_Temperate_S	244.44951049437213	244.07740746773854
0.0	Shashajaia	288.0077195370615	286.9628398945655
0.0	Shiguaignathus	256.0286227314637	255.73336441876015
0.0	Silphedosuchus	249.50871533109256	249.25650170300779
0.0	Silphoictidoides	258.51835584302046	255.7009015298503
0.0	Sinoconodon	205.2014204784164	204.48688323825823
0.0	Sinognathus	244.40995608690096	244.03086706584517
0.0	Sinokannemeyeria	247.1256921014678	239.59174296814408
0.0	Sinophoneus	272.8378156036845	266.79682006090064
0.0	Sintocephalus	257.05021666430736	256.71824826663635
0.0	Siriusgnathus	233.53376734849274	211.47012946842744
0.0	Sludica	264.2547803180702	260.412491631496
0.0	Smilesaurus	259.0703568633206	254.10724207790088
0.0	Sphenacodon	303.3984267274081	283.5939909659663
0.0	Stahleckeria	245.20235701922246	235.65043159266213
0.0	Steppesaurus	275.91872849151656	274.83598191585463
0.0	Stereophallodon	292.55492371330797	291.6135043749597
0.0	Stereorhachis	304.59727875735285	303.5775675886399
0.0	Struthiocephaloides	263.36442662751807	261.51618331544796
0.0	Struthiocephalus	264.26840088300986	259.73332344897165
0.0	Styracocephalus	263.55745942819374	260.587390288681
0.0	Suchogorgon	264.4691822762253	260.35138792067687
0.0	Suminia	264.4334232351026	259.57305805752287
0.0	Sungeodon	251.6880039518328	251.44357371971907
0.0	Sycosaurus	259.77072504298934	254.70162948826095
0.0	Syodon	276.38191736262627	260.4542078912543
0.0	Syops	259.69307441802687	253.91615881600907
0.0	Sysphinctostoma	245.14845626390294	242.77048757702866
0.0	Tambacarnifex	287.2071481024011	286.46855049231664
0.0	Tamboeria	261.57479303524485	260.8876233239592
0.0	Taoheodon	255.28519517155743	254.99855396119952
0.0	Tapinocaninus	265.83310322324695	264.824663092801
0.0	Tapinocephalus	263.1072814026378	260.24162870099667
0.0	Tappenosaurus	281.69682497129963	270.18088239260436
0.0	Taurocephalus	262.0428565761842	261.342769075412
0.0	Tenuacaptor	305.12349882234247	304.09637049321657
0.0	Tessellatia	218.54744433747044	217.23453773599707
0.0	Tetraceratops	278.727021468783	277.4136489017878
0.0	Tetracynodon	259.186166142346	247.4541708169424
0.0	Tetragonias	246.7267593687708	243.37681188587655
0.0	Theriognathus	259.96501996232183	244.5325020790787
0.0	Therioherpeton	226.68672353609483	225.3697160673785
0.0	Therioides	262.3215394293048	261.61163306831185
0.0	Theroteinus	204.51695384292046	203.79467230837008
0.0	Thliptosaurus	256.19823951618355	255.879014678352
0.0	Thomasia	215.6702400607007	201.24311879956443
0.0	Thrinaxodon	251.88414467249638	247.22559967418525
0.0	Tiarajudens	266.7464631049901	265.8395083847265
0.0	Tigrisuchus	259.1709916478739	255.69015331055903
0.0	Tikitherium	232.50732495386615	231.01552298797765
0.0	Titanophoneus	267.340865284992	260.309279316748
0.0	Titanosuchus	267.7695296545184	259.5688470783897
0.0	Traversodon	242.1099772743808	235.47529306271184
0.0	Traversodontoides	244.5335822409027	244.18163914770162
0.0	Trichasaurus	279.2351287224635	277.9987536264959
0.0	Tricuspes	215.92654023139147	201.21930729336992
0.0	Trirachodon	246.9652534580718	242.35103144402717
0.0	Tritylodon	209.2983108037645	208.28663923363587
0.0	Trochorhinus	262.2015130568117	261.49668611734575
0.0	Trochosaurus	264.3635510568451	260.22104822626915
0.0	Trochosuchus	262.56931363145145	261.8219966857188
0.0	Tropidostoma	262.48818155721733	254.35615669991887
0.0	Trucidocynodon	234.6289410759453	213.76875419585775
0.0	Turfanodon_Temperate_N	258.68817833971485	251.63029498542207
0.0	Ufudocyclops	245.9562946082845	242.61870119599112
0.0	Ulemica	267.4860686338738	260.28389766058507
0.0	Ulemosaurus	266.8582734203269	260.16398946872744
0.0	Uniserium	206.06841352979475	205.34140101546683
0.0	Uralocynodon	261.0667091097012	260.4610705460172
0.0	Uralokannemeyeria	246.00553421315794	242.9909343325259
0.0	Urumchia	251.74390199787774	251.50217186868738
0.0	Ustia	261.89011558897323	261.202265389071
0.0	Varanodon	269.5750852228802	268.58440786908744
0.0	Varanops	290.3056450338226	275.61681720741336
0.0	Varanosaurus	288.8169211964577	273.39264347567195
0.0	Vaughnictis	296.8013221115012	287.9173423339926
0.0	Venyukovia	266.5197394192158	265.51031577949755
0.0	Vetusodon	255.73131310116776	255.41789765536288
0.0	Viatkogorgon	264.1207912501139	260.45787987562085
0.0	Viatkosuchus	263.3455821134013	260.14220695331056
0.0	Vinceria	246.75595992108802	242.72604711517906
0.0	Vivaxosaurus	264.3263493736375	256.67040372970814
0.0	Wadiasaurus	244.34790193253258	243.97711767529643
0.0	Walteria	262.4922763967488	261.76354946372743
0.0	Wantulignathus	267.41018827972533	266.5076144694385
0.0	Watongia	268.5747571102901	267.5738524526384
0.0	Woutersia	207.43258905275613	202.5908399828109
0.0	Woznikella	235.94840031262572	227.9534459004989
0.0	Xiyukannemeyeria	247.29528382588694	236.13869973917485
0.0	Xyrospondylus	305.7637048392093	303.41960468148534
0.0	Yikezhaogia	243.8161545615062	243.4794628663874
0.0	Zambiasaurus	244.56267021512463	244.2050899661663
