clade	species	ts	te
0.0	Abajudon	91.13050472172172	84.78545342542542
0.0	Abdalodon	82.0219321891892	81.83862785985986
0.0	Acratophorus	58.31935135335335	53.253805876876875
0.0	Adelobasileus	41.72619895595596	41.14035742542542
0.0	Aelurognathus	85.30537443743744	77.07426798298299
0.0	Aelurosaurus	88.08401587487488	78.42534225425426
0.0	Aelurosuchus	69.69145508808808	69.4995427087087
0.0	Agudotherium	56.11112444544545	55.202318977977974
0.0	Akidnognathus	85.7967347807808	79.22118381981981
0.0	Aleodon	71.36181944644645	59.23061779079079
0.0	Alepognathus	87.14471329929931	86.56893815615616
0.0	Alopecideops	87.44047292092093	86.78374634434434
0.0	Alopecodon	89.05684314714715	84.92770353253252
0.0	Alopecognathus	88.59210661361361	85.11851902302303
0.0	Alopecorhinus	84.9475032032032	84.54700293393394
0.0	Aloposaurus	86.28465263663664	77.63958572472471
0.0	Alrausuchus	98.42222794894896	90.56746413013013
0.0	Andescynodon	70.18149984784785	68.01589616816818
0.0	Angelosaurus	96.06741554854855	91.50376715115115
0.0	Angonisaurus	71.73990160360361	66.57585971571571
0.0	Annatherapsidus	90.32096398598598	82.42071507907907
0.0	Anningia	87.30079300900901	86.71737934334334
0.0	Anomocephalus	90.93932506906907	90.58095492092092
0.0	Antecosuchus	71.09808595095096	67.61873136936936
0.0	Anteosaurus	89.811998003003	84.59263715015015
0.0	Apsisaurus	117.84170452352353	117.22193767467466
0.0	Archaeosyodon	90.99988251351351	90.71539884484484
0.0	Arctognathus	85.53989262462463	77.85464267167167
0.0	Arctops	86.27268511211211	78.31689581381383
0.0	Arctotraversodon	59.292435624624616	53.94463527727728
0.0	Arisierpeton	112.6506953993994	112.27757134734735
0.0	Ascendonanus	117.79252485685687	109.45043004204204
0.0	Aulacephalodon	85.25626698298298	77.59228296496497
0.0	Aulacocephalus	81.93807576076075	81.75872076076075
0.0	Australobarbarus	88.6600469039039	85.81463702802802
0.0	Australosyodon	90.37403641141142	90.02430768268268
0.0	Avenantia	86.36283523923925	85.78281886186186
0.0	Baldwinonus	119.27849101901903	118.63903363363363
0.0	Basilodon	86.37846875575576	77.3032766016016
0.0	Bauria	72.49723035835837	67.225053990991
0.0	Beishanodon	73.36992185985986	73.30295452552552
0.0	Biarmosuchoides	90.90197702202202	90.60622859659661
0.0	Biarmosuchus	98.50536429629629	88.51459208708708
0.0	Biseridens	97.41864858358358	92.69799701001001
0.0	Blattoidealestes	84.69698168668668	84.28482592192192
0.0	Bolodon	31.048835058058057	30.526130738738736
0.0	Bolotridon	69.46102725325325	69.25737444244245
0.0	Bonacynodon	66.57362366366367	57.264179340340334
0.0	Boreogomphodon	60.742101654654654	38.766524934934935
0.0	Botucaraitherium	43.607607995996	42.42328572972973
0.0	Brachyprosopus	90.13259651851851	84.86824507407405
0.0	Brachyzostrodon	33.15508106106106	26.78609393693694
0.0	Brasilitherium	52.6555956986987	34.61099796096096
0.0	Brasilodon	52.49865691191191	33.22798463363364
0.0	Bulbasaurus	84.37408722622622	79.687461013013
0.0	Bullacephalus	89.06945232232232	88.51963291391391
0.0	Burnetia	82.46887653453454	82.28861218518519
0.0	Cabarzia	120.96688735535537	120.46554149149149
0.0	Callibrachion	112.98865472472473	112.62575611211211
0.0	Candelariodon	65.40319655255254	65.19166014414414
0.0	Caodeyao	81.08136422622621	80.95705159759761
0.0	Casea	109.61326706906907	100.13092141241242
0.0	Cerdorhinus	81.27025873373373	81.09379906906908
0.0	Cerdosuchus	80.39098372372374	80.23033741341342
0.0	Chalepotherium	29.689787317317318	29.122346592592596
0.0	Chaliminia	51.05147391691692	36.84379644944945
0.0	Charassognathus	81.70910095595595	81.5232352072072
0.0	Chiniquodon	68.7785086946947	53.8450428068068
0.0	Choerosaurus	80.8795695115115	80.68745120620622
0.0	Chthomaloporus	90.90854011711713	90.61323375175175
0.0	Chthonosaurus	87.56229717217218	83.8225036916917
0.0	Cistecephaloides	81.86415419419419	81.687191992993
0.0	Cistecephalus	84.7523524074074	79.02891248648649
0.0	Cistecynodon	69.52485315615614	69.32022032232234
0.0	Clelandina	86.4908221111111	78.08096905605605
0.0	Clepsydrops	106.37972247547548	106.03738853953955
0.0	Colobodectes	88.7762320990991	77.32458691691691
0.0	Compsodon	86.02263997297298	77.67782738738738
0.0	Cotylorhynchus	106.48386563163164	90.5119426186186
0.0	Counillonia	74.32947529829829	74.25533570670672
0.0	Cricodon	71.43781413413413	67.23002450150149
0.0	Criocephalosaurus	88.25662756956957	85.0422863943944
0.0	Cromptodon	70.3792455095095	70.20893641641642
0.0	Cryptocynodon	85.9711606876877	79.26742193493493
0.0	Ctenorhachis	111.57779065565566	111.21991003103102
0.0	Ctenospondylus	119.02059173573574	106.58273429129129
0.0	Cutleria	119.90544938138137	115.05533914514514
0.0	Cynariognathus	88.29410780480481	84.92324763963965
0.0	Cyniscops	81.93007267367368	81.73873834734734
0.0	Cynognathus	71.82484694794796	55.17739055255255
0.0	Cynosaurus	86.50786924024024	77.50785405905906
0.0	Cyonosaurus	85.57970060360361	76.97469016816817
0.0	Dalongkoua	78.03610013613613	77.8788855935936
0.0	Daptocephalus	88.45841669269268	77.00602453353352
0.0	Daqingshanodon	80.56388162162162	80.46357477177177
0.0	Davletkulia	95.69246823823823	94.80928880080081
0.0	Delectosaurus	85.48021116516516	82.09778110710711
0.0	Delphinognathus	86.84374384784785	86.24064864764763
0.0	Deuterosaurus	91.82072637637637	84.81447728128127
0.0	Diademodon	71.82413785285284	55.97275847647648
0.0	Dicynodon	89.55500273073073	63.8545258008008
0.0	Dicynodontipus	76.6022713123123	76.48764443543544
0.0	Dicynodontoides	86.09009770770771	72.79030395295295
0.0	Diegocanis	57.757067864864865	56.76797484184184
0.0	Digalodon	86.10663735535535	77.83130536136137
0.0	Diictodon	89.2356928928929	77.35105098698699
0.0	Diictodontoides	81.50339324524523	81.31376797497498
0.0	Dimetrodon	123.59358455455455	99.24021907607607
0.0	Dinanomodon	86.66543848248249	73.6754015145145
0.0	Dinodontosaurus	67.05924386186186	61.47764780780781
0.0	Dinogorgon	85.6894642142142	77.3769695955956
0.0	Dinosaurus	90.82768150650651	89.8970535085085
0.0	Dolichuranus	71.52157201601602	67.45946826526527
0.0	Dolomitipes	77.20392112812812	73.97947571371373
0.0	Dromatherium	44.198750003003	43.68005326426426
0.0	Dvinia	86.36144333933935	83.67681224024024
0.0	Ecteninion	58.43099644344345	57.312859128128125
0.0	Edaphosaurus	123.76751761761761	99.61118119519519
0.0	Elephantosaurus	63.41595092792792	63.26497402202202
0.0	Elliotsmithia	87.46863791291291	86.883022990991
0.0	Elph	88.07307068968969	84.16099834334335
0.0	Emydochampsa	82.3473396946947	82.18410341841843
0.0	Emydops	89.4816241951952	78.35715556156157
0.0	Emydorhinus	82.91954709909909	80.5737113983984
0.0	Emydorhynchus	82.4554522972973	82.27093807807809
0.0	Emyduranus	82.81866888788787	80.52995717417416
0.0	Endothiodon	89.26784665065065	77.89446593893894
0.0	Ennatosaurus	99.99572582282283	87.59679641841844
0.0	Eodicynodon	91.79264693293293	89.37499363763764
0.0	Eoraetia	30.1833182002002	29.669388573573574
0.0	Eosimops	89.2012516996997	79.70937521921923
0.0	Eothyris	112.51042737837837	112.08770886586585
0.0	Eozostrodon	32.12197943843844	28.929011580580582
0.0	Ericiolacerta	76.3469918228228	71.46023831731733
0.0	Eriphostoma	89.66653855955957	79.34081537837838
0.0	Estemmenosuchus	95.22241905505506	88.83846631831831
0.0	Etjoia	69.68555364164163	69.49241712212213
0.0	Eubrachiosaurus	56.541064215215215	55.10448997297298
0.0	Euchambersia	82.07520231231231	81.89637017817817
0.0	Euptychognathus	81.48831117617617	81.29492555455455
0.0	Euromycter	105.89334907107107	105.5947938028028
0.0	Exaeretodon	69.64117949149149	31.285761680680682
0.0	Fluctuodon	29.897784946946945	29.333702861861862
0.0	Galechirus	88.75957556356357	86.39568638038038
0.0	Galeops	88.10313965365366	79.96820091191191
0.0	Galepus	87.44868429029029	86.78124135935934
0.0	Galesaurus	76.99746132932933	71.95240767967967
0.0	Gaumia	41.34060546346347	25.949267745745747
0.0	Geikia	87.23816833333333	77.05420217417418
0.0	Glanosuchus	91.5367236046046	84.90970681881882
0.0	Glaucosaurus	106.82172608108108	106.46117401401402
0.0	Gondwanadon	56.68552887487487	55.79355704204204
0.0	Gordonia	79.04950842842842	77.22966717117117
0.0	Gorgonops	89.24110014614614	78.54227730330331
0.0	Gorochovetzia	85.62833065565566	85.33625085685686
0.0	Gorynychus	90.0027456986987	85.0573092022022
0.0	Habayia	30.557740954954955	30.014418130130128
0.0	Hahnia	29.352277169169167	28.859921845845847
0.0	Hallautherium	31.024891187187187	30.412543454454454
0.0	Haptodus	124.20587297197197	110.62201314014014
0.0	Haramiyavia	31.637457956956954	27.82724295995996
0.0	Hazhenia	71.05376934034035	70.88144241641642
0.0	Heleosaurus	87.30691686086085	86.67746799199199
0.0	Helvetiodon	29.98188364864865	29.4777422962963
0.0	Herpetoskylax	83.41863593793792	80.9834556196196
0.0	Hipposaurus	88.50081778478477	84.94320402102102
0.0	Hofmeyria	86.19089795795794	79.15985474874874
0.0	Homodontosaurus	86.24084504604606	77.83580174574574
0.0	Hwanghocynodon	81.5799444104104	81.48589412512513
0.0	Hyaenasuchus	87.21342546946948	86.54875124224225
0.0	Hypselohaptodus	120.71762423923923	120.20628229029029
0.0	Hypsiprymnopsis	28.85641470670671	28.358234123123122
0.0	Ichibengops	83.28845092592591	80.24910031831831
0.0	Icticephalus	82.18870707607608	81.9858487907908
0.0	Ictidochampsa	82.05891125925926	81.87152733333335
0.0	Ictidognathus	86.40888092392393	79.41772674774774
0.0	Ictidorhinus	79.77909836036036	79.61323602402402
0.0	Ictidosaurus	90.96214741241242	85.5660628128128
0.0	Ictidosuchops	85.28467201001001	77.26831226426427
0.0	Ictidosuchus	81.92515152152151	81.74076875275276
0.0	Idelesaurus	87.13742266266266	86.61011493293292
0.0	Impidens	69.35433147047047	69.15550875075076
0.0	Inostrancevia	89.42644989489489	80.61625935435436
0.0	Interpresosaurus	83.55267706206206	83.40903637237238
0.0	Irajatherium	49.67082401801802	37.13294085385385
0.0	Ischigualastia	61.640288672672675	52.75003937937938
0.0	Isengops	81.47154192092093	81.28619116616618
0.0	Jachaleria	67.6653073973974	30.761047488488494
0.0	Jimusaria	82.81610368768769	76.92822958758758
0.0	Jiufengia	80.7270440860861	80.61029906106107
0.0	Jonkeria	89.66159582582583	80.71985957157158
0.0	Julognathus	87.08459279179179	86.55383754054053
0.0	Kamagorgon	99.35081397497498	92.69951733833834
0.0	Kannemeyeria	74.06941151851852	63.73839347047048
0.0	Karenites	87.86869421921921	85.4061877907908
0.0	Kataigidodon	43.71077018118118	43.147158763763755
0.0	Katumbia	83.7613382062062	80.07377741541542
0.0	Kawingasaurus	84.1497828098098	79.66052125325325
0.0	Kembawacela	84.37353833933935	79.29941269169169
0.0	Keratocephalus	88.89463813213213	85.18295872172173
0.0	Keyseria	79.99989325225225	79.83430450250252
0.0	Kitchinganomodon	85.94490275775776	78.02895496796798
0.0	Kombuisia	76.31659613913914	66.51973393893894
0.0	Kotelcephalon	86.34906785285285	85.91958056356356
0.0	Kuehneotherium	33.28702845445445	26.2566247027027
0.0	Kunpania	80.87555958358358	80.77971806606607
0.0	Kwazulusaurus	80.70638322622622	80.52476674874876
0.0	Lalieudorhynchus	87.94757908108109	87.6861506066066
0.0	Langbergia	74.69863252452453	71.64941053953953
0.0	Lanthanostegus	88.50136629129129	85.94657935835836
0.0	Lemurosaurus	83.15820256156157	80.2851132942943
0.0	Lende	82.59262324224224	82.38862456056057
0.0	Leogorgon	87.3763873083083	83.0913629059059
0.0	Leontosaurus	84.61474607007007	77.96215212212213
0.0	Lepagia	32.46797424424424	26.59074498398399
0.0	Leucocephalus	81.37997194794795	81.20363000400401
0.0	Lobalopex	81.79499013913914	81.61117748748748
0.0	Lophorhinus	81.42159572572572	81.25328558058058
0.0	Luangwa	71.65766261261261	59.37186303103103
0.0	Lumkuia	69.89248227927928	69.71643030930932
0.0	Lupeosaurus	122.29397618218218	121.74046418118118
0.0	Lycaenodon	85.74864647047048	78.61676677077077
0.0	Lycaenops	85.30197692992994	78.02944212212213
0.0	Lycedops	87.54822516516516	86.92392244144145
0.0	Lycideops	79.56456602202202	79.40890336336335
0.0	Lycosaurus	87.99534063263263	81.03079507607607
0.0	Lycosuchus	86.28892592392393	85.72627739139139
0.0	Lystrosaurus	87.84802517717716	71.63621284184183
0.0	Malasaurus	83.678277988989	83.53347536636636
0.0	Mandagomphodon	70.17425733533533	68.81816980580581
0.0	Martensius	113.20936510310311	112.76250552252252
0.0	Massetognathus	67.18610997097096	56.19925395195195
0.0	Maubeugia	31.343469100100098	30.70882654154154
0.0	Megawhaitsia	86.07353543943945	82.5040654134134
0.0	Menadon	56.86477809309309	55.86306158758759
0.0	Mesenosaurus	112.20503379279279	89.2033568948949
0.0	Meurthodon	30.504903405405404	29.939979921921918
0.0	Microconodon	58.47654927327327	38.0643673963964
0.0	Microgomphodon	74.39380742442441	62.33150144544544
0.0	Microhelodon	69.64799242942942	69.43719710310309
0.0	Microscalenodon	32.10312329229229	27.925584354354356
0.0	Microsyodon	99.06873084184184	93.4154101861862
0.0	Microurania	91.23504424524525	82.84286084684683
0.0	Microvaranops	88.98326391691693	84.90183578778777
0.0	Microwhaitsia	83.36543281281281	80.61779452052052
0.0	Minicynodon	43.19662112712713	41.87338091491491
0.0	Mirotenthes	83.14112838738738	80.36587442042043
0.0	Mitredon	30.414962757757756	29.869492683683685
0.0	Moghreberia	60.731671034034036	52.77126599799799
0.0	Mojo	28.426148535535535	27.977139864864863
0.0	Molybdopygus	90.39008049449451	90.08681181081081
0.0	Morganucodon	32.66818635235236	27.18729916716717
0.0	Mormosaurus	87.12973965865865	86.5578573933934
0.0	Moschops	89.50556575075076	81.72588123523522
0.0	Moschorhinus	85.74347440040039	71.76064673573575
0.0	Moschowhaitsia	86.47314213713713	82.01069947647647
0.0	Muchia	86.76831356756756	86.35545000700701
0.0	Mucrotherium	30.04320724824825	29.50118331831832
0.0	Mupashi	81.31383188488489	81.1401431931932
0.0	Mycterosaurus	115.49098603503502	101.95966931631632
0.0	Myosauroides	81.95365498198197	81.78481902702703
0.0	Myosaurus	76.95522384184184	71.43877103903904
0.0	Nanictidops	81.48024252452454	81.30336104804805
0.0	Nanictocephalus	81.94023162262263	81.76403454054054
0.0	Nanictosaurus	85.88052638838839	77.40308357757758
0.0	Nanocynodon	86.226285016016	85.76501997597597
0.0	Nanogomphodon	63.38114626126126	63.204354899899904
0.0	Niaftasuchus	98.29567273573574	92.5452897767768
0.0	Niassodon	82.11849174774774	81.93280172272273
0.0	Nikkasaurus	95.57402984884885	91.1349688008008
0.0	Niuksenitia	86.86701474274273	86.33307981781782
0.0	Nochnitsa	87.12307731431432	86.60011586286286
0.0	Notaelurodon	79.31908488588589	79.15222002002002
0.0	Nothogomphodon	70.835666992993	67.20847403903905
0.0	Notictoides	74.3379537977978	74.26679165665666
0.0	Notosyodon	88.72169257657659	88.33990722622622
0.0	Nshimbodon	82.39632115615615	82.21908140840841
0.0	Nythosaurus	69.01503998098099	68.81921238138139
0.0	Odontocyclops	85.24385305305306	78.85552739039039
0.0	Oligokyphus	31.19899402902903	29.012544178178178
0.0	Olivierosuchus	76.53896547947947	71.726833991992
0.0	Ophiacodon	123.54022352752753	99.44706753653654
0.0	Ophidostoma	81.42945553353353	81.2479452952953
0.0	Ordosiodon	70.23889425825827	67.37069978078078
0.0	Oromycter	112.84213456556557	112.36159477277276
0.0	Otsheria	90.98969724024023	90.70047658458458
0.0	Oudenodon	87.16932699299299	77.01112391791791
0.0	Pachydectes	87.98703482682683	87.35549904504504
0.0	Palemydops	85.85118232732734	79.04760083383383
0.0	Pampaphoneus	91.09597901301301	88.08411557757758
0.0	Panchetocynodon	75.52989493793794	75.36933870270269
0.0	Parabradysaurus	99.89162524224224	94.91149954054055
0.0	Paraburnetia	82.66415454354355	82.47547163163162
0.0	Paragalerhinus	81.9095652782783	81.72188937637638
0.0	Parakannemeyeria	71.83401384084084	61.26213849049049
0.0	Parasuminia	87.64748164264265	87.22185836136136
0.0	Paratraversodon	65.08266490790791	64.90562921021021
0.0	Pardosuchus	86.827468014014	86.26088194494494
0.0	Pascualgnathus	60.837037761761756	53.30215287687688
0.0	Patranomodon	91.2544861001001	89.41367224224223
0.0	Pelanomodon	85.76597754354354	76.95042338938939
0.0	Pelictosuchus	82.25733594694695	80.02168757557558
0.0	Peramodon	87.49869609909909	84.21096957657657
0.0	Perplexisaurus	91.56967887387387	84.97852225625624
0.0	Phocosaurus	88.12249222222223	84.9633875065065
0.0	Phreatophasma	96.45540392692692	95.71707824824826
0.0	Phthinosaurus	96.93582313513514	89.74229793493494
0.0	Placerias	59.97462578178178	33.45084500800801
0.0	Planitorostris	65.40805326826826	65.2629856956957
0.0	Platycraniellus	76.28903638038038	73.0487116966967
0.0	Platycyclops	82.57322731631632	82.38926584484484
0.0	Platypodosaurus	85.30074870870871	78.99342775075074
0.0	Polonodon	57.03486670770771	56.60022687887888
0.0	Polycynodon	81.81052543943943	81.63820904004004
0.0	Porosteognathus	90.55755300200201	86.16459356756758
0.0	Pravoslavlevia	85.6037483973974	85.24617178878879
0.0	Pristerodon	88.51701191891894	78.93589660360361
0.0	Pristerognathoides	89.3112973073073	83.7603594014014
0.0	Pristerognathus	89.15301032532533	84.7496201041041
0.0	Pristerosaurus	86.48390233033032	85.94067494594594
0.0	Probainognathus	66.36765146346347	54.22938083183183
0.0	Proburnetia	87.17810744644645	86.6871688948949
0.0	Procynosuchus	88.1066690890891	74.21698182682682
0.0	Prodicynodon	85.16564702802802	78.78988919319319
0.0	Progalesaurus	76.57746226326327	76.46209175075074
0.0	Promoschorhynchus	86.00542697797799	78.12865753753753
0.0	Protheriodon	65.19821363363364	64.9614904034034
0.0	Protuberum	66.60745141241242	61.36254184784785
0.0	Prozostrodon	55.984712389389394	39.107511014014015
0.0	Pseudotherium	58.15714277877878	57.11266511511512
0.0	Pseudotriconodon	47.52340047747747	24.802044409409408
0.0	Ptomalestes	88.86298498498499	85.19752446146146
0.0	Purlovia	86.77315818118119	82.13393865765767
0.0	Putillosaurus	73.62550563463464	73.5591056836837
0.0	Pyozia	93.73110936936936	93.01905769869869
0.0	Rabidosaurus	70.96940324924925	67.72216248548547
0.0	Raranimus	95.02161060060061	94.23755347647646
0.0	Rastodon	88.94848781181182	88.49415225125125
0.0	Rechnisaurus	71.25317414914915	67.04945884884884
0.0	Redondagnathus	42.491363062062064	42.04161416416416
0.0	Regisaurus	76.05729647647648	73.048877985986
0.0	Reiszia	98.09032981581582	92.84250986986986
0.0	Repelinosaurus	73.79235031631632	73.71571112712714
0.0	Rewaconodon	61.099728020020024	38.06961944144144
0.0	Rhachiocephalus	85.26667721521521	78.53844472372371
0.0	Rhadiodromus	71.35311732632633	67.75336286286286
0.0	Rhinodicynodon	69.34667888888889	69.09733627327326
0.0	Rhopalodon	92.47234078078077	88.40592582582582
0.0	Riebeeckosaurus	87.3698302052052	86.83209690590591
0.0	Riograndia	52.80318852952953	33.26846237837838
0.0	Riojanodon	64.56907534134133	64.36776202902902
0.0	Robertia	89.3683595035035	83.68759394694695
0.0	Rosieria	31.643107809809806	28.6627585975976
0.0	Ruberodon	56.84380016516517	55.961345636636636
0.0	Rubidgea	85.40003973073074	77.09831011311313
0.0	Ruhuhucerberus	83.796068992993	79.96187097497499
0.0	Ruthenosaurus	107.79534253353353	107.48297298998999
0.0	Sangusaurus	71.39268310810812	61.06823633033033
0.0	Santacruzgnathus	56.733361007007	55.714876443443444
0.0	Santacruzodon	60.94957322522523	52.24339119019019
0.0	Santagnathus	52.456135603603606	33.22268342742743
0.0	Sauroctonus	88.93001256256255	81.05575458958958
0.0	Sauroscaptor	84.2983438108108	79.69542103303303
0.0	Scalenodon	72.1262112182182	61.13029967967969
0.0	Scalopocephalus	81.90458885985987	81.72139807407407
0.0	Scalopodontes	87.40974939539541	86.97636763263263
0.0	Scalopognathus	76.61317422222223	76.5494893083083
0.0	Scaloporhinus	79.68496813113113	79.51724721121121
0.0	Scaloposaurus	85.59030322022022	72.06131551251251
0.0	Scaloposuchus	81.80608167867868	81.60104766666666
0.0	Scylacoides	82.73410053653654	82.4627190870871
0.0	Scylacops	85.97042153553554	78.77946383283283
0.0	Scylacosaurus	88.69587647547549	80.18013677877879
0.0	Scylacosuchus	87.78229654854854	87.38425251851852
0.0	Scymnosaurus	89.00430045945946	84.7827210990991
0.0	Secodontosaurus	115.8180593103103	101.24574204704706
0.0	Sesamondontoides	69.26505363163164	69.0345085945946
0.0	Shaanbeikannemeyeria	70.13887865065065	67.47111357757758
0.0	Shansiodon	71.66073324024025	66.8860347047047
0.0	Shiguaignathus	80.77799482182182	80.6510391001001
0.0	Silphedosuchus	73.16714903403404	73.10082865565565
0.0	Silphoictidoides	82.5385611901902	80.35545958558558
0.0	Sinoconodon	31.085860220220223	30.54762254854855
0.0	Sinognathus	69.87449043143143	69.62011543843843
0.0	Sinokannemeyeria	71.40669107807807	65.78997013713713
0.0	Sinophoneus	97.81876441841843	92.5186960840841
0.0	Sintocephalus	82.93848997297296	82.73727704104103
0.0	Siriusgnathus	60.35315314914915	31.6729541991992
0.0	Sludica	89.0237081901902	85.13952186386386
0.0	Smilesaurus	86.21306397797798	78.86479338638638
0.0	Sphenacodon	124.1562218978979	110.30406822722723
0.0	Stahleckeria	69.9546425985986	59.31379830930931
0.0	Stereophallodon	118.26189600500501	117.65525306906906
0.0	Struthiocephaloides	88.01498865165165	85.45504808108109
0.0	Struthiocephalus	89.3220489049049	84.67845016016017
0.0	Styracocephalus	87.86390888688689	85.4977282062062
0.0	Suchogorgon	88.61735454954955	84.84081008708708
0.0	Suminia	89.18670676576576	84.5533273063063
0.0	Sungeodon	73.38462213313313	73.31878505505506
0.0	Sycosaurus	86.05448596196196	78.84478681981982
0.0	Syodon	101.16105209309309	84.77456605805804
0.0	Syops	84.5307475205205	79.49784458158157
0.0	Sysphinctostoma	69.76338449949948	67.55414815215215
0.0	Tambacarnifex	111.3681170980981	110.87309807407406
0.0	Tamboeria	86.85472536736737	86.27592845945946
0.0	Taoheodon	79.60131357557557	79.46801635035034
0.0	Tapinocaninus	90.60326703803803	90.2728604994995
0.0	Tapinocephalus	88.63759244144144	85.38034160560561
0.0	Taurocephalus	86.72778993593595	86.15353357257258
0.0	Tessellatia	43.123641932932934	42.10321826126126
0.0	Tetraceratops	104.43749645345345	104.13918460760762
0.0	Tetracynodon	86.12698887187187	72.3922776956957
0.0	Tetragonias	70.9806717097097	68.64074600600601
0.0	Theriognathus	85.18934736236237	68.80450694994994
0.0	Therioides	87.46971624724726	86.88143887287288
0.0	Theroteinus	29.740280675675674	29.20855548148148
0.0	Thliptosaurus	81.02151604204204	80.87094813913913
0.0	Thomasia	33.508093397397396	26.425426572572572
0.0	Thrinaxodon	76.90641468668669	71.6737977927928
0.0	Tigrisuchus	83.42803420720722	80.9611516236236
0.0	Tikitherium	58.32786408508509	57.34554882182182
0.0	Titanogomphodon	66.90515897897899	66.71175629129128
0.0	Titanophoneus	92.15869515215216	85.33598763163162
0.0	Titanosuchus	89.21187541141141	84.54474116716716
0.0	Traversodon	66.64888479079077	62.2534036976977
0.0	Traversodontoides	69.99983315715716	69.72586930230229
0.0	Trichasaurus	102.9260838978979	102.56105755855855
0.0	Tricuspes	40.80914036436437	26.290926356356355
0.0	Trirachodon	71.77845013013012	63.75043019019019
0.0	Trochorhinus	87.50121714614615	86.86730537037036
0.0	Trochosaurus	88.77935939339339	85.41429927927928
0.0	Trochosuchus	86.97314980680682	86.35199415915916
0.0	Tropidostoma	88.12873180880882	78.94571718718717
0.0	Trucidocynodon	59.86410708808809	36.520724022022016
0.0	Turfanodon	84.25112745445445	76.71458675175174
0.0	Ufudocyclops	71.10130154554555	63.226451734734745
0.0	Ulemica	92.12241437937938	85.10010400300301
0.0	Ulemosaurus	91.77779243643643	85.25360679679679
0.0	Uniserium	29.79839483083083	29.32150973773774
0.0	Uralocynodon	84.74107884884884	84.45378647947949
0.0	Uralokannemeyeria	71.08082022622624	67.79174901201202
0.0	Urumchia	76.53391994494494	76.46850494894895
0.0	Ustia	87.69692245545545	87.3110514964965
0.0	Varanodon	94.75486402302302	94.35279534734734
0.0	Varanops	115.27481177377378	100.42366503503504
0.0	Varanosaurus	115.37716174274274	99.49894065665666
0.0	Vaughnictis	120.21739646946946	114.67626355655658
0.0	Venyukovia	90.67199803703704	90.35674286286287
0.0	Vetusodon	80.80266932932933	80.62605524224224
0.0	Viatkogorgon	87.91825759959958	85.45498357357357
0.0	Viatkosuchus	88.07912094394395	86.23178576176176
0.0	Vinceria	70.45030821121121	67.57823336536536
0.0	Vivaxosaurus	90.32057306506506	81.48280246346349
0.0	Wadiasaurus	69.08127029729728	68.89427498898898
0.0	Walteria	86.67986326526525	86.1571878908909
0.0	Watongia	93.04695280180181	92.72404928728727
0.0	Woutersia	32.73826464264264	28.320043034034033
0.0	Woznikella	59.51764444944944	54.107141012012015
0.0	Xiyukannemeyeria	71.24124625625625	62.09248172472472
0.0	Yikezhaogia	70.40019716716716	70.16015136036036
0.0	Zambiasaurus	69.91388462262263	69.69776003803804
