clade	species	ts	te
0.0	Abyssomedon	286.81821582280674	286.3594175216749
0.0	Acadiella	231.86207746116602	230.02777901347642
0.0	Acaenasuchus	228.30255376652008	208.9326726059303
0.0	Acallosuchus	218.4718191871141	216.65356988744267
0.0	Acerosodontosaurus	256.1948599226654	256.08585740921285
0.0	Acleistorhinus	278.608321648042	277.4620396336608
0.0	Acrodenta	256.7972253990857	256.68424588241083
0.0	Actiosaurus	206.70115386841061	205.5714997206305
0.0	Adamanasuchus	221.93312660648579	220.04504459477135
0.0	Adelosaurus	256.30018133981497	256.1890448078541
0.0	Aenigmasaurus	250.6526415227861	250.31667273580535
0.0	Aenigmaspina	231.99077020055873	230.3603549019826
0.0	Aenigmastropheus	257.48699961777174	257.37620579693333
0.0	Aetosauroides	234.6164707106462	208.97078538576798
0.0	Aetosaurus	227.13663448465852	208.9287169133637
0.0	Agkistrognathus	250.3892434865315	249.85442451648439
0.0	Agnosphitys	232.11464307014398	230.3075080558422
0.0	Alexeyisaurus	219.91309935233892	218.07675267909013
0.0	Alwalkeria	232.29166378859978	230.5343847949333
0.0	Amanasaurus	235.26510370540802	209.5780821400816
0.0	Ammorhynchus	246.99637477218684	244.74944220497153
0.0	Ammosaurus	201.10707965023255	199.6673551991619
0.0	Amotosaurus	247.24280278204418	243.85552082764804
0.0	Anarosaurus	246.70169470475724	242.0364991760028
0.0	Anchisauripus_Temperate_N	224.3522844027683	199.58460228725852
0.0	Anchisauripus_Tropical_N	223.63538102884172	199.607415998365
0.0	Ancistronychus	218.47138915468497	216.6280136018826
0.0	Angistorhinus	236.33755022527345	213.332724169463
0.0	Anisodontosaurus	247.24562736224382	239.12603581533043
0.0	Anomoepus_Temperate_N	201.2515423726726	199.49409925678188
0.0	Anomoepus_Tropical_N	219.6997132907189	199.41096041264146
0.0	Anomoiodon	247.18163759824762	243.68244168745534
0.0	Anshunsaurus	239.58863328152827	228.56755793890378
0.0	Anthodon	259.6754893959746	254.74979597123763
0.0	Anticheiropus	200.5148535442785	199.81481346164225
0.0	Apachesuchus	222.5147689678884	220.6857796421372
0.0	Apatopus_Temperate_N	233.29454726770263	231.6553256244861
0.0	Apatopus_Tropical_N	226.3927876787409	201.77503592831636
0.0	Apatopus_Tropical_S	234.36174184168007	232.714191455912
0.0	Apatosuchus	215.46412103934983	213.67215631225892
0.0	Aphelosaurus	295.816648986349	294.7517171641297
0.0	Araeoscelis	290.43911255069133	272.2256366543755
0.0	Archeopelta	239.28853721716217	238.56376130992555
0.0	Archosaurus	259.76885651656374	256.6604847854728
0.0	Arcticodactylus	218.90271946557885	217.1150187805362
0.0	Arganaceras	257.38637138510137	257.26171919568566
0.0	Arganasuchus	234.61231866223272	228.90317344746745
0.0	Argoides	201.32941799977777	199.6081226560421
0.0	Arizonasaurus	246.95619325551198	244.51295262923222
0.0	Asilisaurus	247.14721495731678	242.0344075247861
0.0	Askeptosaurus	243.51773687190268	237.37728595752313
0.0	Asperoris	245.65552908425528	244.9051732935126
0.0	Asylosaurus	208.9447100189368	201.42988523274974
0.0	Atopodentatus	245.26419532097339	243.3939753275925
0.0	Atreipus_Temperate_N	232.2109665606121	230.50869859731108
0.0	Atreipus_Tropical_N	233.4601183700376	210.57732165701043
0.0	Augustaburiania	250.5757690806997	247.30538126903602
0.0	Augustasaurus	243.2803545114208	242.5624632709408
0.0	Australothyris	262.259208444388	261.8508573483389
0.0	Austriadactylus	216.24803639645074	208.56058927687744
0.0	Austriadraco	211.70766722274956	210.08372650521434
0.0	Avalonnectes	200.89275049521422	200.20085302017495
0.0	Avicranium	205.34997220436833	204.31722881791777
0.0	Azendohsaurus	232.9554045028175	231.15198925892477
0.0	Baeotherates	287.42806210562077	287.1439559105224
0.0	Baisesaurus	248.76484490222066	248.28578500611118
0.0	Barasaurus	260.16129181234624	249.2342802502738
0.0	Barberenasuchus	239.94453494523725	239.2769432809092
0.0	Barracudasauroides	246.2441226713281	242.74444520209843
0.0	Barracudasaurus	246.73601193442752	238.98745996255496
0.0	Barrancapus	222.84813524157522	221.09324949572218
0.0	Bashkyroleter	272.1781440368101	264.2273856989476
0.0	Batrachopus_Temperate_N	245.95564836105336	202.5287558393308
0.0	Batrachopus_Tropical_N	218.5990622128447	199.44120012500198
0.0	Batrachotomus	239.6343984898332	237.28479569596342
0.0	Belebey	271.0756323960856	264.13960481142556
0.0	Benggwigwishingasuchus	245.1538764064985	244.413908628883
0.0	Bentonyx	244.90189533825932	244.19590768558226
0.0	Bergamodactylus	215.14839928379817	213.42839421357482
0.0	Besanosaurus	242.10411611908123	241.44272448956332
0.0	Blezingeria	243.42870880107623	242.65177461662884
0.0	Blomosaurus	251.72272126881379	251.44170546881693
0.0	Bobosaurus	236.46991888920462	235.4691846577406
0.0	Bolosaurus	296.51125406888997	275.31979311428756
0.0	Boreopricea	250.52971195977713	247.82482263980378
0.0	Brachychirotherium_Temperate_N	233.49343670796364	231.8067930394927
0.0	Brachychirotherium_Tropical_N	231.39679644637218	202.89504996049146
0.0	Brachychirotherium_Tropical_S	235.5460723917364	229.64593277344085
0.0	Bradysaurus	264.88186975404375	257.78650821219384
0.0	Brasinorhynchus	241.31060267715358	237.76121613128782
0.0	Brazilosaurus	290.5289198891093	282.39822945362624
0.0	Bromsgroveia	246.6508086059779	242.71159057104077
0.0	Broomia	263.2152637577898	260.64144825203573
0.0	Bunostegos	253.1881481009381	253.0483258174733
0.0	Buriolestes	236.70053368251874	209.30743794142768
0.0	Bystrowisuchus	249.16775853081796	248.67682555124688
0.0	Callawayia	224.35638902787346	211.16298794522135
0.0	Calyptosuchus	231.8343760956206	208.446455688757
0.0	Camelotia	208.94838331529073	201.6624134762298
0.0	Camposaurus	215.7053372730043	214.17178397445994
0.0	Candelaria	241.97065235868823	236.80891207876314
0.0	Captorhinikos	283.05506160300956	273.28586250524614
0.0	Captorhinoides	281.4218058531247	274.4415554700868
0.0	Captorhinus_Temperate_S	256.2222841122081	256.11199792933223
0.0	Captorhinus_Tropical_N	287.1946686892649	272.59401894501497
0.0	Captorhinus_Tropical_S	290.44144591928443	273.96771550300804
0.0	Cargninia	215.2013922632264	213.656517082541
0.0	Carnufex	232.7879818355212	231.0698043705456
0.0	Cartorhynchus	248.2795529523643	247.8220729992063
0.0	Caseosaurus	219.04574063645455	217.24566997941238
0.0	Caviramus	208.67748354859603	207.35868086214066
0.0	Ceresiosaurus	242.13188080350486	237.55759400734934
0.0	Chalishevia	241.31447015909777	237.4692918263941
0.0	Chanaresuchus	241.2708402842109	237.64464427714728
0.0	Chaohusaurus	250.34468635319607	240.31540207762026
0.0	Chasmatosuchus	251.8728678708551	247.1214813782917
0.0	Chelyoposuchus	205.7100603394181	204.5811183563707
0.0	Chinchenia	241.77861708277905	241.04318686291842
0.0	Chindesaurus	223.05147354405622	213.81470888047429
0.0	Chinshakiangosaurus	200.95648630105242	200.11617005900095
0.0	Chirotherium_Temperate_N	234.99723919232054	202.84724705828663
0.0	Chirotherium_Temperate_S	240.47182307808055	238.00508627070266
0.0	Chirotherium_Tropical_N	251.82657179256813	214.0721071760028
0.0	Chromogisaurus	231.8641003634026	230.15027325065478
0.0	Clarazia	243.15358325068652	242.4607098820299
0.0	Claudiosaurus	260.20490423638466	251.9645477717583
0.0	Clevosaurus_Temperate_N	236.5380483506405	199.56208887106143
0.0	Clevosaurus_Temperate_S	233.68610902709568	208.42571107846155
0.0	Coahomasuchus	232.68083025067065	216.419545888776
0.0	Coartaredens	246.24407813635136	243.57204124551185
0.0	Coburgosuchus	219.86175005200084	218.08824453634185
0.0	Coelodontognathus	250.229633123494	247.336136651677
0.0	Coelophysis_Tropical_N	227.64876698142828	199.72596476817094
0.0	Coelophysis_Tropical_S	218.6652152491944	217.04937894355464
0.0	Coelurosauravus_Temperate_N	256.424095573279	256.3130700954936
0.0	Coelurosauravus_Temperate_S	258.3293784266258	252.32383572504324
0.0	Coelurosaurichnus_Temperate_N	246.01239155448496	201.44104896363436
0.0	Coelurosaurichnus_Tropical_N	245.57928001944472	208.00158289642692
0.0	Coelurosaurichnus_Tropical_S	234.43051582001297	227.65998098788867
0.0	Coletta	249.98195761293036	249.51678059066012
0.0	Collilongus	249.94102093380846	249.4435825559771
0.0	Colobomycter	289.7544733757996	282.9973631906062
0.0	Colobops	217.85122995998347	216.1373201384308
0.0	Coloradisaurus	225.210922504008	210.44307574710706
0.0	Coloradisuchus	216.76136624278163	215.04603738273622
0.0	Concavispina	231.20739099074586	229.6260579410467
0.0	Contectopalatus	243.52324339305383	242.8115587200908
0.0	Corosaurus	248.81833994053875	247.2536800170161
0.0	Cosesaurus	239.17030748602357	238.41589316487563
0.0	Crosbysaurus	227.23845810543025	208.21533021355893
0.0	Ctenosauriscus	248.28554841335574	247.8200062596232
0.0	Cyamodus	246.28784153250052	228.13590664688329
0.0	Cymatosaurus	247.03030163334336	242.75385923627357
0.0	Cymbospondylus_Temperate_N	245.96219624005138	237.09050556213592
0.0	Cymbospondylus_Tropical_N	249.34554024905157	238.51557830333815
0.0	Czatkowiella	249.68240087082333	249.16937686664866
0.0	Dactylosaurus	246.73962371923363	242.35216723827364
0.0	Daemonosaurus	204.49074788731568	203.48549588415688
0.0	Dagasuchus	234.4661914135145	233.1814974467055
0.0	Dawazisaurus	244.77853835500562	244.06484588756965
0.0	Decuriasuchus	243.65397714474832	236.87689894322133
0.0	Delatorrichnus	201.01420079588564	200.14614980517152
0.0	Delorhynchus	289.8713719857775	282.424140012905
0.0	Deltadectes	220.5937273147828	202.39536684023557
0.0	Deltavjatia	264.85213086112475	259.63474916090735
0.0	Desmatosuchus	233.67274057716787	209.4323188179177
0.0	Diandongosaurus	244.6828497026143	243.87608062053366
0.0	Diandongosuchus	239.00935183333073	238.2938503879903
0.0	Dianmeisaurus	246.33283193249102	242.86630585795015
0.0	Dianopachysaurus	244.49014901684149	243.66345489326815
0.0	Dimetropus	290.4597691500183	282.79750515630406
0.0	Dimorphodon	200.9722583499897	200.13470847951552
0.0	Dinocephalosaurus	245.05668703350847	243.58922345689615
0.0	Diphydontosaurus_Temperate_N	237.0823442772584	201.87545847981713
0.0	Diphydontosaurus_Tropical_N	216.0464849673963	214.29043606700108
0.0	Diphydontosaurus_Tropical_S	217.79039396350737	215.97524795976125
0.0	Dolabrosaurus	221.08752224376576	219.32189455191352
0.0	Dolerosaurus	229.54486730394132	227.94777411047795
0.0	Dolichobrachium	233.37481517533612	231.69867422608291
0.0	Doliovertebra	244.91924077750443	244.18891007757264
0.0	Dongusuchus	246.75114271969395	242.91384789425229
0.0	Dorosuchus	245.780063305989	242.56624198250768
0.0	Doswellia	237.17037905638185	211.41975418801889
0.0	Dracoraptor	200.854899444388	199.99704211446212
0.0	Drepanosaurus_Temperate_N	216.1151806870585	214.33792408800142
0.0	Drepanosaurus_Tropical_N	222.46580130414765	203.65052796506293
0.0	Dromomeron_Temperate_S	217.72856923862284	215.91898470618585
0.0	Dromomeron_Tropical_N	224.59146251621453	203.5094643191638
0.0	Dromomeron_Tropical_S	227.82480302277807	211.27240198536487
0.0	Dyoplax	233.52660547999173	231.83647973283703
0.0	Ebrachosuchus	233.22684002712742	231.49053621367008
0.0	Effigia	208.62371824786106	201.45161031289385
0.0	Efraasia	221.72471973817048	211.13615786371213
0.0	Eifelosaurus	246.47986984071176	245.77099161810506
0.0	Elachistosuchus	205.31064760726363	204.28429431381448
0.0	Elessaurus	249.4960734243877	249.01748598507913
0.0	Elginia	256.46217990998275	251.90416178259972
0.0	Embrithosaurus	264.6648467404562	260.2452518670931
0.0	Emeroleter	264.7467290495087	259.7462690712075
0.0	Endennasaurus	215.09278570285244	213.32932464408958
0.0	Energosuchus	241.50238287475992	237.96152979437767
0.0	Eodromaeus	234.77288255065952	233.13558847416624
0.0	Eohupehsuchus	248.22874538284734	247.75868509409673
0.0	Eohyosaurus	246.5139663766726	243.2696370121589
0.0	Eomurruna	251.85247972883695	251.06150023527357
0.0	Eoplesiosaurus	200.6751022902586	199.8196053080525
0.0	Eoraptor	233.75047484944204	227.2461117271703
0.0	Eorasaurus	261.63930405850886	261.2623254892776
0.0	Eorhynchochelys	231.84514906590582	230.10714628636958
0.0	Eosauropus_Temperate_N	224.94028024228956	213.5459615089922
0.0	Eosauropus_Tropical_N	225.56299023316245	211.34125456978683
0.0	Eretmorhipis	243.90400098604735	243.1671565837077
0.0	Erpetosuchus	216.565069816505	214.7558582710678
0.0	Erythrosuchus	247.1838405727075	241.97671893968158
0.0	Erythrovenator	231.63106164288325	230.22013597520598
0.0	Eshanosaurus	200.84525732060828	200.05928771223353
0.0	Eubrontes_Temperate_N	227.6607714397213	199.57397529076655
0.0	Eubrontes_Tropical_N	226.46101155548502	199.46029236695824
0.0	Eucoelophysis	219.67313128421085	203.05147813516086
0.0	Eudibamus	285.96404811954153	285.596617437372
0.0	Eudimorphodon	221.2636423971968	202.37024841240338
0.0	Eumetabolodon	248.6629130713662	242.6860533243067
0.0	Eunotosaurus	264.6595893794187	259.85471339573644
0.0	Euparkeria	247.1830283943555	242.08263761550182
0.0	Eurhinosaurus	201.13621878601248	200.42735904930237
0.0	Eurycleidus	200.921478717186	200.10748795187223
0.0	Eusaurosphargis	246.6142006869474	239.44775569575708
0.0	Euscolosuchus	232.08846738764112	230.3312773968952
0.0	Evazoum	231.96311273509104	202.09309510662075
0.0	Fasolasuchus	216.85050194320547	215.16037238441882
0.0	Faxinalipterus	223.0498175819299	213.0363772528929
0.0	Feeserpeton	287.5937516519469	287.25938155051665
0.0	Feralisaurus	245.92528525051193	245.11532514803412
0.0	Fodonyx	247.19568759273957	242.07991587590277
0.0	Fraserosphenodon_Temperate_N	234.17209884698173	232.61331233092588
0.0	Fraserosphenodon_Tropical_S	216.14364106863601	214.54988749215067
0.0	Fraxinisaura	238.40028702433375	237.78827305042935
0.0	Fugusuchus	246.6975617814569	246.03075547573775
0.0	Fuyuansaurus	240.09057864435943	239.43993646597562
0.0	Galesphyrus	258.5166515684059	255.87702592906237
0.0	Gamatavus	241.26503297085665	237.72587766335974
0.0	Gansurhinus	271.72578823849585	257.06988721978126
0.0	Garjainia_Temperate_N	250.36820851215097	247.189115493738
0.0	Garjainia_Temperate_S	250.76754003865145	247.17541736419628
0.0	Garzapelta	218.4434613463865	216.63257416355813
0.0	Gecatogomphius	276.34835951270657	267.883179148669
0.0	Gephyrosaurus	207.5266161592565	202.08603492279244
0.0	Glaurung	256.42541204688956	256.3163588599819
0.0	Glyphoderma	238.29721492061776	237.57654836156127
0.0	Gnathovorax	232.60343796314228	214.40324931240178
0.0	Gojirasaurus	218.87828849400782	217.22047065516915
0.0	Gomphiosauridion	232.02676410368417	230.25432979809202
0.0	Gorgetosuchus	233.1204348279655	231.2314306641693
0.0	Gracilisuchus	240.93229552718296	237.4347011980825
0.0	Grallator_Temperate_N	233.36075813731966	199.50796143308625
0.0	Grallator_Temperate_S	233.4116159653169	214.35041528784583
0.0	Grallator_Tropical_N	234.60742175758347	199.42758063323225
0.0	Graoullyodon	205.83052048196004	204.76470656572332
0.0	Gregaripus	227.4573445941523	213.02522988722043
0.0	Gresslyosaurus	222.26704390957	208.22218200750805
0.0	Grippia	251.19639168685214	247.19257508546167
0.0	Guaibasaurus	226.47921517485992	208.43230084696583
0.0	Gualosuchus	241.64267405833428	238.047600689376
0.0	Guanlingsaurus	233.51985626832175	228.2414652743218
0.0	Guchengosuchus	245.4160304905157	244.69230637595834
0.0	Guizhouichthyosaurus	239.89136727909968	227.2301715369609
0.0	Gulosaurus	250.82329760204132	249.19939182685442
0.0	Gunakadeit	217.60099951113511	215.93527951532565
0.0	Gwyneddichnium	227.9249170513659	201.97858176494864
0.0	Gyposaurus	201.37081176236134	199.66050632138607
0.0	Halazhaisuchus	245.06149046849953	244.24150743426085
0.0	Haligonia_Temperate_N	207.90319782871157	201.55083419570153
0.0	Haligonia_Tropical_N	231.4063076341529	229.61829011685901
0.0	Hanosaurus	249.24760898666648	248.75323546770582
0.0	Helcura	201.10730201393673	199.57809234367213
0.0	Helveticosaurus	241.7041047220273	241.04129813206558
0.0	Hemilopas	248.7601845624375	242.96349042219714
0.0	Hemiprotosuchus	225.98408978450453	213.42045283182276
0.0	Heptasuchus	234.0298531827807	232.31681050059527
0.0	Herrerasaurus	236.4797000055239	227.4459145133256
0.0	Hescheleria	243.3036464097843	242.59552159213638
0.0	Hesperosuchus	226.51025614727217	201.7452477038842
0.0	Heterodontichnites	233.1166272458928	210.88144219433642
0.0	Heteropelta	244.96286212698612	244.2316818465055
0.0	Himalayasaurus	215.66593052684962	213.88333626870266
0.0	Hispaniasaurus	240.75896694764995	240.0897248390451
0.0	Honghesaurus	244.68001139341894	243.8582033091319
0.0	Horaffia	240.49499225321037	236.5837940505881
0.0	Hovasaurus	259.59474261689866	249.61768252527818
0.0	Howesia	246.1169385074525	242.5019353472436
0.0	Hudsonelpidia	220.13446542334003	218.2489973914824
0.0	Hupehsuchus	249.9203364057366	238.52893854110383
0.0	Hwiccewyrm	235.68236270407468	227.3755541479865
0.0	Hyloidichnus	255.82621582793382	252.15524682572737
0.0	Hyperodapedon_Temperate_S	236.94445462994648	208.33835693076082
0.0	Hyperodapedon_Tropical_N	235.15364192531626	227.99753368413784
0.0	Hypselorhachis	243.94971215911366	243.17606551105573
0.0	Hypsognathus_Temperate_N	204.8061163537358	203.70273836310102
0.0	Hypsognathus_Tropical_N	234.0229798069017	201.9682264287687
0.0	Hypuronector	223.7071522574803	209.4628061165733
0.0	Icarosaurus	220.59811634305305	218.79915077461544
0.0	Ichthyosaurus_Temperate_N	208.4861338584263	199.46595999034906
0.0	Ichthyosaurus_Tropical_N	228.28000249115064	211.69598923011478
0.0	Ichthyotitan	206.32505914479597	205.23682445611837
0.0	Idiosaura	233.5139596400419	231.68737021793999
0.0	Ignotosaurus	233.36191549946824	231.88015784125142
0.0	Incertovenator	232.29024448045203	230.72604211706533
0.0	Ingentia	218.7300738222035	216.90375097334876
0.0	Isfjordosaurus	248.14572438262513	247.7051398130923
0.0	Ixalerpeton	234.72875971442403	211.5096211205892
0.0	Jaklapallisaurus	221.08492170097944	219.20909681272718
0.0	Jaxtasuchus	239.93093358773953	236.62942620476517
0.0	Jesairosaurus	246.35179485036267	245.7424069612216
0.0	Jingshanosaurus	201.29583113089095	199.5903023023064
0.0	Jushatyria	245.5961864702773	244.75240760039048
0.0	Kadimakara	251.77978909111255	251.15097957013606
0.0	Kalisuchus	251.62549180780644	251.31744109911273
0.0	Kapes_Temperate_N	251.11771109779517	243.45851227425834
0.0	Kapes_Tropical_N	246.66779376101206	243.36305509535072
0.0	Kayentapus_Temperate_N	201.3236881613994	199.53171959632692
0.0	Kayentapus_Tropical_N	227.60398632659252	199.57961822613058
0.0	Keichousaurus	249.25773670943983	236.36726753045284
0.0	Kholumolumo	227.82831961899393	208.91340220827314
0.0	Kinelia	257.88966757648535	257.76194403131797
0.0	Kintneria	223.31451327359167	210.26239753142113
0.0	Kitchingnathus	248.61165888823632	248.14206914479593
0.0	Kocurypelta	221.4598628199654	219.70752541426054
0.0	Koiloskiosaurus	246.62353833633867	245.95178361923206
0.0	Komlosaurus	201.53871405282624	199.4441252400197
0.0	Krzyzanowskisaurus	235.23802340214922	211.16322988649026
0.0	Kudnu	251.75164379644121	251.1088519714281
0.0	Kuehneosaurus	236.57659097771392	203.61075331387798
0.0	Kuehneosuchus	206.32968469258245	205.09964597493607
0.0	Kuruxuchampsa	233.23139022062253	231.81279383612443
0.0	Kwangsisaurus	250.740338101827	248.19868892950686
0.0	Labidosaurikos	282.94188497492024	273.34880821981295
0.0	Labidosauriscus	290.7652910762235	282.3721707117732
0.0	Labidosaurus	283.10610180990176	273.05317032738617
0.0	Lagerpeton	242.00431994918966	236.94749191698284
0.0	Lanceirosphenodon	222.44128932762422	220.75513673988473
0.0	Langeronyx	246.0993524644836	241.22143685620406
0.0	Langobardisaurus	216.29000780871124	208.76238890199843
0.0	Lanthaniscus	272.3643039202686	267.01334356710424
0.0	Lanthanolania	270.3501403942602	269.44549139892695
0.0	Lanthanosuchus	263.5562956654074	263.06226526081366
0.0	Laquintasaura	200.61891690850652	199.8058451533834
0.0	Largocephalosaurus	245.22762256119938	243.3735796244702
0.0	Lariosaurus	249.56704810522388	236.55152347275353
0.0	Lasasaurus	250.9489981113827	250.51294229875077
0.0	Lavinipes	201.1006993626883	199.7050599199511
0.0	Lepidus	217.14463046773756	215.3647921790187
0.0	Leptonectes	200.92440469743966	199.64014805298496
0.0	Leptosuchus	227.4634781013032	208.31031781779078
0.0	Lessemsaurus_Temperate_S	227.5520882533056	208.82686640957795
0.0	Lewisuchus	242.11916935784694	227.8005421320656
0.0	Libognathus	217.17069498876177	215.48950152505597
0.0	Liliensternus	227.48916037881554	202.9514571873998
0.0	Lindwurmia	201.07289652100832	200.1983696155971
0.0	Litorosuchus	239.63278035422783	238.92401812562105
0.0	Lophostropheus	203.59214096161844	202.67317371448758
0.0	Lotosaurus	246.84526687034716	241.98085010916049
0.0	Lucasuchus	235.43269981037795	227.0584364645471
0.0	Lucianosaurus	219.13887804082606	217.33795443157828
0.0	Lucianovenator	216.8538697133446	215.13922204485783
0.0	Lufengosaurus	201.37693346605502	199.5466326831537
0.0	Lukousaurus	201.25235755554849	199.6681239476182
0.0	Luopingosaurus	244.6641046053588	243.8447313959269
0.0	Luperosuchus	241.40753864072448	237.1372228679503
0.0	Macgowania	222.72426402000033	210.79880355897714
0.0	Machaeroprosopus	227.4185256662487	201.40730914111336
0.0	Macrocnemus	246.52188987549005	236.73464677482184
0.0	Macrocollum	224.8221368434737	210.80428426308356
0.0	Macroleter_Temperate_N	273.1145910960174	264.2696349960317
0.0	Macroleter_Tropical_N	269.35022179439363	268.495631734726
0.0	Macroplacus	204.5091288618232	203.31727212333533
0.0	Macroplata	200.71989631506847	199.88312105985807
0.0	Maehary	225.7096928633629	214.95885887722022
0.0	Majiashanosaurus	249.19770405608025	248.72776043007033
0.0	Malerisaurus	222.22316241684788	209.26478275978985
0.0	Malutinisuchus	240.56156392133212	237.1616690846521
0.0	Mambawakale	244.742920814997	244.0225696565977
0.0	Mandaphon	245.33292676578995	244.53691555081826
0.0	Mandasuchus	246.47662597372974	242.23615352448448
0.0	Marasuchus	241.27197143575293	237.29235270450326
0.0	Marcianosuchus	246.2321200767314	245.36409507490595
0.0	Massospondylus	231.78307438333943	230.19526494657055
0.0	Mbiresaurus	236.4166221451134	227.69152398569815
0.0	Megachirella	243.65190702447654	242.9185119423959
0.0	Megalancosaurus	217.210832126875	209.07880069764602
0.0	Megalosauripus	200.92158677782186	200.10395774061493
0.0	Megalosaurus	205.7189680717948	204.70379435778344
0.0	Megapnosaurus	200.86191234776743	200.05664609689043
0.0	Mehliella	233.40709000168255	231.54332116751058
0.0	Melanorosaurus	214.51812965466118	213.01211908139817
0.0	Merriamosaurus	248.39163414882776	247.9253024010381
0.0	Mesodapedon	245.50031625036902	244.87400791123667
0.0	Mesosaurus_Antarctic	289.5601647903141	282.82634110449374
0.0	Mesosaurus_Temperate_S	290.4989484148797	283.28541123273385
0.0	Mesosuchus	247.02409361859713	241.9835706662645
0.0	Metamosaurus	286.56812519232057	286.18853189574435
0.0	Metashastasaurus	223.7665287976952	213.2995607714091
0.0	Microcnemus_Temperate_N	251.9253642871633	248.09049380367944
0.0	Microleter	287.36275623100363	287.0487854611026
0.0	Micromenodon	231.04487172986876	229.19996903077828
0.0	Microsphenodon	226.37476163829587	213.48909800020633
0.0	Mikadocephalus_Temperate_N	240.3499877292814	239.68282287026776
0.0	Mikadocephalus_Tropical_N	240.6155014568961	239.94321253248464
0.0	Milleretta	259.505083988603	251.95564661493037
0.0	Millerinoides	255.08856619676504	254.97604209025542
0.0	Milleropsis	259.87460155140553	252.31163221232086
0.0	Millerosaurus	259.7852040571755	252.89428384644202
0.0	Miodentosaurus	233.91962998326963	228.6005434150701
0.0	Mixosaurus	246.8156864630867	237.69940526673437
0.0	Moradisaurus	256.2226084381657	251.62396945484846
0.0	Mystriosuchus_Temperate_N	226.48769962539086	199.81024454065937
0.0	Mystriosuchus_Tropical_N	218.4562508576644	209.2546010907951
0.0	Nambalia	227.32582239538723	210.6103194000857
0.0	Nanchangosaurus	248.56966680361595	241.60737188274416
0.0	Nanoparia	258.2980836352164	254.54883440786364
0.0	Neoaetosauroides	227.70378290533182	210.4621239209829
0.0	Neoprocolophon	245.05963444562607	244.30529621609867
0.0	Neusticosaurus	245.11763589763328	236.70015678806013
0.0	Nhandumirim	224.20966512379562	211.21174267280432
0.0	Nicrosaurus_Temperate_N	226.86589400133337	210.01359938083147
0.0	Nicrosaurus_Tropical_N	219.49254313771644	217.71923492260194
0.0	Nochelesaurus	264.3702748578549	259.8891674291655
0.0	Notatesseraeraptor	223.38933838949822	221.6673555127542
0.0	Noteosuchus	251.63783433897365	251.3377436005651
0.0	Nothosaurus_Temperate_N	247.28385504552455	203.55117078947282
0.0	Nothosaurus_Tropical_N	246.41445344799124	236.56210058315213
0.0	Nothosaurus_Tropical_S	247.5043971886379	239.75701844045142
0.0	Nundasuchus	244.58746884960078	243.72487885677552
0.0	Nyasasaurus	245.3482443938158	242.48560371904318
0.0	Nycteroleter	270.7746309113002	264.77430881026686
0.0	Nyctiboetus	278.28688887169636	270.54728770505875
0.0	Nyctiphruretus	273.42951226105174	260.976819476706
0.0	Obirkovia	261.3605543569898	257.5755944550707
0.0	Odontochelys	232.85354546378517	227.51129054894523
0.0	Omphalosaurus_Temperate_N	249.0714816488992	238.29733406469944
0.0	Omphalosaurus_Tropical_N	249.04455501276212	237.77911288091875
0.0	Opisthodontosaurus	290.2452016112955	282.73760815003413
0.0	Orenburgia	251.10308368145527	247.0878108147113
0.0	Orovenator	289.2989035147383	284.48294407693777
0.0	Oryctorhynchus	234.5443818607597	229.24527110327148
0.0	Oryporan	250.3705052337656	247.7604552200035
0.0	Osmolskina	249.11070111749396	248.58450720701916
0.0	Otozoum	220.51836646978526	218.66997899796817
0.0	Owenetta	259.6771638852839	248.2090231670661
0.0	Ozimek	232.61213670329687	227.4241676582485
0.0	Pachypes	252.62914360220003	252.48684491809394
0.0	Pachypleurosaurus	243.19985358062826	236.73362378506008
0.0	Pachystropheus	208.40232636484708	202.03504339235542
0.0	Palacrodon_Temperate_S	250.16048427963935	242.90343964481974
0.0	Palacrodon_Tropical_N	223.82185568901096	212.28142434127528
0.0	Palaeagama	252.82127027416308	252.65987897147573
0.0	Palaeochersis	227.16907360521597	209.75563376207558
0.0	Palaeosaurus	232.64543995277702	231.0893634046731
0.0	Palatodonta	246.18394799995238	245.44094326376612
0.0	Paleollanosaurus_Temperate_N	206.5739184439118	205.3477360777949
0.0	Paleollanosaurus_Tropical_S	218.5244265471674	216.87583985898192
0.0	Paliguana	250.19415946472168	249.7348089581422
0.0	Pamelaria	246.94279314651024	242.18690459315226
0.0	Pamelina	249.70340108471564	249.2090238954904
0.0	Pampadromaeus	231.73293599719042	214.17547540124443
0.0	Panguraptor	201.00422652827828	200.154776679106
0.0	Panphagia	232.0395564029112	230.35163853902444
0.0	Pantydraco	233.84803179674282	232.18185045103894
0.0	Panzhousaurus	244.62103999679357	243.77674033125922
0.0	Pappochelys	238.43177853642123	237.74986666010574
0.0	Parabrontopodus_Temperate_N	201.21249230771917	199.5819419049826
0.0	Parahupehsuchus	248.476196441134	248.0047431547961
0.0	Paralonectes	250.8716102721789	240.71437523076554
0.0	Paraplacodus	246.54872445753108	237.17512938151398
0.0	Pararcus	245.4399177918221	244.74072672207492
0.0	Parasaurus	260.2649953489421	254.01182342167337
0.0	Parasuchus_Temperate_N	250.68197935700564	225.65758134073553
0.0	Parasuchus_Temperate_S	234.2298550901284	230.45074144188004
0.0	Parasuchus_Tropical_N	236.1659816955031	214.4983406052636
0.0	Parasuchus_Tropical_S	224.0765339748409	211.42558492617343
0.0	Paratypothorax_Temperate_N	226.391495153431	208.69461877148842
0.0	Paratypothorax_Tropical_N	226.84592585187065	208.8333746209305
0.0	Paratypothorax_Tropical_S	217.03400302574647	215.26808475358342
0.0	Pareiasaurus	264.24123718343145	252.04337640124447
0.0	Pareiasuchus	262.9327571922412	254.01196470213816
0.0	Parringtonia	245.92590734287847	245.15185820900334
0.0	Partanosaurus	240.1694566671534	239.52853670609062
0.0	Parvinatator	242.03792847749963	241.3588548374895
0.0	Parvosuchus	239.53115105022303	238.83313500198415
0.0	Pectodens	244.04460818074892	243.2951889468404
0.0	Pelecymala	236.03502797009475	227.45711356619944
0.0	Pendraig	232.00877537332337	230.34044153253225
0.0	Pentaedrusaurus	245.77259251003986	244.99938480160003
0.0	Permotriturus	263.07971695095165	262.61888435435486
0.0	Pessopteryx	248.58715433237032	242.9222092706551
0.0	Peteinosaurus	218.52151508131877	212.40578700530168
0.0	Phaanthosaurus	251.91639103592118	251.13834852119874
0.0	Phalarodon_Temperate_N	251.04529997895204	242.33963298177744
0.0	Phalarodon_Tropical_N	245.83478129233796	239.79737710523978
0.0	Phantomosaurus	244.7176231327005	243.91650696030098
0.0	Phonodus	251.55436364542294	251.23370426022638
0.0	Pisanosaurus	233.7864071800981	232.56556363235921
0.0	Pistosaurus	245.68028492498297	238.71138793276083
0.0	Placochelys	236.8640702776393	214.60309229916348
0.0	Placodus_Temperate_N	247.08682558310448	236.66057666016923
0.0	Placodus_Tropical_N	245.68569917233606	243.00684705854064
0.0	Placodus_Tropical_S	247.60721910704936	239.438377130383
0.0	Planocephalosaurus_Temperate_N	237.06907257746948	202.0946603913078
0.0	Planocephalosaurus_Tropical_S	219.31903580029845	217.54447564959762
0.0	Plateosauravus	225.4839286351371	210.17497889523642
0.0	Plateosaurus_Temperate_N	227.52077773526568	200.07892242735602
0.0	Plateosaurus_Temperate_S	227.71244428557597	211.3649597062334
0.0	Platypterna	217.53064395714216	199.414610230337
0.0	Plectropterna	201.1864366643439	199.53187570031272
0.0	Plesiornis	200.9142663249893	200.04716177163132
0.0	Plesiosaurus	208.95681541457805	199.87698238545056
0.0	Polesinesuchus	230.61118487966476	229.17197439783172
0.0	Polonosuchus	230.9275520023651	229.15913019066969
0.0	Polymorphodon	238.34501708027113	237.5596918558866
0.0	Poposaurus	236.36474565999458	203.6833554340545
0.0	Postosuchus	232.06046713762123	202.32589336598997
0.0	Powellvenator	219.35789695072936	217.65650247499167
0.0	Pravusuchus	218.8765379310465	217.03728207531864
0.0	Preondactylus	218.4941936933602	210.2418476218194
0.0	Prestosuchus	242.2183271182241	230.13128974917063
0.0	Procerosuchus	239.98422433157668	239.32319231456054
0.0	Procolina	249.52756078490134	249.0157075107859
0.0	Procolophon	251.8792542672106	247.07442290471278
0.0	Procolophonichnium_Temperate_N	246.102380068382	242.3522531589708
0.0	Procolophonichnium_Temperate_S	250.38464705173095	249.9495511651137
0.0	Procompsognathus	215.6541536228035	213.8848061432245
0.0	Proganochelys_Temperate_N	226.84050253577038	201.22051608200132
0.0	Proganochelys_Tropical_N	218.44772690631595	216.54780631676692
0.0	Prolacerta	251.75177867674088	247.27666992355435
0.0	Prolacertoides	251.74306852648454	251.46960671375734
0.0	Prosantosaurus	241.43365170882072	240.76966800033335
0.0	Prosaurosphargis	248.15900547815048	247.6893005487865
0.0	Protanystropheus	246.62921764348638	243.25511110009683
0.0	Protecovasaurus	224.45254622397178	210.98229699577774
0.0	Protenodontosaurus	236.01422443635613	234.64237391542719
0.0	Proteosaurus	201.31374980956838	199.71055340710168
0.0	Proterochampsa	231.8582248287592	230.0582190485563
0.0	Proterochersis	226.70856998779345	209.66396707447734
0.0	Proterosuchus_Temperate_N	251.84633937338688	251.07889578785375
0.0	Proterosuchus_Temperate_S	251.78251305777866	247.13886403985776
0.0	Protoavis	227.49406336348196	210.00932891369706
0.0	Protocaptorhinus	289.70204550238896	283.49928889250623
0.0	Protoichthyosaurus	200.84416105661995	199.8752772117494
0.0	Protome	216.48819256523117	214.7735589734123
0.0	Protorosaurus	259.9146992870839	254.0674207502024
0.0	Protorothyris	299.11921357188214	293.55530748492833
0.0	Protosuchus	207.86691257319958	199.51490776778994
0.0	Provelosaurus	267.29306868810613	261.9859139991746
0.0	Psephochelys	230.38379233548153	228.70585444299115
0.0	Psephoderma_Temperate_N	209.01633453619897	201.20534997403132
0.0	Psephoderma_Tropical_N	217.82020734446579	212.39059263608945
0.0	Psephoderma_Tropical_S	243.71631039124432	241.70101906360418
0.0	Psephosauriscus	246.50162349015062	240.10193006587406
0.0	Psephosaurus_Temperate_N	238.6252235225162	237.98898097784092
0.0	Psephosaurus_Tropical_S	246.05497217816153	242.11606139106968
0.0	Pseudhesperosuchus	219.2189963729424	217.47691816189143
0.0	Pseudochampsa	230.52843286279145	229.11190764321654
0.0	Pseudotetrasauropus_Temperate_N	218.52675005992162	216.82614380333024
0.0	Pseudotetrasauropus_Tropical_N	224.29763746051526	201.31696698149176
0.0	Pterodactylus	201.0137670822235	200.21274561637486
0.0	Pumiliopareia	256.2165542071303	256.106971524675
0.0	Qianichthyosaurus	239.2837923551485	228.26189415120874
0.0	Qianosuchus	245.09601038376798	243.641749153177
0.0	Qianxisaurus	240.3567779307132	239.69250282799726
0.0	Quasianosteosaurus	248.05051664767694	247.57324963643865
0.0	Raeticodactylus	207.7167418595057	206.43399499017448
0.0	Rautiania	262.323473570517	258.55446298453944
0.0	Redondasuchus	226.53725270455087	210.17897151232557
0.0	Redondavenator	219.46758357572344	217.65205544222923
0.0	Revueltosaurus	234.1619486960269	208.2455167025826
0.0	Rhaeticosaurus	204.19695372236066	203.11569124187685
0.0	Rhipaeosaurus	267.74829552643695	260.6397034192289
0.0	Rhomaleosaurus	204.46937577572663	199.59066143559417
0.0	Rhombopholis	246.08659504498482	240.08573569763016
0.0	Rioarribasuchus	226.88372392172892	209.859643421594
0.0	Riojasaurus	225.0432812170193	211.97636763632755
0.0	Riojasuchus	219.85610572126535	218.09695068507438
0.0	Romeria	295.79035678204417	294.7317008362514
0.0	Rothianiscus	273.32552134551344	264.36331396753917
0.0	Rotodactylus	217.0206023087033	215.2597047825521
0.0	Ruehleia	227.73622041699073	212.3827042087811
0.0	Rugarhynchos	221.48333512773218	219.68195416516136
0.0	Ruhuhuaria	244.7889156259147	243.98144337941872
0.0	Rutiodon	234.1747193656883	208.96993397587264
0.0	Sacisaurus	219.0198245273735	217.32548798812678
0.0	Saltoposuchus	223.85580466440737	211.4295251827013
0.0	Sanchiaosaurus	245.1032480271909	244.24304335060873
0.0	Sanchuansaurus	253.1135409684122	252.9879380153177
0.0	Sanjuansaurus	233.88681927136938	232.05690677202813
0.0	Santaisaurus	251.79623599195224	251.23870645407072
0.0	Sarcosaurus	200.94651413903398	200.17613998193625
0.0	Sarmatosuchus	244.71507892069715	243.98754991698277
0.0	Saturnalia	235.72614191785584	214.7274163773711
0.0	Saurischichnus	226.75322184636264	210.11616161173984
0.0	Saurodektes	251.90479668305846	248.91999645361037
0.0	Sauropareion	251.58840178280607	247.36121861331137
0.0	Sauropus	201.01117672174163	200.11739158715218
0.0	Saurorictus	256.0808729202686	255.9700635517389
0.0	Saurosternon	256.7981925869458	256.6880263736726
0.0	Saurosuchus	233.3216540178733	231.63491363627992
0.0	Scelidosaurus	200.74304185079126	199.93624167124872
0.0	Scharschengia	248.5817520025239	248.10141734837057
0.0	Schleitheimia	216.43982517376466	214.64693792225276
0.0	Sclerocormus	248.4768081681455	248.00894301707964
0.0	Sclerosaurus	246.88449181315576	243.57677535298976
0.0	Sclerostropheus	220.88255808628708	219.09319969089984
0.0	Scoloparia_Temperate_N	203.1657357095827	202.31368219408245
0.0	Scoloparia_Tropical_N	234.929842329656	228.55386506950904
0.0	Scolotosuchus	250.11702035437068	249.62519873224971
0.0	Scutarx	225.57801978136163	209.95045265135954
0.0	Scutosaurus	265.05020643535613	256.673747651677
0.0	Scythosuchus	249.2662165480405	248.7714572736551
0.0	Seazzadactylus	222.758338242861	221.018893418959
0.0	Selenichnus	200.9600051643677	199.74019674493243
0.0	Serpianosaurus	246.71872471451928	237.94187198415847
0.0	Shansisuchus	247.28953429383006	241.85502612514483
0.0	Shastasaurus_Temperate_N	216.2632887102811	214.49500964702617
0.0	Shastasaurus_Tropical_S	236.27134665288335	228.1046697010746
0.0	Shihtienfenia	253.96643769547137	251.91460593791962
0.0	Shonisaurus_Temperate_N	232.8769762198765	202.83889461327956
0.0	Shonisaurus_Tropical_N	226.67882695382463	215.52590044202287
0.0	Shringasaurus	247.1664241919078	242.32105847256298
0.0	Shuangbaisaurus	200.66671602169876	199.84125320854298
0.0	Shuvosaurus	227.63356249643647	201.58411572012253
0.0	Sigmala	236.5905140385403	227.0460024736901
0.0	Sikannisuchus	226.99433519317765	211.5317300484452
0.0	Silesaurus	230.85620113339894	229.13284457858057
0.0	Sillosuchus	233.93677456712012	232.34912481218748
0.0	Simosaurus_Temperate_N	244.01010543722919	204.24648234657695
0.0	Simosaurus_Tropical_S	243.62200550797633	242.86356235757708
0.0	Sinocyamodus	231.58881670029683	229.7132007923459
0.0	Sinosaurosphargis	245.26689883466403	243.47246449084906
0.0	Sinosaurus	201.25620147065828	199.60969707004867
0.0	Skybalonyx	217.31837964204192	215.61643384172766
0.0	Smilodonterpeton	206.58941607422344	205.31490979767932
0.0	Smilosuchus	233.8802779908094	209.04841714174827
0.0	Sophineta	249.74504185947396	249.17680419071732
0.0	Soturnia	225.78965417168527	211.77670698290447
0.0	Soumyasaurus	221.07617420759058	219.2253944868649
0.0	Sphenotitan	223.9307660860966	210.43319888417275
0.0	Sphodrosaurus	219.3026432894173	217.46273474318642
0.0	Spinosuchus	233.2902104084033	216.1913036049302
0.0	Spondylolestes	258.35495756254863	255.16227212738303
0.0	Spondylosoma	240.80815997163447	237.619330460674
0.0	Stagonolepis_Temperate_N	233.45596177071067	227.29843269872538
0.0	Stagonolepis_Tropical_N	226.49361693491957	208.9401607022651
0.0	Stagonolepis_Tropical_S	218.61471564234355	216.94121326354383
0.0	Stagonosuchus	246.7863784670709	242.34263986615662
0.0	Staurikosaurus	234.66824533300525	233.1284746572168
0.0	Stauromatodon	238.5224691580819	237.8427428907919
0.0	Stegomus	227.17253009901745	210.6693985776441
0.0	Stenaulorhynchus	246.8989490863347	242.32025952934177
0.0	Stenomyti	218.05907360140637	216.44294292141146
0.0	Stenoscelida¬ò	219.07049172267813	217.36621551248433
0.0	Stereosternum_Antarctic	287.2933308710456	286.8183025310878
0.0	Stereosternum_Temperate_S	290.7233135889935	282.7258298126002
0.0	Styracocephalus	264.1815891648915	259.8852337902665
0.0	Syntarsus	204.16276102103208	203.19351620049522
0.0	Syntomiprosopus	216.282201565882	214.66002532776713
0.0	Tachiraptor	200.9191006620899	200.19925095668185
0.0	Tanaisosaurus	249.14547904703247	248.67025961623204
0.0	Tanystropheus_Temperate_N	246.6589566016762	202.16063884301337
0.0	Tanystropheus_Tropical_N	245.82002755407225	236.77586535989465
0.0	Tanystropheus_Tropical_S	245.0264592709249	242.9877916209463
0.0	Tanytrachelos	226.9309481439864	208.77010534773567
0.0	Tarjadia	242.01351899563485	237.55249900226988
0.0	Tarsodactylus	200.9273084496103	200.0799905617708
0.0	Tasmaniosaurus	251.77627561218432	251.18693738006954
0.0	Tawa	227.6138884736742	208.64112469070938
0.0	Taytalura	231.14501259931112	229.35395141310178
0.0	Technosaurus	216.7762279442372	214.98832900526992
0.0	Tecovasaurus	226.79490021189227	210.40275066578835
0.0	Tecovasuchus	226.64128936345023	209.69038117412973
0.0	Teleocrater	246.38768123957522	242.50944223998795
0.0	Temnodontosaurus	200.9307310645407	199.60425984999765
0.0	Teraterpeton	235.7470905117859	229.01073400471438
0.0	Teratophon	246.84920713616086	242.08005553508784
0.0	Teratosaurus_Temperate_N	243.25266418428862	212.97991557443768
0.0	Teratosaurus_Temperate_S	250.62850969989998	250.1478559449515
0.0	Termatosaurus	208.75190386747408	200.8358148974746
0.0	Terrestrisuchus	236.551543053985	227.1778647474881
0.0	Tetrasauropus_Temperate_N	221.1714312021302	219.46122894360226
0.0	Tetrasauropus_Temperate_S	245.48111302139716	240.74250970575721
0.0	Teyujagua	249.58434655891364	249.13750826832177
0.0	Teyumbaita	226.14038016993916	210.25957368909033
0.0	Thadeosaurus	256.469622037445	256.3568527813775
0.0	Thaisaurus	248.07370056327878	247.62989206792167
0.0	Thalassiodracon	207.51438901809553	199.45568497153923
0.0	Thalattoarchon	244.4898406269941	243.68153191242718
0.0	Thalattosaurus	246.0772406192003	239.6900919592533
0.0	Thecodontosaurus	243.27740356161206	200.8310769041572
0.0	Theledectes	245.0397495875014	244.34286082183843
0.0	Thelephon	244.9241589957777	244.15712804531825
0.0	Thelerpeton	246.39362875748824	242.479214624121
0.0	Tholodus_Temperate_N	246.41041072680517	242.104689401054
0.0	Tholodus_Tropical_N	243.7496569244115	243.05815521362243
0.0	Thuringothyris	290.5256366609946	282.55596679407614
0.0	Tichvinskia	251.08945273044017	247.3177207638534
0.0	Ticinosuchus	246.4493899789044	242.10684830183015
0.0	Tikisuchus	234.12892223440053	232.67703592647504
0.0	Timanophon	250.47999734381497	247.58970146205496
0.0	Toretocnemus	235.1236673791171	228.13455455308815
0.0	Trachelosaurus	246.8750787223289	246.30194289920476
0.0	Trialestes	233.93859770028092	230.10250142364166
0.0	Tricuspisaurus	205.00331898231718	203.8217183326402
0.0	Trihamus	200.76331870307467	200.05860552446865
0.0	Trilophosaurus	232.29000360070793	208.414883653058
0.0	Tropidosuchus	241.83778162837507	237.09633304536578
0.0	Tuebingosaurus	216.6161819878252	214.85055894515784
0.0	Turfanosuchus	243.94487574605944	243.24122306601691
0.0	Typothorax	227.55645963766088	201.84714812519243
0.0	Uatchitodon	234.0436927763615	214.15209176674236
0.0	Unaysaurus	223.3601220521754	211.46325290374452
0.0	Unguinychus	215.715932673852	214.06629665307383
0.0	Uralosaurus	246.52998821936853	242.70903534660863
0.0	Utatsusaurus	250.95445740146667	247.07630907200118
0.0	Vallesaurus	217.77119784531502	212.49653775632945
0.0	Vancleavea	232.62769400128573	202.01199047418214
0.0	Variodens	208.88557557045348	201.9089106705821
0.0	Vellbergia	238.90488618330446	238.16165705130237
0.0	Velocipes	218.6215247995206	216.82965148400768
0.0	Venaticosuchus	234.1763370336513	232.31445085874378
0.0	Venetoraptor	233.79103678886963	212.51275214585945
0.0	Vinitasaura	231.43297425067067	229.92710151915114
0.0	Vivaron	226.64889710076352	212.4342023912602
0.0	Vjushkovisaurus	245.92324627640122	243.36289700133335
0.0	Volcanosuchus	232.43148194084034	230.67649923832124
0.0	Vonhuenia	251.74416826127398	251.4645122486547
0.0	Vritramimosaurus	248.97854409885872	248.51095638692678
0.0	Vytshegdosuchus	249.8523581989873	249.32613616201846
0.0	Wahlisaurus	201.1275409050779	200.36113350121434
0.0	Waluchelys	219.33041614644677	217.53375954973887
0.0	Wangosaurus	239.43268484061656	237.28200797865046
0.0	Wannia	224.57485645486435	210.71721381296527
0.0	Wapitisaurus	250.47353380131432	249.9297611862569
0.0	Weigeltisaurus	260.03203376294863	254.1042052502262
0.0	Whitakersaurus	206.80945953005602	205.73150770558266
0.0	Wimanius	241.58040863621642	240.92227448673788
0.0	Wumengosaurus	246.55640544824524	242.34865407466785
0.0	Xenodiphyodon	233.96404926378196	232.18341595042776
0.0	Xilousuchus	247.12187779213957	246.45601154796108
0.0	Xingxiulong	201.0629139167447	200.28875189591895
0.0	Xinminosaurus	244.72767306774705	243.88356045932474
0.0	Xinpusaurus	240.52020803434974	227.75665436257722
0.0	Xiphopeza	200.6108206442166	199.81256133924347
0.0	Yarasuchus	245.66348611870032	242.3922525428181
0.0	Yelaphomte	221.78132855470722	219.95377107055663
0.0	Yimenosaurus	201.31736690290322	199.5053634925475
0.0	Youngetta	250.97704450469055	250.57795135146588
0.0	Youngina	260.3488189181098	251.90778769145544
0.0	Youngosuchus	244.14527815139925	243.37555646456292
0.0	Yunguisaurus	241.74434920405088	236.63710384699758
0.0	Yunnanosaurus	201.2211369923967	199.58416508160445
0.0	Zanclodon	242.1878904161177	202.90740698666647
0.0	Zhongjiania	259.49169553877044	254.5050059651264
0.0	Zupaysaurus	218.82972223528944	217.12888580445718
