clade	species	ts	te
0.0	Abyssomedon	112.76988483883885	112.632503001001
0.0	Acadiella	57.22156160960961	56.27935678878879
0.0	Acaenasuchus	51.732243491491495	34.59686545045045
0.0	Acallosuchus	41.761767936936934	40.8831743993994
0.0	Acerosodontosaurus	80.18025954154153	80.0822195925926
0.0	Acleistorhinus	104.15356693393393	103.82982013313314
0.0	Acrodenta	81.60625086886886	81.52048243243243
0.0	Actiosaurus	30.18027904804805	29.768089702702703
0.0	Adamanasuchus	40.71036951051051	39.77044172872873
0.0	Adelosaurus	82.68942505705705	82.5887062132132
0.0	Aenigmasaurus	73.66042237437438	73.46010106706707
0.0	Aenigmaspina	56.28168953353354	54.79050713413414
0.0	Aenigmastropheus	81.26411178878878	81.14275803503504
0.0	Aetobarbakinoides	57.486553380380386	56.715185474474474
0.0	Aetosauroides	60.30644951051051	33.46801241841842
0.0	Aetosaurus	52.37223333433434	33.73614011211211
0.0	Agkistrognathus	73.81407155955957	73.58537407607606
0.0	Agnosphitys	58.57330107007007	56.992714317317315
0.0	Ahvaytum	57.2783786996997	56.63157696996997
0.0	Alexeyisaurus	42.15155384184184	41.27219211011011
0.0	Alwalkeria	58.05264866866867	57.47298126826827
0.0	Amanasaurus	59.94485654454454	34.61410896096096
0.0	Ammorhynchus	71.68203215815817	69.73200335035035
0.0	Ammosaurus	25.995557858858856	24.69995525225225
0.0	Amotosaurus	71.79996952052052	68.3498492982983
0.0	Anarosaurus	71.89309631231231	67.02590854654656
0.0	Ancistronychus	46.51701987987989	45.61995917817818
0.0	Angistorhinus	61.94017581981982	36.150519877877876
0.0	Anisodontosaurus	71.81170436336336	65.22889206506507
0.0	Anomoepus	25.478640434434435	25.233448724724724
0.0	Anomoiodon	72.00302996296298	68.20314134534534
0.0	Anshunsaurus	65.44910697797798	51.47907728528528
0.0	Antarctanax	73.55387443443443	73.43093294594594
0.0	Anthodon	86.29364042942942	79.30981905705706
0.0	Apachesuchus	44.5581857007007	43.32713545545546
0.0	Apatopus	59.79108746746747	34.222186317317316
0.0	Apatosuchus	40.62069225525526	39.48203080380381
0.0	Aphelosaurus	121.00585591291292	120.7010941041041
0.0	Araeoscelis	113.5103554834835	98.7615270910911
0.0	Archeopelta	65.27616698098097	64.86555832632632
0.0	Archosaurus	87.24328625325326	79.94049546846847
0.0	Arcticodactylus	40.57845268968968	39.62854223523524
0.0	Arganaceras	81.18555003503504	81.10085789689688
0.0	Arganasuchus	58.35039657557557	53.943574724724726
0.0	Arizonasaurus	71.82566263963965	69.35796084984985
0.0	Asilisaurus	71.7623783023023	67.0949622102102
0.0	Askeptosaurus	71.3343491891892	62.28204483583583
0.0	Asperoris	70.11847481781783	69.54244606506505
0.0	Asylosaurus	32.323947923923924	27.444450740740738
0.0	Atopodentatus	71.10775051351352	69.4531165875876
0.0	Augustaburiania	76.11149563263265	72.28384757357357
0.0	Augustasaurus	70.10864185985986	69.6630318108108
0.0	Australothyris	87.32434832432432	86.69507941241241
0.0	Austriadactylus	39.00155454354355	34.91203306806806
0.0	Austriadraco	36.67349855355355	35.883676115115115
0.0	Avalonnectes	25.794446471471474	25.55893454054054
0.0	Avicranium	31.486875813813814	31.075376737737738
0.0	Azendohsaurus	57.583556258258255	56.55363962662663
0.0	Baeotherates	111.32746334934936	111.21492671271271
0.0	Baisesaurus	74.29529437337338	74.02390711511511
0.0	Barasaurus	86.63025876876877	71.67519412112112
0.0	Barberenasuchus	64.07980137137137	63.6801262032032
0.0	Barracudasauroides	71.71647317917919	67.78020574874876
0.0	Barracudasaurus	71.8044522032032	65.32773385985986
0.0	Bashkyroleter	98.30320353453455	89.29304417817816
0.0	Batrachopus	29.693613618618617	29.37380648348348
0.0	Batrachotomus	64.13322316916916	62.21307016416417
0.0	Beesiiwo	58.53769265865866	57.72190917417417
0.0	Belebey	95.40111762962962	89.17852801901903
0.0	Benggwigwishingasuchus	69.66304581381382	69.26763746846846
0.0	Bentonyx	70.08821327127127	69.6954743913914
0.0	Bergamodactylus	40.06385540140141	38.66838204404404
0.0	Besanosaurus	67.4007726856857	67.08382523323324
0.0	Blezingeria	66.0004659129129	65.72133768468468
0.0	Blikanasaurus	29.97125883683683	29.50602279279279
0.0	Blomosaurus	76.57865749549548	76.4659775905906
0.0	Bobosaurus	60.66414692592593	59.45959355855856
0.0	Bolosaurus	121.34800010510511	101.6354593013013
0.0	Boreopricea	74.96495699099098	73.23736215215214
0.0	Bradysaurus	89.62462566966967	82.87290611511511
0.0	Brasinorhynchus	65.67259736336337	63.31246485585585
0.0	Brazilosaurus	115.83809858658658	108.81805980880881
0.0	Bromsgroveia	71.6180182872873	67.18341615915917
0.0	Broomia	88.97215282082082	85.46273534934936
0.0	Bunostegos	78.22290821821822	78.13653604404405
0.0	Buriolestes	60.91849683283283	33.47702682282282
0.0	Bystrowisuchus	74.36534272272272	74.16526555555556
0.0	Callawayia	49.377561962962965	34.235362135135134
0.0	Calyptosuchus	57.991358340340334	33.67954367367367
0.0	Camelotia	31.682027688688688	28.15867406806807
0.0	Camposaurus	42.32581765965966	41.321638523523525
0.0	Candelaria	66.91297033133134	62.67318477777778
0.0	Captorhinikos	108.26933001701701	98.56353516016017
0.0	Captorhinoides	106.50931524624625	102.9856454904905
0.0	Captorhinus	115.94830566866867	81.59206875075074
0.0	Cargninia	44.072567531531526	42.566679733733736
0.0	Carnufex	57.445958376376375	56.51864386886887
0.0	Cartorhynchus	74.63175068068068	74.45399414114114
0.0	Caseosaurus	44.18478370870871	42.931416304304314
0.0	Ceresiosaurus	67.22606039239238	62.18232595095095
0.0	Chalishevia	66.21315048448447	62.89886873773773
0.0	Chanaresuchus	66.32924995095095	63.09891371571572
0.0	Chaohusaurus	76.21718884284283	66.40109743143142
0.0	Chasmatosuchus	76.83214827227228	71.87327951251251
0.0	Chelyoposuchus	31.0246696036036	30.694411366366367
0.0	Chinchenia	66.93580986186186	66.63957849849851
0.0	Chindesaurus	54.7521724064064	34.50141801401401
0.0	Chinshakiangosaurus	25.51238992092092	25.26694232632633
0.0	Chirotherium	58.05993016716716	56.708082429429425
0.0	Chromogisaurus	58.15869580380381	57.41656555155155
0.0	Cladeiodon	69.7064062912913	69.40519299699699
0.0	Clarazia	69.26517432032033	68.84393356456457
0.0	Claudiosaurus	84.62120352652654	77.03320879979981
0.0	Clevosaurus	61.72928528228228	24.207099097097096
0.0	Coahomasuchus	59.77432634334335	40.974320879879876
0.0	Coartaredens	70.59372562962962	68.47066823223223
0.0	Coburgosuchus	41.782811716716715	40.73516690390391
0.0	Coelodontognathus	74.7153406146146	72.84949098798798
0.0	Coelophysis	52.985398270270274	24.658952704704703
0.0	Coelurosauravus	85.49749296096095	76.689535011011
0.0	Coletta	73.38917201001003	73.20115645745746
0.0	Collilongus	74.4304896096096	74.22675777977979
0.0	Colobomycter	114.53831976376375	109.51814523323323
0.0	Colobops	41.0491758968969	39.97073171871872
0.0	Coloradisaurus	49.61606386186187	35.18052338238239
0.0	Coloradisuchus	42.166913209209206	40.522677715715716
0.0	Concavispina	57.231791701701695	55.829595882882884
0.0	Contectopalatus	64.58841645745746	64.33047859259258
0.0	Cornualbus	58.75283150950951	57.96384567867869
0.0	Corosaurus	75.44895041841842	72.47308122222222
0.0	Cosesaurus	63.59225080380381	63.34585771771771
0.0	Crosbysaurus	52.74486153853854	34.12486135935936
0.0	Ctenosauriscus	74.40102702702701	74.21729541341342
0.0	Cyamodus	71.82487771571571	52.59542093693693
0.0	Cymatosaurus	71.76419044544545	67.01447535035035
0.0	Cymbospondylus	75.40254682082082	61.60689537637637
0.0	Czatkowiella	73.57030477877878	73.377938990991
0.0	Dactylosaurus	71.88759912212213	66.95818539139138
0.0	Daemonosaurus	30.626065811811817	30.272021244244243
0.0	Dagasuchus	56.088238094094095	55.35283286786787
0.0	Dawazisaurus	69.78027977677678	69.3824038038038
0.0	Decuriasuchus	69.64282521321321	61.776857312312316
0.0	Delorhynchus	113.73569287487487	108.73527888688687
0.0	Deltadectes	46.871526484484484	27.072675748748747
0.0	Deltavjatia	89.24135065865866	84.60393527227227
0.0	Desmatosuchus	57.839904800800795	33.572391255255255
0.0	Diandongosaurus	70.9438407057057	70.55248170770771
0.0	Diandongosuchus	64.58509259059058	64.28604873273274
0.0	Dianmeisaurus	71.16640245745747	68.57485672472473
0.0	Dianopachysaurus	70.86173876976977	70.45303492992994
0.0	Dimetropus	115.06633225325325	108.42603553853854
0.0	Dimorphodon	25.242711060060063	24.99051963063063
0.0	Dinocephalosaurus	71.44084214714715	69.17600279079079
0.0	Diphydontosaurus	61.867957428428426	26.100240276276278
0.0	Dolabrosaurus	43.17529422222222	42.020513219219225
0.0	Dolerosaurus	55.325512840840844	54.05433774574575
0.0	Dolichobrachium	57.48612256056056	56.40322217717718
0.0	Doliovertebra	69.84938877977976	69.57410513113113
0.0	Dongusuchus	71.8846622972973	67.64112044144144
0.0	Dorosuchus	70.58658233533534	68.00588394594595
0.0	Doswellia	61.31824971371371	36.74364663563563
0.0	Dracoraptor	25.550560577577578	25.327372945945946
0.0	Drepanosaurus	52.6457731041041	26.30905243743744
0.0	Dromomeron	54.986758108108106	26.976366488488488
0.0	Dynamosuchus	56.636834684684686	55.89303574974975
0.0	Dyoplax	57.82340860960962	56.561319878878884
0.0	Ebrachosuchus	57.57980255955955	56.39333032632633
0.0	Effigia	31.659382857857857	27.88167546246246
0.0	Efraasia	44.32206731731732	37.105579444444444
0.0	Eifelosaurus	71.03816018318318	70.72103859959961
0.0	Elachistosuchus	29.67974372972973	29.305452172172174
0.0	Elessaurus	73.87814096196196	73.71520266466466
0.0	Elginia	83.12131025125124	76.74029261561563
0.0	Elorhynchus	64.42736214114115	63.95570896896896
0.0	Embrithosaurus	88.92841232132132	84.73387278178178
0.0	Emeroleter	89.70330642742742	84.81587297397397
0.0	Endennasaurus	40.22644453753754	39.13625268968969
0.0	Energosuchus	65.91895908008007	63.891045219219215
0.0	Eodromaeus	58.794777009009	58.09541802402403
0.0	Eohupehsuchus	73.4977124094094	73.2670824124124
0.0	Eohyosaurus	70.38544964464464	63.36406202202202
0.0	Eomurruna	76.7132719019019	76.16984210610612
0.0	Eoplesiosaurus	25.552101073073075	25.30723942142142
0.0	Eoraptor	58.57205715015015	53.97341182882882
0.0	Eorasaurus	86.96064471671671	86.35727424624623
0.0	Eorhynchochelys	58.7089894034034	57.60743366966967
0.0	Eretmorhipis	67.47233166066066	67.15078935035035
0.0	Erpetosuchus	43.380929782782786	42.26435944944945
0.0	Erythrosuchus	71.83030025725725	61.985995285285284
0.0	Erythrovenator	57.90929310710711	57.28355971971972
0.0	Eshanosaurus	26.039372755755753	25.805816693693693
0.0	Eucoelophysis	54.265614972972976	25.931800142142144
0.0	Eudibamus	111.70412972672673	111.59740561961962
0.0	Eudimorphodon	46.022008316316324	27.18915812012012
0.0	Eumetabolodon	73.80959900700702	67.26920974374374
0.0	Eunotosaurus	89.64062197897898	84.96621776876876
0.0	Euparkeria	71.62629685785787	66.9131245105105
0.0	Eurhinosaurus	25.565773393393396	25.324807933933933
0.0	Eurycleidus	25.446121840840842	25.212969530530533
0.0	Eusaurosphargis	72.2484605075075	62.443661174174174
0.0	Euscolosuchus	58.21305368368368	57.53883772272272
0.0	Fasolasuchus	40.92688181581582	39.285197759759754
0.0	Faxinalipterus	49.45798941541542	39.7536227047047
0.0	Feeserpeton	111.14441867467468	111.01636662562562
0.0	Feralisaurus	69.04788251851852	68.63050167467466
0.0	Fodonyx	71.71496875275275	67.06913133433434
0.0	Fraserosphenodon	61.06645378178178	31.196593343343345
0.0	Fraxinisaura	63.12058628828829	62.8268894004004
0.0	Fugusuchus	71.13796785285285	70.87305483783783
0.0	Fuyuansaurus	64.2693008058058	64.05062234234234
0.0	Galesphyrus	85.20823928528529	80.12214123723724
0.0	Gamatavus	65.9188704034034	63.40035066966966
0.0	Gansurhinus	98.6727057937938	79.94141904404404
0.0	Garjainia	76.16368373573575	71.75023307607609
0.0	Garzapelta	42.301175403403406	41.14971942642643
0.0	Gecatogomphius	96.65023936836837	95.32517386986987
0.0	Gephyrosaurus	31.5658638018018	28.895358176176178
0.0	Germanosaurus	70.7738404174174	68.16614903103103
0.0	Glaurung	82.22868878478478	82.12148031931933
0.0	Glyphoderma	65.07512193893893	64.8067728998999
0.0	Gnathovorax	59.401374616616614	36.129057846846855
0.0	Gojirasaurus	45.7307193933934	44.689565896896895
0.0	Gomphiosauridion	58.946345227227226	57.91239581281281
0.0	Gondwanax	65.06893635935936	64.63022638338337
0.0	Gorgetosuchus	56.71957958658658	55.45511604304305
0.0	Gracilisuchus	65.34688870670671	63.003797928928925
0.0	Grallator	48.396729066066065	37.03376342042042
0.0	Graoullyodon	29.098888983983983	28.749436147147147
0.0	Gresslyosaurus	49.61210224324324	32.931158416416416
0.0	Grippia	76.14860962462461	71.83762899899901
0.0	Guaibasaurus	50.40653466566566	34.127669180180185
0.0	Gualosuchus	64.83748612112112	62.70085327927928
0.0	Guanlingsaurus	58.75198203303302	52.86490915315315
0.0	Guchengosuchus	69.42076934634635	69.12449667167166
0.0	Guizhouichthyosaurus	65.84881951751751	51.51079027527527
0.0	Gulosaurus	75.28805411311312	73.46312264464464
0.0	Gunakadeit	43.83452292792793	42.78753675575576
0.0	Gyposaurus	25.959097294294295	24.949426486486484
0.0	Halazhaisuchus	69.89063438838838	69.60567037637638
0.0	Haligonia	60.242157947947945	26.192283951951953
0.0	Hanosaurus	74.52339014214215	74.21668235035035
0.0	Helveticosaurus	70.43803716816817	67.06829885485485
0.0	Hemilopas	74.00141583183184	67.56702878078079
0.0	Hemiprotosuchus	47.01833390390391	35.5669301021021
0.0	Henodus	61.319734176176176	52.533610477477474
0.0	Heptasuchus	58.47386951451451	57.274378920920924
0.0	Herrerasaurus	61.7002184094094	52.48301060560561
0.0	Hescheleria	69.81812347147148	69.40937911511512
0.0	Hesperosuchus	53.85920653453453	26.99817941141141
0.0	Heterodontichnites	58.705779778778776	38.435274486486485
0.0	Heteropelta	69.03141467067067	68.76289403403403
0.0	Himalayasaurus	41.03885563663664	39.7257620990991
0.0	Hispaniasaurus	64.81582636536537	64.58097468368369
0.0	Honghesaurus	70.40279774074074	69.99423510810811
0.0	Horaffia	65.63101601601602	61.71003210010009
0.0	Hovasaurus	84.66290808308308	73.97767248048048
0.0	Howesia	71.02720135735736	68.25071189889891
0.0	Hudsonelpidia	43.56772064564565	42.37574971571571
0.0	Hupehsuchus	75.40927902502504	62.49793886686686
0.0	Hwiccewyrm	61.44529140740741	52.275708284284285
0.0	Hyperodapedon	61.59609499899899	33.291797261261266
0.0	Hypselorhachis	69.03287866266267	68.45741805405406
0.0	Hypsognathus	60.3854561001001	25.788382126126127
0.0	Hypuronector	46.146691757757765	35.82745447547548
0.0	Icarosaurus	43.12511968268268	42.00003464364364
0.0	Ichthyosaurus	49.564730720720725	24.0427372972973
0.0	Ichthyotitan	30.167451452452454	29.73874043543544
0.0	Idiosaura	57.88616724524525	57.09713236736737
0.0	Ignotosaurus	55.737368747747745	54.87417815715716
0.0	Incertovenator	56.069635594594594	55.379520613613614
0.0	Indosauriscus	81.9586211071071	81.8520619049049
0.0	Ingentia	47.87484645845845	39.21590712012012
0.0	Isfjordosaurus	73.72043694594595	73.51899664564566
0.0	Issi	42.77244933133133	41.892444496496495
0.0	Ixalerpeton	61.53028029129129	37.98338696696697
0.0	Jaklapallisaurus	43.897686876876875	42.41648245145146
0.0	Jaxtasuchus	64.5550735995996	62.35033477077077
0.0	Jesairosaurus	70.70096985085085	70.27885032032032
0.0	Jingshanosaurus	25.94652097197197	24.811131243243246
0.0	Jupijkam	43.988894298298305	42.781704098098096
0.0	Jushatyria	69.09092342042041	68.80356025425426
0.0	Kadimakara	76.69358566766768	76.32606185785787
0.0	Kahneria	95.97154048348348	94.85233717417417
0.0	Kalisuchus	76.67702177477477	76.5595795985986
0.0	Kapes	76.18259522822822	67.61598386986988
0.0	Keichousaurus	74.23077135335336	61.700396215215214
0.0	Kholumolumo	51.67540669669669	34.251812193193196
0.0	Kinelia	94.88178889589591	80.46743161261261
0.0	Kitchingnathus	74.22734413013013	74.03012364164165
0.0	Kocurypelta	41.92130446246246	41.13987064964965
0.0	Koilamasuchus	64.3201103053053	63.88977538238239
0.0	Koiloskiosaurus	70.92534274674675	70.61436832132132
0.0	Kranosaura	40.51855026626627	38.93588673373373
0.0	Krzyzanowskisaurus	60.07534710510511	39.76175587187188
0.0	Kudnu	76.81565321221223	76.44203516516517
0.0	Kuehneosaurus	62.12196739639639	27.844475161161157
0.0	Kuehneosuchus	29.29445267167167	28.861257158158157
0.0	Kuruxuchampsa	57.131245452452454	56.57680503203204
0.0	Kwangsisaurus	75.43813941341342	73.5205228088088
0.0	Labidosaurikos	108.0146439069069	98.41861201901904
0.0	Labidosauriscus	114.7799113013013	108.78157196496497
0.0	Labidosaurus	108.2055595915916	98.60745898798798
0.0	Lagerpeton	66.82361983583584	62.69588740740741
0.0	Lanceirosphenodon	45.859519467467464	44.370512064064066
0.0	Langeronyx	71.82595965065065	62.28608933333333
0.0	Langobardisaurus	42.78567982382383	33.16448725225226
0.0	Lanthaniscus	97.82868252852853	92.24037082182183
0.0	Lanthanolania	95.83933177977978	94.68195012212212
0.0	Lanthanosuchus	91.0100514084084	90.09994455955957
0.0	Laquintasaura	25.53438233033033	25.327740963963965
0.0	Largocephalosaurus	71.07609096596596	69.23529081381382
0.0	Lariosaurus	73.86154308808808	61.57297154354355
0.0	Lasasaurus	74.39847536636636	74.2122235985986
0.0	Lepidus	40.22505761161162	39.156265315315316
0.0	Leptonectes	30.59026109009009	24.165813645645645
0.0	Leptopleuron	57.03440057557558	55.67963851651652
0.0	Leptosuchus	52.59716356656657	33.54667964864865
0.0	Lessemsaurus	51.82879927627627	33.49578781481482
0.0	Lewisuchus	67.69164573873873	53.964229034034034
0.0	Leyesaurus	43.23244348148148	41.95893527627628
0.0	Libognathus	43.006506002002006	41.91417425725726
0.0	Liliensternus	53.0750477037037	26.67202761161161
0.0	Lindwurmia	25.397021982982984	25.16146400800801
0.0	Litorosuchus	64.28240867867868	64.05604581581582
0.0	Lophostropheus	29.408776097097096	29.077924305305306
0.0	Lotosaurus	71.67768522722723	67.18586363263262
0.0	Lucasuchus	59.131187002002	54.2449754004004
0.0	Lucianosaurus	42.05638390190191	40.970308711711716
0.0	Lucianovenator	43.496608842842846	41.922399542542536
0.0	Lufengosaurus	26.23535209009009	24.53067115015015
0.0	Lukousaurus	25.743991749749746	25.049360978978978
0.0	Luopingosaurus	70.4316336896897	70.02528906406407
0.0	Luperosuchus	65.75905361561561	63.11120743143143
0.0	Macgowania	47.82168295395395	34.55813812312313
0.0	Machaeroprosopus	52.59184987387387	26.257097768768766
0.0	Macrocnemus	71.83749755855857	61.606798008008006
0.0	Macrocollum	51.14664535035035	37.83755184884885
0.0	Macroleter	97.98623346746746	89.7058772982983
0.0	Macroplacus	29.81514285485485	29.489589773773776
0.0	Macroplata	25.61907347847848	25.376890803803803
0.0	Maehary	48.12388876276276	39.35560548448448
0.0	Majiashanosaurus	74.42456755055055	74.22921172272274
0.0	Malerisaurus	46.180632614614616	37.172665295295296
0.0	Malutinisuchus	67.71915245345346	59.88088639739739
0.0	Mambawakale	69.69755426726726	69.16592603203203
0.0	Mandaphon	69.55089177177177	68.9912865945946
0.0	Mandasuchus	71.52029766366365	66.91702444644645
0.0	Marasuchus	65.57336731831832	62.797388364364366
0.0	Marcianosuchus	70.79210663163164	70.38587554254255
0.0	Massospondylus	58.51511562062062	57.86587438838839
0.0	Mbiresaurus	60.33871914814815	52.9581244994995
0.0	Megachirella	69.71289621421423	69.41968462962963
0.0	Megalancosaurus	42.92466418718718	33.280876440440444
0.0	Megalosaurus	30.417610717717718	30.059515658658658
0.0	Megapnosaurus	25.536618897897895	25.32376472872873
0.0	Melanorosaurus	43.873898803803804	42.15818193893894
0.0	Merriamosaurus	73.94928694994995	73.7047264044044
0.0	Mesodapedon	69.84515665065065	69.17316191391392
0.0	Mesosaurus	115.52759362662664	108.33176223923924
0.0	Mesosuchus	71.63245184184183	63.639055436436436
0.0	Metamosaurus	111.72017681781782	111.59022396096096
0.0	Metashastasaurus	48.68728193293293	39.73148526526526
0.0	Microcnemus	76.85886074674674	71.9461394784785
0.0	Microleter	112.3117070880881	112.20116557757758
0.0	Micromenodon	55.21569363363363	54.073987075075074
0.0	Microsphenodon	47.46986488588589	38.14237611511512
0.0	Mikadocephalus	72.53813644344345	60.30825093593594
0.0	Milleretta	85.97005133633633	76.43267648248249
0.0	Millerinoides	80.80101858158156	80.6999950940941
0.0	Milleropsis	85.8469488088088	76.99919374174173
0.0	Millerosaurus	84.77549017917919	77.33191108308309
0.0	Miodentosaurus	59.711787554554554	54.31990589289289
0.0	Mixosaurus	71.90514812112112	62.25629388588589
0.0	Moradisaurus	83.2629447997998	76.62987307907906
0.0	Mystriosuchus	53.16063098698699	24.911984163163165
0.0	Nambalia	49.27554181781782	35.238164102102104
0.0	Nanchangosaurus	75.62786092492493	63.89223992892893
0.0	Nanoparia	85.34418625725726	79.26988266766766
0.0	Neoaetosauroides	51.270380724724724	34.73322835635635
0.0	Neoprocolophon	69.54072074774774	69.25716145245246
0.0	Neusticosaurus	71.1728257967968	61.336456950950954
0.0	new_Neotheropoda	45.3290713973974	43.89177482682683
0.0	new_Rhynchocephalia	44.06357486286286	42.20832884184184
0.0	Nhandumirim	48.94361127127128	36.68717870870871
0.0	Nicrosaurus	54.11787127327327	33.28907136836837
0.0	Nochelesaurus	89.0208230930931	84.91507319519519
0.0	Notatesseraeraptor	44.58146974574574	43.6555551041041
0.0	Noteosuchus	76.61872797997998	76.50222145145145
0.0	Nothosaurus	72.4669858018018	29.304928190190193
0.0	Nundasuchus	69.36047274274274	68.77650957757758
0.0	Nyasasaurus	70.51284544244244	67.63982728028027
0.0	Nycteroleter	97.21292833633632	90.89253906406405
0.0	Nyctiboetus	104.4500467797798	104.28341363763764
0.0	Nyctiphruretus	99.43536565665666	84.52193040340339
0.0	Obirkovia	88.15481081481481	80.66474438738739
0.0	Odoiporosaurus	63.456284172172175	63.24468805805806
0.0	Odontochelys	57.39602103403403	53.023597660660656
0.0	Omphalosaurus	75.93694283983984	61.64835687887888
0.0	Opisthodontosaurus	115.2465174944945	108.52203962162162
0.0	Orenburgia	76.2010108028028	71.84112673373373
0.0	Orovenator	113.72312317917918	109.32856844244243
0.0	Oryctorhynchus	58.79234204004004	54.78998362362362
0.0	Oryporan	75.78140033133134	73.49979371771772
0.0	Osmolskina	74.0963696976977	73.84183146146145
0.0	Owenetta	85.8498674814815	73.73407273273274
0.0	Ozimek	59.075270910910916	53.38715473273273
0.0	Pachagnathus	42.09842227627628	40.535754912912914
0.0	Pachypleurosaurus	68.08684224224224	61.569178081081084
0.0	Pachystropheus	34.72974198498498	26.778715381381378
0.0	Palacrodon	76.38279404904907	32.38920368368368
0.0	Palaeagama	77.5050905105105	77.39650472672673
0.0	Palaeochersis	49.90699610510511	36.53255408908909
0.0	Palaeosaurus	56.057927842842844	54.68758532632633
0.0	Paleollanosaurus	54.22542663463463	26.158155595595595
0.0	Paliguana	74.58050760160161	74.40959370870873
0.0	Pamelaria	71.3325147077077	67.122708992993
0.0	Pamelina	73.9703434024024	73.7716691151151
0.0	Pampadromaeus	59.652419055055056	36.12647087787788
0.0	Panguraptor	25.428232126126126	25.204511245245243
0.0	Panphagia	57.78506888788788	57.110300675675674
0.0	Pantydraco	58.178426408408406	56.89685725625626
0.0	Panzhousaurus	70.5636661111111	70.1565736876877
0.0	Pappochelys	63.01474054554554	62.718217301301294
0.0	Parahupehsuchus	74.19181652852852	73.96409293593594
0.0	Paralonectes	75.43667077777778	63.524200324324326
0.0	Paraplacodus	71.64347477977978	61.91327816716717
0.0	Pararcus	69.01992152952953	68.70879328828829
0.0	Parasaurus	87.04958639739739	78.84795944144143
0.0	Parasuchus	75.26296422722723	34.867887240240236
0.0	Paratypothorax	52.77494544044044	33.143622591591594
0.0	Pareiasaurus	89.90980379879879	76.42008797897897
0.0	Pareiasuchus	89.53226723723724	78.21960900500498
0.0	Parringtonia	69.83792529129128	69.26102572572573
0.0	Partanosaurus	64.73226554354353	64.45157882982983
0.0	Parvosuchus	64.65107318318319	64.1976533043043
0.0	Pectodens	69.31702144744746	68.90360291391391
0.0	Pelecymala	60.382088550550556	53.51519394794795
0.0	Pendraig	57.8019665045045	56.32272177977978
0.0	Pentaedrusaurus	72.27329754654656	72.03691843943945
0.0	Permotriturus	91.24693823323322	90.26242947647647
0.0	Pessopteryx	74.13281763863864	69.03302074874875
0.0	Peteinosaurus	41.380099247247244	38.313650727727726
0.0	Phaanthosaurus	76.87908662862861	76.18072495895896
0.0	Phalarodon	76.1657926976977	63.874305651651646
0.0	Phantomosaurus	69.43811005505505	69.14307211111112
0.0	Phonodus	76.57351153853854	76.44683339339339
0.0	Pinheirochampsa	64.2523733173173	63.80051218918919
0.0	Pintosaurus	78.04387695095095	77.92692166166165
0.0	Pisanosaurus	57.37326687287287	56.80919856756756
0.0	Pistosaurus	72.10168121221221	61.93447874674675
0.0	Placochelys	61.0329056946947	26.505323637637638
0.0	Placodus	73.82580590990992	53.935359616616616
0.0	Planocephalosaurus	61.885950820820824	26.33210312812813
0.0	Plateosauravus	48.15512134134134	35.55105768968969
0.0	Plateosaurus	52.5919814994995	25.087243310310306
0.0	Plesiosaurus	33.51563101801801	24.62023875975976
0.0	Polesinesuchus	57.571498709709715	56.975287041041035
0.0	Polonosuchus	55.728768790790795	54.30785992392393
0.0	Polymorphodon	63.53914424524525	63.24730376276276
0.0	Poposaurus	60.79101044144143	27.531665001001002
0.0	Postosuchus	58.6287255045045	27.2035928958959
0.0	Powellvenator	42.2481695045045	40.53860788088088
0.0	Pravusuchus	42.67566436036036	41.631031114114116
0.0	Preondactylus	40.471016953953956	37.38585569469469
0.0	Prestosuchus	67.54269833333333	54.855143128128134
0.0	Procerosuchus	65.39341427827827	65.03298167467469
0.0	Procolina	74.64873771071072	74.40750063663663
0.0	Procolophon	76.90259626226226	71.66810781181182
0.0	Procolophonichnium	73.88329871271272	73.70619668368369
0.0	Procompsognathus	40.77568753253254	39.908204376376375
0.0	Proganochelys	53.79695842242243	26.522142553553554
0.0	Prolacerta	76.82924644244244	71.75391348348347
0.0	Prolacertoides	76.65222206206205	76.55113926526526
0.0	Prosantosaurus	66.0019277097097	65.76667753453452
0.0	Prosaurosphargis	74.1971588028028	73.93131901601602
0.0	Protanystropheus	71.97876183483483	66.61136795395396
0.0	Protecovasaurus	46.878534430430435	37.528445961961964
0.0	Protenodontosaurus	60.865497198198206	59.838600482482484
0.0	Proteosaurus	26.25848475975976	24.513162944944945
0.0	Proterochampsa	57.23729723223223	56.40868099799799
0.0	Proterochersis	52.162961832832835	33.73954724524524
0.0	Proterosuchus	76.79880858458458	71.80800313113113
0.0	Protoavis	47.02763618518518	35.44443375775776
0.0	Protocaptorhinus	115.52225403103104	108.88395060460459
0.0	Protoichthyosaurus	25.533401275275274	25.285525117117114
0.0	Protome	43.40699922422422	42.30944217817818
0.0	Protorosaurus	87.00781657557559	78.7174117897898
0.0	Protorothyris	123.84623896996997	118.41074134434434
0.0	Protosuchus	33.37931068068068	24.07439090890891
0.0	Provelosaurus	92.3191122102102	88.2883507947948
0.0	Psephochelys	55.595665052052055	54.05779011911912
0.0	Psephoderma	72.194651003003	25.658848318318316
0.0	Psephosauriscus	71.87059639039039	63.14359198098098
0.0	Psephosaurus	72.85581638738739	59.164708008008006
0.0	Pseudhesperosuchus	43.670859591591594	42.51221552752752
0.0	Pseudochampsa	57.29013123423423	56.535830376376374
0.0	Pterodactylus	25.57014792292292	25.33699801401401
0.0	Puercosuchus	39.16237900500501	38.20382236936938
0.0	Pumiliopareia	81.85007298598599	81.74126838438438
0.0	Qianichthyosaurus	64.717299012012	51.69848221321322
0.0	Qianosuchus	71.6174839019019	69.19849796796797
0.0	Qianxisaurus	63.98108086386386	63.751859428428425
0.0	Quasianosteosaurus	73.74542735835836	73.54685806606606
0.0	Raibliania	57.93451167867868	56.404891868868866
0.0	Rauisuchus	56.16787243043043	55.150911828828825
0.0	Rautiania	87.81128451851852	83.50621698498497
0.0	Redondasuchus	49.98079986486487	35.75041264864865
0.0	Redondavenator	41.98538448648648	41.007556907907905
0.0	Retymaijychampsa	65.39905233433433	64.98050135135135
0.0	Revueltosaurus	57.97885837737738	33.259889007007004
0.0	Rhaeticosaurus	29.537969481481483	29.204296264264265
0.0	Rhipaeosaurus	94.11625177177179	85.8079763803804
0.0	Rhomaleosaurus	30.575918047047043	24.141539686686688
0.0	Rhombopholis	71.90341485385385	64.88961036636637
0.0	Rioarribasuchus	53.70707337837838	33.71004889689689
0.0	Riojasaurus	47.3394350950951	37.98156546646647
0.0	Riojasuchus	43.034366129129126	41.35768742042042
0.0	Romeria	121.15745191891892	120.80491402602603
0.0	Rothianiscus	99.03201526026027	89.4605031891892
0.0	Ruehleia	46.700981792792795	37.52142247647648
0.0	Rugarhynchos	44.421068081081074	43.20568478678678
0.0	Ruhuhuaria	69.50669855955955	68.96038342642642
0.0	Rutiodon	57.85534660260261	33.41660186086085
0.0	Sacisaurus	43.930914670670674	42.13013208608609
0.0	Saltoposuchus	45.30765363463463	36.9413184964965
0.0	Sanchiaosaurus	69.10014494594593	68.67761470370371
0.0	Sanchuansaurus	77.88907314914916	77.78503171071071
0.0	Sanjuansaurus	57.899274147147146	57.23669096996997
0.0	Santaisaurus	76.73871203403404	76.22345903503502
0.0	Sarcosaurus	25.325601111111112	25.097500393393393
0.0	Sarmatosuchus	69.54198375375375	69.23032734534534
0.0	Saturnalia	58.812305052052054	40.735285185185184
0.0	Saurodektes	76.94288850550552	73.77019381081081
0.0	Sauropareion	76.43716115515515	72.52182968568569
0.0	Saurorictus	82.02230494494493	81.91400134734735
0.0	Saurosternon	80.86448637337338	80.75818106506506
0.0	Saurosuchus	58.3744735995996	57.87914823623624
0.0	Scelidosaurus	25.517646918918917	25.294882830830833
0.0	Scharschengia	73.87020795795796	73.62048457557557
0.0	Schleitheimia	45.25142835035035	44.491019995996
0.0	Schultzsuchus	65.02681403403403	64.59852764764764
0.0	Sclerocormus	73.73985521721723	73.56646783983983
0.0	Sclerosaurus	72.12634830430432	66.6537327057057
0.0	Sclerostropheus	42.859067469469466	42.07406453653653
0.0	Scoloparia	61.950316713713704	26.436518205205207
0.0	Scolotosuchus	74.45314004504506	74.26306627327327
0.0	Scutarx	52.27919954454455	34.760493726726736
0.0	Scutosaurus	90.94862685685686	81.90022337937938
0.0	Scythosuchus	73.9098463973974	73.68953237937937
0.0	Seazzadactylus	44.7760888948949	43.93192604404405
0.0	Serpianosaurus	71.75293828028029	62.320053775775776
0.0	Shansisuchus	71.7986311881882	66.8940965205205
0.0	Shastasaurus	61.792514322322326	33.57228453553554
0.0	Shihtienfenia	79.29507801001002	76.98252084984985
0.0	Shonisaurus	59.45378737337337	26.41605976076076
0.0	Shringasaurus	71.63450758958959	66.93857366666666
0.0	Shuangbaisaurus	25.695062393393396	25.465172694694694
0.0	Shuvosaurus	53.174264063063056	26.86994223423423
0.0	Sigmala	61.454397213213205	52.09179230330331
0.0	Sikannisuchus	48.81736831231231	37.348946053053055
0.0	Silesaurus	54.89848545745746	53.60170417217217
0.0	Sillosuchus	58.62665651251251	58.00654822322323
0.0	Simosaurus	71.51482213413412	27.069374914914917
0.0	Sinocyamodus	56.56780977877877	54.9949230990991
0.0	Sinosaurosphargis	70.91622554054054	69.28261139939941
0.0	Sinosaurus	26.142070014014013	24.663644635635634
0.0	Skybalonyx	42.439804146146145	41.30485776276276
0.0	Smilodonterpeton	29.67824941741742	29.24056108308308
0.0	Smilosuchus	58.9636916066066	33.51524443143143
0.0	Sophineta	74.57781443143142	74.38184585085085
0.0	Soturnia	49.673669128128125	35.78853992692692
0.0	Soumyasaurus	46.68504797897898	45.30019876676676
0.0	Sphenotitan	49.98180757957957	35.081957094094086
0.0	Sphodrosaurus	47.286231400400396	46.10540158158159
0.0	Spinosuchus	58.92060078878879	38.259670186186185
0.0	Spondylolestes	82.66089956556557	78.31413954154154
0.0	Spondylosoma	65.86158885385385	62.9608428968969
0.0	Stagonolepis	60.085447040040044	31.78588432632633
0.0	Stagonosuchus	71.43084290490489	67.16222918018018
0.0	Staurikosaurus	57.87896199199199	57.11040494794794
0.0	Stauromatodon	64.09722586186186	63.72623735735736
0.0	Stegomus	49.779155111111116	34.90707660160161
0.0	Stenaulorhynchus	71.66847123823824	62.20152313413413
0.0	Stenomyti	42.49378478278278	41.360127342342345
0.0	Stenoscelida	40.054764328328325	38.77121465265265
0.0	Stereosternum	115.73545639239241	108.12839807907908
0.0	Styracocephalus	88.81846787187189	85.18909145445446
0.0	Suchonosaurus	85.69842272472471	85.31730175675675
0.0	Sumidadectes	103.96921381181181	103.64680822122122
0.0	Syntarsus	29.633230695695694	29.21097146046046
0.0	Syntomiprosopus	41.03290533033034	40.10070566266267
0.0	Tachiraptor	25.67502957757758	25.45761337437437
0.0	Tanaisosaurus	74.6030754084084	74.41725542242243
0.0	Tangasaurus	78.6292700850851	77.17557616516517
0.0	Tanystropheus	72.14276881881881	26.51963806606607
0.0	Tanytrachelos	52.99783218818819	34.17608661261262
0.0	Tarjadia	66.3930729109109	62.625447221221215
0.0	Tasmaniosaurus	76.89295842242242	75.82681045745746
0.0	Tawa	51.263854459459466	35.271868461461466
0.0	Taytalura	56.172362639639644	55.525671360360356
0.0	Technosaurus	44.061088784784786	42.95096190190189
0.0	Tecovasaurus	54.77136163363363	34.236530851851846
0.0	Tecovasuchus	50.67334361661661	35.09140628528528
0.0	Teleocrater	71.2502189019019	67.8962319069069
0.0	Temnodontosaurus	26.989848856856856	24.427708233233236
0.0	Teraterpeton	59.54114145145145	54.48118968268268
0.0	Teratophon	71.57621302702702	67.05924997097097
0.0	Teratosaurus	76.43124258258258	31.62750161061061
0.0	Termatosaurus	33.361413106106106	26.49145203703704
0.0	Terrestrisuchus	61.3956391981982	52.8136456046046
0.0	Teyujagua	74.75877161761761	74.58920015715715
0.0	Teyumbaita	51.11953633733734	35.96824232432433
0.0	Thadeosaurus	80.98637680480479	80.88146169069068
0.0	Thaisaurus	73.90921984984985	73.67485543743744
0.0	Thalassiodracon	32.72082725025025	24.247787738738737
0.0	Thalattoarchon	70.88138947047047	70.51070926626626
0.0	Thalattosaurus	69.38651477177177	65.75269160960961
0.0	Thecodontosaurus	71.11305017317318	25.612249049049048
0.0	Theledectes	68.45168666066066	67.88630543443442
0.0	Thelephon	68.67162744944943	68.13641894594595
0.0	Thelerpeton	71.2226608968969	67.38313126926928
0.0	Tholodus	72.60998489489488	64.37627833233232
0.0	Threordatoth	57.75211153153153	56.32578958658659
0.0	Thuringothyris	115.15795015815816	108.60753265765767
0.0	Tichvinskia	76.02325055055054	71.83380930430431
0.0	Ticinosuchus	70.89181443343342	67.99342999999999
0.0	Tikisuchus	57.973741847847855	57.200071906906906
0.0	Timanophon	75.55787285485485	72.636997004004
0.0	Toretocnemus	59.207368862862864	54.38227941641642
0.0	Trachelosaurus	71.28265385385384	70.97695892192192
0.0	Tramuntanasaurus	96.77438295295295	96.1372966896897
0.0	Trialestes	60.074459087087085	54.878694607607606
0.0	Tricuspisaurus	30.087902129129127	29.68273063863864
0.0	Trilophosaurus	55.86851744444445	33.65346433033033
0.0	Tropidosuchus	67.07447087687686	62.211770446446444
0.0	Tuebingosaurus	42.537051297297296	41.79241415015015
0.0	Turfanosuchus	69.2487531941942	68.97301962462464
0.0	Typothorax	52.57706278478478	26.87751280980981
0.0	Uatchitodon	57.907523679679684	36.863525158158154
0.0	Unaysaurus	48.29449317517518	37.70746419219219
0.0	Unguinychus	44.1420128008008	43.15432997597597
0.0	Uralosaurus	71.77435351151152	67.26613494194193
0.0	Utatsusaurus	76.16492452452452	71.50085885585585
0.0	Vallesaurus	41.376921653653646	38.095382471471474
0.0	Vancleavea	58.43398561561562	26.31887854854855
0.0	Variodens	33.25302594594595	26.823686394394397
0.0	Vellbergia	63.91194207607607	63.60265056656656
0.0	Velocipes	45.528952499499496	44.80272130930931
0.0	Venaticosuchus	56.71376585685686	55.96384633533533
0.0	Venetoraptor	60.31878664764764	36.78443925025025
0.0	Vinitasaura	56.4880628068068	55.31903311211211
0.0	Vivaron	48.33474559259259	38.040682331331325
0.0	Vjushkovisaurus	71.4170835215215	67.91899541441443
0.0	Volcanosuchus	58.74500742042042	58.15577446946946
0.0	Vonhuenia	76.58727286386386	76.48483443443445
0.0	Vritramimosaurus	74.15804932332331	73.91562547247248
0.0	Vytshegdosuchus	74.2479148978979	74.0355626876877
0.0	Wahlisaurus	25.41883027427427	25.179544690690694
0.0	Waluchelys	39.05516547847848	37.65179701501502
0.0	Wangosaurus	63.75738525925926	62.641177149149144
0.0	Wannia	45.09825252052052	36.76255433133133
0.0	Wapitisaurus	73.81136836336336	73.59380297497498
0.0	Weigeltisaurus	86.28087841841842	78.93631065065065
0.0	Whitakersaurus	30.3786681021021	30.023694324324325
0.0	Wimanius	68.75189798698699	68.39132902102102
0.0	Wumengosaurus	71.4382954054054	67.07097433533534
0.0	Xenodiphyodon	59.0946795055055	58.2757544954955
0.0	Xilousuchus	71.2949599029029	71.04847687787787
0.0	Xingxiulong	25.463570783783783	25.218642087087087
0.0	Xinminosaurus	70.4470143983984	70.04570024624626
0.0	Xinpusaurus	65.66729162862863	51.778617049049046
0.0	Yarasuchus	70.78788140440439	67.90716617117117
0.0	Yelaphomte	44.16482210110111	42.87512937037037
0.0	Yimenosaurus	26.42319335035035	24.48210315815816
0.0	Youngetta	74.48537847347347	74.34107373673675
0.0	Youngina	85.5805878958959	76.82812722322322
0.0	Youngosuchus	69.32725401701701	69.02519218718719
0.0	Yunguisaurus	66.35048791191193	62.620775675675674
0.0	Yunnanosaurus	26.22369768968969	25.015778995995994
0.0	Zanclodon	68.9134673053053	26.681270588588585
0.0	Zhongjiania	84.11230121721721	80.29452723723723
0.0	Zupaysaurus	41.478126735735735	39.88771511811812
