clade	species	ts	te
0.0	Abajudon	91.13647376876877	84.74942765965966
0.0	Abdalodon	82.04350156056056	81.83883088388387
0.0	Acratophorus	58.33278746746746	53.39619252952953
0.0	Adelobasileus	41.71120673873874	41.16776276176177
0.0	Aelurognathus	85.1627971141141	77.037345001001
0.0	Aelurosaurus	88.24518385185183	78.37562618318319
0.0	Aelurosuchus	69.70074705805807	69.48171569169169
0.0	Agudotherium	56.06566584784784	55.2179704014014
0.0	Akidnognathus	86.21960885385386	78.91902474474473
0.0	Aleodon	71.61267095795795	59.04484536436436
0.0	Alepognathus	87.16020880880882	86.53802951151151
0.0	Alopecideops	87.43297708508508	86.83061372772772
0.0	Alopecodon	89.09743865465465	84.91600984784785
0.0	Alopecognathus	88.62754813313313	85.07028310910911
0.0	Alopecorhinus	84.92198413013013	84.53719823223224
0.0	Aloposaurus	85.96520726126127	77.41039601601601
0.0	Alrausuchus	98.11617627627628	90.34623676976979
0.0	Andescynodon	70.16270704504504	68.03351444844844
0.0	Angelosaurus	95.4624186076076	91.83387239839838
0.0	Angonisaurus	72.18389535735734	66.55990637137137
0.0	Annatherapsidus	90.43546735035035	82.2939292122122
0.0	Anningia	87.34924572272273	86.7473121001001
0.0	Anomocephalus	90.92659876476476	90.5830994084084
0.0	Antecosuchus	71.16950524124125	67.67514977577576
0.0	Anteosaurus	89.87670516416418	84.57987103003003
0.0	Apsisaurus	117.78758235535535	117.29182609509509
0.0	Archaeosyodon	91.1449134824825	90.56164362362362
0.0	Arctognathus	85.3967769099099	77.73534137637638
0.0	Arctops	86.36790995295294	77.84534011611612
0.0	Arctotraversodon	59.581874555555565	53.7989188028028
0.0	Arisierpeton	112.66426859259259	112.2684903143143
0.0	Ascendonanus	117.77972272972973	109.40169318418418
0.0	Aulacephalodon	85.16228175475476	77.557668996997
0.0	Aulacocephalus	81.93729953953954	81.74294823823824
0.0	Australobarbarus	88.82026641841841	85.8223096926927
0.0	Australosyodon	90.36699307507507	89.98557195495495
0.0	Avenantia	86.32824675175175	85.79279447147148
0.0	Baldwinonus	119.21602928328328	118.7157734924925
0.0	Basilodon	86.62747129529531	76.6153565055055
0.0	Bauria	72.4983198178178	67.32287661861861
0.0	Beishanodon	73.39010530530531	73.27911451551552
0.0	Biarmosuchoides	91.02613874474476	90.4549696866867
0.0	Biarmosuchus	98.54470812412411	88.51817180480481
0.0	Biseridens	97.0845873043043	92.9336118038038
0.0	Blattoidealestes	84.68458034434434	84.30257229629628
0.0	Bolodon	31.046722432432432	30.548389328328327
0.0	Bolotridon	69.47000757157157	69.24870482482483
0.0	Bonacynodon	66.72951828428428	57.38753714214214
0.0	Boreogomphodon	61.542448854854854	38.80825701101101
0.0	Botucaraitherium	43.480957735735736	42.493447280280286
0.0	Brachyprosopus	90.22580962162162	84.70917505305304
0.0	Brachyzostrodon	33.238037373373366	26.535838677677674
0.0	Brasilitherium	52.46435767767768	35.00203874574574
0.0	Brasilodon	52.36852715015014	33.39072418018017
0.0	Bulbasaurus	84.3802144954955	79.68828785885886
0.0	Bullacephalus	89.09275560760761	88.56467736936936
0.0	Burnetia	82.46377686886886	82.28349312012013
0.0	Cabarzia	120.97366332532533	120.46231091491491
0.0	Callibrachion	113.00697168968969	112.59707854154153
0.0	Candelariodon	65.42116467567567	65.1868196056056
0.0	Caodeyao	81.0958203163163	80.94690261861861
0.0	Casea	109.23358523423423	100.22294115815816
0.0	Cerdorhinus	81.28172875975976	81.08410632732732
0.0	Cerdosuchus	80.40947057157157	80.20669113513513
0.0	Chalepotherium	29.658709639639635	29.143478645645644
0.0	Chaliminia	50.422756609609614	37.66570191991992
0.0	Charassognathus	81.70905960960961	81.52179482582582
0.0	Chiniquodon	68.74648221321321	53.70899708508509
0.0	Choerosaurus	80.8784955045045	80.69933847447447
0.0	Chthomaloporus	91.0413992102102	90.45084757257257
0.0	Chthonosaurus	87.58788868368369	83.79888015415415
0.0	Cistecephaloides	81.87383311711713	81.68096384984985
0.0	Cistecephalus	84.74918411411412	79.10891542942943
0.0	Cistecynodon	69.53356563763764	69.32734888188187
0.0	Clelandina	86.73063178478479	77.7606117047047
0.0	Clepsydrops	106.38023354054056	106.04581108508509
0.0	Colobodectes	88.91341234034036	76.53027403803806
0.0	Compsodon	86.06636862462462	77.19414354954955
0.0	Cotylorhynchus	106.4530918908909	89.97326567267267
0.0	Counillonia	74.33182004604605	74.24532576476476
0.0	Cricodon	71.48163958958958	67.21955030230231
0.0	Criocephalosaurus	88.282379012012	84.97488416816816
0.0	Cromptodon	70.39568106606606	70.18132548748748
0.0	Cryptocynodon	86.14626461961961	79.43076738938939
0.0	Ctenorhachis	111.58545483783784	111.19531689789791
0.0	Ctenospondylus	120.16788571971973	106.69744828628629
0.0	Cutleria	119.86237001201202	115.12684473673674
0.0	Cynariognathus	88.34948104404404	84.87738845845847
0.0	Cyniscops	81.93806863363363	81.72480058158158
0.0	Cynognathus	71.91293279779781	55.5957953023023
0.0	Cynosaurus	86.90762707507507	76.81074702802803
0.0	Cyonosaurus	85.67573947847848	76.78660777777777
0.0	Dalongkoua	78.027403998999	77.89129334334335
0.0	Daptocephalus	88.17163032532534	76.93889811811812
0.0	Daqingshanodon	80.58114696396396	80.4474576016016
0.0	Davletkulia	95.57655565765765	94.98087952952952
0.0	Delectosaurus	85.28846684184184	82.00280326626626
0.0	Delphinognathus	86.84177057057056	86.22710449149149
0.0	Deuterosaurus	91.99898483183183	84.80339745945945
0.0	Diademodon	71.91881465665665	56.059875773773776
0.0	Dicynodon	89.86837995295295	64.67275214414414
0.0	Dicynodontipus	76.63321645645645	76.46158971771771
0.0	Dicynodontoides	85.86831203703703	72.91780457257256
0.0	Diegocanis	57.75154042742743	56.81585857357357
0.0	Digalodon	86.60393784584585	77.28573661361361
0.0	Diictodon	89.37165014214216	77.33559839039039
0.0	Diictodontoides	81.50493267267267	81.30801688588589
0.0	Dimetrodon	123.65181962562562	99.21189677277277
0.0	Dinanomodon	86.99609565765766	73.48377738138139
0.0	Dinodontosaurus	67.06899545345345	61.48847100800801
0.0	Dinogorgon	85.46315135135136	77.1149927907908
0.0	Dinosaurus	91.05674562662664	89.597789004004
0.0	Dolichuranus	71.59212669169169	67.46783511811812
0.0	Dolomitipes	77.80051668168167	73.9330329129129
0.0	Dromatherium	44.212704261261266	43.699281646646654
0.0	Dvinia	86.39039520820822	83.69638933533534
0.0	Ecteninion	58.380543619619615	57.41538715515516
0.0	Edaphosaurus	123.95189519619619	99.745478
0.0	Elephantosaurus	63.417643624624624	63.27197975175175
0.0	Elliotsmithia	87.49821024124124	86.89998840640641
0.0	Elph	88.25658908508507	84.15887282682684
0.0	Emydochampsa	82.3708288928929	82.16843674974976
0.0	Emydops	89.34570795995995	78.41944476676677
0.0	Emydorhinus	82.975680007007	80.53008294694695
0.0	Emydorhynchus	82.47005712812812	82.26331575075073
0.0	Emyduranus	82.84256185885886	80.54274881581583
0.0	Endothiodon	89.2422650970971	77.90232477477477
0.0	Ennatosaurus	99.82222535535537	87.63964111411413
0.0	Eodicynodon	91.83473723523525	89.39711316516517
0.0	Eoraetia	30.181319351351355	29.702800935935937
0.0	Eosimops	89.31420527727728	79.67779611611611
0.0	Eothyris	112.48785156956957	112.06966223123123
0.0	Eozostrodon	32.01303512812813	28.88636644744745
0.0	Ericiolacerta	76.79103773273275	71.36900017617617
0.0	Eriphostoma	89.71143835435434	79.39917919919921
0.0	Estemmenosuchus	95.155798005005	88.92508513413414
0.0	Etjoia	69.69728025025024	69.47738205105107
0.0	Eubrachiosaurus	56.465892461461465	55.112658303303306
0.0	Euchambersia	82.0809229169169	81.89140638738739
0.0	Euptychognathus	81.48719165765765	81.29734120920922
0.0	Euromycter	105.95438327327328	105.56073848348348
0.0	Exaeretodon	69.70692034234234	32.28493233233233
0.0	Fluctuodon	29.850050089089088	29.358225583583582
0.0	Galechirus	88.87060316416418	86.37819629129129
0.0	Galeops	88.26986142642642	79.92622957557558
0.0	Galepus	87.40972322622622	86.80492475075076
0.0	Galesaurus	77.03180685985986	72.05160262662662
0.0	Gaumia	41.514632298298295	24.848483175175176
0.0	Geikia	86.79814278478479	76.5158932912913
0.0	Glanosuchus	91.72271476576576	84.71933815815817
0.0	Glaucosaurus	106.8324820880881	106.4407581121121
0.0	Gondwanadon	56.6424478968969	55.77097865665665
0.0	Gordonia	79.08730430930929	77.20648202602602
0.0	Gorgonops	89.05442875375375	78.66078144344344
0.0	Gorochovetzia	85.63682831731731	85.33490547147149
0.0	Gorynychus	90.17123729529531	85.04139013613614
0.0	Habayia	30.528266296296298	30.072292424424425
0.0	Hahnia	29.366294280280282	28.8466134004004
0.0	Hallautherium	30.984436167167168	30.470131633633635
0.0	Haptodus	124.96528027927927	110.67964485785787
0.0	Haramiyavia	31.47079464064064	27.770122466466464
0.0	Hazhenia	71.06998815915915	70.87142905305305
0.0	Heleosaurus	87.29994560960961	86.71526299299299
0.0	Helvetiodon	29.963443128128127	29.48764495695696
0.0	Herpetoskylax	83.40665838238239	81.00432953353352
0.0	Hipposaurus	88.52619843643643	84.90491886286287
0.0	Hofmeyria	86.65232654954956	78.84841622922923
0.0	Homodontosaurus	86.58767240340342	77.23388471171171
0.0	Hwanghocynodon	81.61049348648649	81.45922101601602
0.0	Hyaenasuchus	87.23716283783783	86.62011543143143
0.0	Hypselohaptodus	120.75534436836837	120.21512746646647
0.0	Hypsiprymnopsis	28.83280818018018	28.34110932132132
0.0	Ichibengops	83.3196867977978	80.23966120120122
0.0	Icticephalus	82.20432659459459	81.98362836636637
0.0	Ictidochampsa	82.06277255755755	81.86430307607608
0.0	Ictidognathus	86.8380646916917	79.2813717897898
0.0	Ictidorhinus	79.80731500800802	79.60530262562563
0.0	Ictidosaurus	91.23530129229229	85.33144993993993
0.0	Ictidosuchops	85.20576463163164	77.1754738018018
0.0	Ictidosuchus	81.93650210010009	81.74469719319319
0.0	Idelesaurus	87.08653770270271	86.62496106306307
0.0	Impidens	69.35780936936936	69.148530004004
0.0	Inostrancevia	89.64005643943945	80.62926614014013
0.0	Interpresosaurus	83.57415147847848	83.40475863163164
0.0	Irajatherium	49.23233844644645	37.600127862862855
0.0	Ischigualastia	61.65930766366367	52.71048484184184
0.0	Isengops	81.4745616066066	81.28039308308308
0.0	Jachaleria	67.03485985285286	31.13333626126126
0.0	Jimusaria	82.21601355955956	76.50402293393392
0.0	Jiufengia	80.74474951451452	80.5956097037037
0.0	Jonkeria	89.68092392092093	80.81986383583583
0.0	Julognathus	87.06814125325324	86.60841642342342
0.0	Kamagorgon	99.27250886986987	92.93338925725726
0.0	Kannemeyeria	74.03036534534536	64.29508635235236
0.0	Karenites	87.85154453853855	85.4478625045045
0.0	Kataigidodon	43.691870542542546	43.15621433733733
0.0	Katumbia	83.77923835335336	80.03786373673672
0.0	Kawingasaurus	84.10167827327327	79.67175051551551
0.0	Kembawacela	84.36046330930931	79.28525940840841
0.0	Keratocephalus	88.93167464964965	85.16910886286287
0.0	Keyseria	80.01472643643643	79.82273313813815
0.0	Kitchinganomodon	85.97654966366366	77.48172872172171
0.0	Kombuisia	76.81749155755755	66.81259988488489
0.0	Kotelcephalon	86.34610466366367	85.91706027427428
0.0	Kuehneotherium	33.41073824424424	25.974124456456455
0.0	Kunpania	80.89846607007007	80.75452133933933
0.0	Kwazulusaurus	80.72222304704705	80.51817816716718
0.0	Lalieudorhynchus	87.97932576576576	87.64710496296296
0.0	Langbergia	74.7117166836837	71.63272978878878
0.0	Lanthanostegus	88.4993225155155	85.92687005005006
0.0	Lemurosaurus	83.17626771471473	80.26751226426427
0.0	Lende	82.61120047647647	82.37132878978979
0.0	Leogorgon	87.38685260160162	83.007576984985
0.0	Leontosaurus	84.76675515415415	77.82799915515515
0.0	Lepagia	32.716756570570574	25.979627665665664
0.0	Leucocephalus	81.38753171471471	81.18971937037036
0.0	Lobalopex	81.80170064264264	81.59864060260259
0.0	Lophorhinus	81.4417039099099	81.23690103003003
0.0	Luangwa	72.02309947147147	59.12137103403403
0.0	Lumkuia	69.90901149649648	69.70813590190191
0.0	Lupeosaurus	122.29707351951953	121.74967587487488
0.0	Lycaenodon	85.7803728928929	78.47269621921922
0.0	Lycaenops	85.28285377677678	77.99287394494496
0.0	Lycedops	87.57219382882883	86.94804551851853
0.0	Lycideops	79.5933623153153	79.39074117117117
0.0	Lycosaurus	87.99770082782781	80.97542117517516
0.0	Lycosuchus	86.27383609109108	85.7272779019019
0.0	Lystrosaurus	87.67497559959959	71.65610239639639
0.0	Malasaurus	83.6766742042042	83.53257286986987
0.0	Mandagomphodon	70.20164507207208	68.84325171471471
0.0	Martensius	113.16819163163164	112.76322170170171
0.0	Massetognathus	67.2187345025025	56.085768651651655
0.0	Maubeugia	31.31562301001001	30.787090080080077
0.0	Megawhaitsia	85.47896933833833	82.56892886586587
0.0	Menadon	56.813434998999	55.875423858858866
0.0	Mesenosaurus	112.14575169369368	89.20461876676676
0.0	Meurthodon	30.504077285285288	30.01257013113113
0.0	Microconodon	59.300316182182186	37.895852799799805
0.0	Microgomphodon	74.41185152252253	63.422340027027026
0.0	Microhelodon	69.65891634334335	69.4364710890891
0.0	Microscalenodon	31.990345293293295	27.800476743743747
0.0	Microsyodon	98.81105088388388	94.16454771571571
0.0	Microurania	91.36406982182183	82.89017701901902
0.0	Microvaranops	89.04413031731733	84.87854515115116
0.0	Microwhaitsia	83.37319915515515	80.59971602202204
0.0	Minicynodon	43.10630035135135	41.99591723623624
0.0	Mirotenthes	83.20037743843844	80.36166901401403
0.0	Mitredon	30.415961354354355	29.909534016016014
0.0	Moghreberia	60.98288463863864	52.76572048548549
0.0	Mojo	28.43454805605606	27.94617637837838
0.0	Molybdopygus	90.53573834634633	89.92055190490491
0.0	Morganucodon	32.552176506506505	27.135883763763765
0.0	Mormosaurus	87.13990555155155	86.54416225825825
0.0	Moschops	89.54507695395395	81.75706397397398
0.0	Moschorhinus	85.64087422122122	71.83822877577578
0.0	Moschowhaitsia	85.73700658058057	81.88013573473474
0.0	Muchia	86.75691533733735	86.33111493393393
0.0	Mucrotherium	30.04650933933934	29.52556261761762
0.0	Mupashi	81.32487686786787	81.12425633533533
0.0	Mycterosaurus	115.4621683073073	101.84364992592592
0.0	Myosauroides	81.96682546046046	81.77387197897899
0.0	Myosaurus	77.12771313413413	71.47300904904905
0.0	Nanictidops	81.48713980980982	81.30111161961962
0.0	Nanictocephalus	81.94477229729729	81.74819606706708
0.0	Nanictosaurus	86.17195741241241	76.7438725935936
0.0	Nanocynodon	86.1859621991992	85.7660448928929
0.0	Nanogomphodon	63.37408531131131	63.19971826126126
0.0	Niaftasuchus	97.83971626626627	92.59228706606606
0.0	Niassodon	82.11935371671672	81.92060880480479
0.0	Nikkasaurus	95.0609944004004	90.93791663963965
0.0	Niuksenitia	86.80446704204203	86.37757035335336
0.0	Nochnitsa	87.07984666266266	86.63426808908909
0.0	Notaelurodon	79.3254696966967	79.13771235835837
0.0	Nothogomphodon	70.7507819089089	67.29227223223224
0.0	Notictoides	74.3410826016016	74.26515893293293
0.0	Notosyodon	88.78290785485486	88.26327305705705
0.0	Nshimbodon	82.41115040840839	82.20659508308307
0.0	Nythosaurus	69.01931885285285	68.80197307907908
0.0	Odontocyclops	85.18330503903906	79.0577904034034
0.0	Oligokyphus	31.081891784784784	29.012994655655653
0.0	Olivierosuchus	76.79950972372372	71.75867085985986
0.0	Ophiacodon	123.58394461661662	99.53561233133134
0.0	Ophidostoma	81.42917915515515	81.24495990990991
0.0	Ordosiodon	70.14925823723725	67.51872517817817
0.0	Oromycter	112.79808767767767	112.40468612612612
0.0	Otsheria	91.1320461051051	90.55542444044045
0.0	Oudenodon	87.1830574034034	76.98117364664665
0.0	Pachydectes	88.00143993393394	87.37931064364366
0.0	Palemydops	86.08366617117117	78.782786984985
0.0	Pampaphoneus	91.09095842942943	88.01886365465467
0.0	Panchetocynodon	75.53292472972973	75.3524756086086
0.0	Parabradysaurus	100.14263510710713	95.61337582282282
0.0	Paraburnetia	82.67194696396398	82.48009706906907
0.0	Paragalerhinus	81.94708484284284	81.70440759559561
0.0	Parakannemeyeria	71.99869209709709	61.921955424424425
0.0	Parasuminia	87.65045993093094	87.22462567767768
0.0	Paratraversodon	65.08907445845846	64.9005006056056
0.0	Pardosuchus	86.85883630130131	86.25104013913915
0.0	Pascualgnathus	60.79132835435436	53.239261698698705
0.0	Patranomodon	91.24941216116117	89.43626889489488
0.0	Pelanomodon	85.77922712812814	76.77077133733734
0.0	Pelictosuchus	82.24140092092092	79.93962274474475
0.0	Peramodon	87.54700088088089	84.24303813113114
0.0	Perplexisaurus	91.64054455155154	84.9977093063063
0.0	Phocosaurus	88.14664303403404	84.92050742142143
0.0	Phreatophasma	96.38516809509508	95.76109062162162
0.0	Phthinosaurus	96.47941111511511	89.11260087087088
0.0	Placerias	60.618564993994	33.4084035015015
0.0	Planitorostris	65.412652004004	65.2626326936937
0.0	Platycraniellus	76.41998592292293	73.1102700930931
0.0	Platycyclops	82.57570321421422	82.3845881101101
0.0	Platypodosaurus	85.5359458008008	79.11313542842844
0.0	Polonodon	57.018683316316306	56.60580558758759
0.0	Polycynodon	81.81625616316316	81.62265187887887
0.0	Porosteognathus	90.82668635435435	86.10117201501502
0.0	Pravoslavlevia	85.60423637537536	85.25554702302303
0.0	Pristerodon	88.468126995996	79.07468482182182
0.0	Pristerognathoides	89.35890084284284	83.73805472872873
0.0	Pristerognathus	89.23628892992993	84.71785730630631
0.0	Pristerosaurus	86.49363285985987	85.92366961661662
0.0	Probainognathus	66.49117664064065	54.4463799009009
0.0	Proburnetia	87.12307425725726	86.71567142742744
0.0	Procynosuchus	88.1241586976977	74.12491975375376
0.0	Prodicynodon	85.3516086086086	78.39331777177176
0.0	Progalesaurus	76.60078205005006	76.43550652152153
0.0	Promoschorhynchus	86.44716578778778	77.7649094804805
0.0	Protheriodon	65.20484102602602	64.97274717217218
0.0	Protuberum	66.70998122622623	61.58375586086087
0.0	Prozostrodon	55.90870684884885	39.76179521921922
0.0	Pseudotherium	58.116392533533535	57.153203998999004
0.0	Pseudotriconodon	47.20850643943944	23.755304965965962
0.0	Ptomalestes	88.89666602602603	85.17623835335336
0.0	Purlovia	86.0738294994995	82.05723137337338
0.0	Putillosaurus	73.64292216016017	73.54367641541542
0.0	Pyozia	93.70949712012013	93.11977377577577
0.0	Rabidosaurus	71.1196296076076	67.69471042142142
0.0	Raranimus	94.91383633833834	94.36883483783785
0.0	Rastodon	88.96322958658659	88.48415021421422
0.0	Rechnisaurus	71.40392399099099	67.238144017017
0.0	Redondagnathus	42.499145174174174	42.05092614014014
0.0	Regisaurus	76.08999931731732	73.12732621621622
0.0	Reiszia	97.68656031531532	93.04571341141141
0.0	Repelinosaurus	73.79761354654656	73.71088547147149
0.0	Rewaconodon	61.70927594494494	40.0201016886887
0.0	Rhachiocephalus	85.15198695995996	78.59717964664664
0.0	Rhadiodromus	71.48657542942944	67.79088393993993
0.0	Rhinodicynodon	69.35493571871872	69.09241853453453
0.0	Rhopalodon	92.7687494064064	88.32211015715717
0.0	Riebeeckosaurus	87.44827532932932	86.81982809809809
0.0	Riograndia	52.67014429029029	33.52733858958959
0.0	Riojanodon	64.57076147047047	64.3707238988989
0.0	Robertia	89.38057815815816	83.65226776576577
0.0	Rosieria	31.421814614614615	28.729377386386382
0.0	Ruberodon	56.83808913413413	55.946860260260266
0.0	Rubidgea	85.33553624424424	76.9093597087087
0.0	Ruhuhucerberus	83.84315046646647	79.91965789489491
0.0	Ruthenosaurus	107.81829520320322	107.45758523323323
0.0	Sangusaurus	71.68091176676677	60.624806193193194
0.0	Santacruzgnathus	56.694312078078084	55.78167576676676
0.0	Santacruzodon	60.949868483483485	52.223963312312314
0.0	Santagnathus	52.44880550850851	33.39478081981982
0.0	Sauroctonus	89.1372432022022	80.96171248148148
0.0	Sauroscaptor	84.29468778278279	79.67138702102102
0.0	Scalenodon	72.29412496196197	61.08621102602603
0.0	Scalopocephalus	81.9144423073073	81.71066613613614
0.0	Scalopodontes	87.39048305105105	86.96622007807808
0.0	Scalopognathus	76.63305988488489	76.53064301701703
0.0	Scaloporhinus	79.70994972972973	79.49229767067068
0.0	Scaloposaurus	85.74214636736737	71.96294933833833
0.0	Scaloposuchus	81.81609000500501	81.5999446116116
0.0	Scylacoides	82.74287212312313	82.44350844244244
0.0	Scylacops	85.67006130630631	78.78232246846846
0.0	Scylacosaurus	88.77972707007007	80.0062351021021
0.0	Scylacosuchus	87.79353625625626	87.35015093793795
0.0	Scymnosaurus	89.05499571171173	84.76328065565565
0.0	Secodontosaurus	115.92681993393393	100.89835212712713
0.0	Sesamondontoides	69.26173985085086	69.04224320520521
0.0	Shaanbeikannemeyeria	70.07895467467468	67.54688389089088
0.0	Shansiodon	71.77352926126126	66.9391801851852
0.0	Shiguaignathus	80.78197616316315	80.64492475375374
0.0	Silphedosuchus	73.18589876676677	73.08500497797799
0.0	Silphoictidoides	82.53112312712713	80.34752604904904
0.0	Sinoconodon	31.04409414914915	30.606116974974977
0.0	Sinognathus	69.89274009609609	69.61200963263263
0.0	Sinokannemeyeria	71.47440285685687	65.83753014714713
0.0	Sinophoneus	97.47557844144144	92.75243833533534
0.0	Sintocephalus	82.9516734044044	82.74104085985985
0.0	Siriusgnathus	61.5869104984985	31.39767113313313
0.0	Sludica	89.43858093193192	85.08668472172172
0.0	Smilesaurus	86.428787017017	78.79445651751753
0.0	Sphenacodon	124.42590187787788	110.16765566166166
0.0	Stahleckeria	69.86510513813813	59.311608442442434
0.0	Stereophallodon	118.21603217517516	117.69540401201199
0.0	Struthiocephaloides	88.06348108308309	85.42340825825825
0.0	Struthiocephalus	89.36702129329329	84.67105281981982
0.0	Styracocephalus	87.86867592392392	85.49999271471471
0.0	Suchogorgon	88.70060164564565	84.87460830030031
0.0	Suminia	89.23987365365365	84.55663442242242
0.0	Sungeodon	73.40365006206206	73.30126440540542
0.0	Sycosaurus	85.73274958258258	78.99320157757758
0.0	Syodon	100.99529174574575	84.7899322052052
0.0	Syops	84.59045595095095	79.47135101801801
0.0	Sysphinctostoma	69.75129533833834	67.54336956656657
0.0	Tambacarnifex	111.32397040940941	110.90320118218217
0.0	Tamboeria	86.86916749449449	86.26286974374374
0.0	Taoheodon	79.60272584084085	79.46595362662663
0.0	Tapinocaninus	90.61575614614617	90.25515742642642
0.0	Tapinocephalus	88.64212746346348	85.37162062262261
0.0	Taurocephalus	86.75885848748749	86.16036481381383
0.0	Tessellatia	43.13860083883884	42.15881213913914
0.0	Tetraceratops	104.4676954084084	104.096894986987
0.0	Tetracynodon	86.01214630230228	72.3513337107107
0.0	Tetragonias	70.98925347347348	68.68392457857858
0.0	Theriognathus	85.08038532932933	68.85796552852852
0.0	Therioides	87.52021941241242	86.86169035535536
0.0	Theroteinus	29.736453007007007	29.258353243243242
0.0	Thliptosaurus	81.04575331831832	80.84810082582582
0.0	Thomasia	33.506097548548546	26.453777454454453
0.0	Thrinaxodon	76.97001456856856	71.69879388488488
0.0	Tigrisuchus	83.40795175875877	80.94834542742744
0.0	Tikitherium	58.28778449849849	57.338376367367374
0.0	Titanogomphodon	66.9018861961962	66.70831708508508
0.0	Titanophoneus	92.16146956756756	85.3192893143143
0.0	Titanosuchus	89.24713460360361	84.53257737137136
0.0	Traversodon	66.7418335095095	62.40517803403404
0.0	Traversodontoides	69.98805883483485	69.72345308608608
0.0	Trichasaurus	102.95127571971972	102.54505536536536
0.0	Tricuspes	40.83107244844845	26.066730267267268
0.0	Trirachodon	71.99673381981982	64.65016974574574
0.0	Trochorhinus	87.47812406606607	86.85285749849851
0.0	Trochosaurus	88.77320848148148	85.43312091491491
0.0	Trochosuchus	86.9570083083083	86.38440191391392
0.0	Tropidostoma	88.10109152252252	79.09453830930931
0.0	Trucidocynodon	61.03628271871872	36.933981278278274
0.0	Turfanodon	83.86953315315316	76.26056431331331
0.0	Ufudocyclops	71.09253344344344	63.450313572572576
0.0	Ulemica	92.22339652752753	85.09296442142143
0.0	Ulemosaurus	91.96658130430431	85.30840678878879
0.0	Uniserium	29.81752615915916	29.31435022822823
0.0	Uralocynodon	84.71200288588588	84.46839804804806
0.0	Uralokannemeyeria	71.15020982882884	67.92063867867869
0.0	Urumchia	76.55036895095094	76.45071040140138
0.0	Ustia	87.73527551851852	87.27524732132132
0.0	Varanodon	94.73542101201201	94.35979508008008
0.0	Varanops	115.10271783083084	100.17932556056056
0.0	Varanosaurus	114.92782389689691	99.59665064464464
0.0	Vaughnictis	120.1792514054054	114.79684223423423
0.0	Venyukovia	90.79178541941943	90.21700523523523
0.0	Vetusodon	80.81560941841842	80.6160306116116
0.0	Viatkogorgon	88.01191203403403	85.47053466666667
0.0	Viatkosuchus	88.2049955955956	86.24232888288289
0.0	Vinceria	70.45690389989991	67.5665465015015
0.0	Vivaxosaurus	90.32976418418417	81.50647824624625
0.0	Wadiasaurus	69.09195418018018	68.87766724224223
0.0	Walteria	86.70702714914916	86.13300706806808
0.0	Watongia	93.06228661361362	92.68804935535536
0.0	Woutersia	32.660502667667664	28.30159956056056
0.0	Woznikella	59.50472372372372	53.99071032732733
0.0	Xiyukannemeyeria	71.2846226046046	62.25850458658658
0.0	Yikezhaogia	70.4203799069069	70.14126476076076
0.0	Zambiasaurus	69.91304917317316	69.69583844144145
