clade	species	ts	te
0.0	Acanthostomatops	293.4108657632066	293.25992328381955
0.0	Acerastea	251.8045421844252	251.6107557588518
0.0	Acheloma	293.6510747293346	273.7529345394201
0.0	Acroplous	299.40647183721137	289.8697129073597
0.0	Actinodon	296.6859832647738	286.106984965775
0.0	Actiobates	303.92834808002675	303.77862634929124
0.0	Adamanterpeton	309.08718022458476	308.93753321490897
0.0	Almasaurus	227.66353693787036	226.3982468646679
0.0	Amphibamus	310.351733232548	306.86955065711817
0.0	Anakamacops	269.5511211499934	267.2977887041766
0.0	Anaschisma	237.15561673064136	201.52981573505664
0.0	Anconastes	300.7544903394353	300.6045272357174
0.0	Angusaurus	254.77250044086765	244.13625750930632
0.0	Anisodexis	281.3177196231339	280.61146257139825
0.0	Anthichnium	261.92490253583827	260.22513874843924
0.0	Anthracobamus	300.54144424321413	300.3894659470733
0.0	Apachesaurus	236.39585787142673	204.41554768326932
0.0	Apateon	300.7184441421343	264.5073170384548
0.0	Aphaneramma_Temperate_N	253.1658352424165	246.21920574621737
0.0	Aphaneramma_Temperate_S	252.8720872052994	250.89397381628083
0.0	Arachana	227.10690088622619	226.11421542737048
0.0	Archegosaurus	298.2209742302526	282.1753816967757
0.0	Arenaerpeton	252.10569498568145	251.72451596060017
0.0	Aspidosaurus_Temperate_N	273.85706097087825	271.93977502841176
0.0	Aspidosaurus_Tropical_N	303.2624433515102	270.10938334488515
0.0	Aspidosaurus_Tropical_S	302.37471675939355	272.33306578247544
0.0	Astreptorhachis	300.946637474217	300.79790447448164
0.0	Australerpeton	267.0886541987731	257.6277108807988
0.0	Bageherpeton	261.94913850538984	260.82234077694517
0.0	Banksiops	252.11947471390673	251.24180395150478
0.0	Bashkirosaurus	268.05769237782255	265.7783059827327
0.0	Bathignathus	250.48934899886672	241.7677529404823
0.0	Batrachosuchoides_Temperate_N	255.53836047760777	243.84883038893483
0.0	Batrachosuchus_Temperate_S	253.590298845688	241.7820867575716
0.0	Benthosphenus	249.55051311368098	249.43905226090388
0.0	Benthosuchus	251.5009727618334	247.18302150744668
0.0	Bermanerpeton	300.7208520201759	300.5684858920571
0.0	Boreopelta	247.46522257740807	247.3284290944447
0.0	Bothriceps	259.50916543061663	251.24784317669454
0.0	Brachyops	249.92823966830713	249.82193688595376
0.0	Branchierpeton	305.64910386990596	291.7026232774809
0.0	Branchiosaurus	309.0308186922953	292.6640153193286
0.0	Brevidorsum	295.55843993192417	295.413572334014
0.0	Broiliellus	299.74430441620456	274.27669119708537
0.0	Broomistega	253.34621470968386	247.03626900983775
0.0	Bukobaja	246.96301172632644	234.93393912394106
0.0	Bulgosuchus	249.3169726692644	249.20945928623445
0.0	Cacops	290.03242603337236	271.395517789499
0.0	Calamops	226.70386801890382	225.4313091372039
0.0	Callistomordax	240.61504978968924	234.94633331529602
0.0	Calmasuchus	246.9158203535023	246.4904263811762
0.0	Capetus	308.28859206244346	308.13883675175526
0.0	Capitosauroides	245.4271975796308	244.65365601126595
0.0	Capulomala	253.13330541643003	249.21324644503346
0.0	Cheliderpeton	297.6697170627265	260.025733788042
0.0	Chelydosaurus	279.4022722989385	278.6664981595738
0.0	Chenoprosopus	301.34171889941837	286.0365472988287
0.0	Cherninia	246.55753690817983	241.55853843417563
0.0	Chinlestegophis	215.2171407760369	210.7306736742064
0.0	Chomatobatrachus	252.78252813291928	251.13759068645874
0.0	Clamorosaurus	282.4742006544142	270.08194802737324
0.0	Cochleosaurus	308.39613662847876	308.0074456692711
0.0	Collidosuchus	265.98592050666235	263.9087246623336
0.0	Compsocerops_Temperate_S	230.85772547285862	208.05543643934195
0.0	Conjunctio	297.30169882484176	286.4022356128391
0.0	Cosgriffius	247.30581698107142	247.0790233975935
0.0	Cyclotosaurus_Temperate_N	245.95332733032345	200.24654759755958
0.0	Cyclotosaurus_Tropical_N	244.88921836048078	244.0915402545687
0.0	Czatkobatrachus	248.45428984177116	248.34262956944227
0.0	Dasyceps	297.1237281228978	272.3938878589265
0.0	Dawsonerpeton	301.9460247415764	300.3179983669809
0.0	Deltacephalus	249.5332502331901	249.42476721016354
0.0	Deltasaurus_Antarctic	252.31839287422682	251.13218086397183
0.0	Deltasaurus_Temperate_S	252.91039823164218	245.7837597119705
0.0	Derwentia	253.17276595683649	251.2312143466272
0.0	Dissorophus	298.42988034741404	271.17092748342463
0.0	Doleserpeton	285.61063480992203	271.416731554507
0.0	Dutuitosaurus	232.65152573344426	231.35632255396192
0.0	Dvinosaurus	264.9979069273796	253.7473279961339
0.0	Ecolsonia	297.7129418672016	288.6658599209753
0.0	Edingerella	251.42249440824452	249.5523831015091
0.0	Edops	303.3680807659705	270.11005494536727
0.0	Eimerisaurus	294.3853086109436	288.00745564832494
0.0	Eocyclotosaurus	246.96062071073257	241.82717540611162
0.0	Eodiscoglossus	227.68856992433652	226.64458592079032
0.0	Eolydekkerina	247.84438615223732	247.73769066407954
0.0	Eoscopus	303.28073950720807	303.1303001209746
0.0	Erpetosaurus	310.50935921533545	306.96174827549555
0.0	Eryops	304.68811352842454	256.61207369521776
0.0	Eryosuchus_Temperate_N	255.455967267899	237.81473147991665
0.0	Eryosuchus_Temperate_S	247.65934866118636	243.5864032185908
0.0	Erythrobatrachus	250.82928766893556	250.72130992288345
0.0	Eumicrerpeton	309.5725166413118	309.4210794968445
0.0	Eurycervix	245.69061127752664	244.92624882107705
0.0	Fayella	272.26890018881085	264.4726456495057
0.0	Fedexia	301.8132257310633	301.66620989092394
0.0	Funcusvermis	210.15384828203292	208.56982027404356
0.0	Georgenthalia	288.45721119355244	287.9605624551019
0.0	Gerobatrachus	279.7357147665292	279.0187655512348
0.0	Gerrothorax_Temperate_N	245.11117634835094	201.9917855076297
0.0	Glanochthon	299.17400920083816	287.0354931888226
0.0	Glaukerpeton	305.6045479161974	305.4557295208308
0.0	Hadrokkosaurus	246.60255779034512	246.0171128619869
0.0	Hemiprichisaurus	208.85269007143765	206.6818854170343
0.0	Heptasaurus	244.21903585700025	243.41602881499372
0.0	Hyperokynodon	237.82282376719104	231.28985838069593
0.0	Indobrachyops	253.5546579855748	248.0192609359118
0.0	Inflectosaurus	250.2208015107374	244.59017191452426
0.0	Intasuchus	276.4106320155248	275.65764916090905
0.0	Iratusaurus	267.5064109159459	265.2454465704012
0.0	Isodectes	310.53971440366945	270.1121374762549
0.0	Jammerbergia	243.7493529726139	243.09532180999142
0.0	Kamacops	267.39635918677635	265.00845117348837
0.0	Keratobrachyops	251.38712694277496	251.27875575978265
0.0	Kestrosaurus	248.91633006952193	246.59871394633402
0.0	Koinia	275.5106778614251	267.4826098954642
0.0	Komatosuchus	249.11816356134156	249.00392827017353
0.0	Konzhukovia_Temperate_N	268.74549159972304	259.0703590140961
0.0	Konzhukovia_Temperate_S	263.4816604845322	260.40632544399205
0.0	Korkonterpeton	295.06756589556664	294.9164691794139
0.0	Kuttycephalus	224.00323967002407	213.03029086304446
0.0	Kwatisuchus	247.626504609895	247.51445386383935
0.0	Laccosaurus	257.37809758798033	256.3701027346695
0.0	Lafonius	302.97234477307046	299.64423164312825
0.0	Laidleria	246.7786623245122	246.34412987549157
0.0	Lapillopsis	251.44750051924518	251.33831723111237
0.0	Leptorophus	294.4172223145373	291.5729502654579
0.0	Limnerpeton	309.1777097316993	300.63508575938874
0.0	Limnogyrinus	312.3219902332144	289.71165181685666
0.0	Luzocephalus	255.8863536679835	248.63218177891125
0.0	Lydekkerina	259.46776183738086	246.06302874525477
0.0	Lyrocephaliscus	255.04537711043403	246.21578967562624
0.0	Macrerpeton	308.92579829885534	308.7748634317069
0.0	Macromerium	309.7315328157341	309.58337318442545
0.0	Mahavisaurus	253.0398474363815	248.86817324148046
0.0	Manubrantlia	250.5353294983119	250.4270444100415
0.0	Mastodonsaurus_Temperate_N	246.42693677418913	200.47572658656978
0.0	Mastodonsaurus_Tropical_N	245.48158476064404	243.71461602363001
0.0	Megalophthalma	239.6604279986391	238.8557771245222
0.0	Melanerpeton	304.65731915225746	273.08930690808234
0.0	Melanopelta	251.27133298241793	243.58522386404735
0.0	Melosaurus	277.2807696997618	264.1488276726985
0.0	Mentosaurus	245.64279700832603	244.9086745906632
0.0	Metoposaurus_Temperate_N	235.8028183696701	200.22281221331394
0.0	Metoposaurus_Temperate_S	234.00800939573702	231.60857538259583
0.0	Metoposaurus_Tropical_N	237.99758629002167	219.84067684954695
0.0	Metoposaurus_Tropical_S	236.14475586780677	212.12491085631132
0.0	Meyerosuchus	249.10477261157232	247.85572895820596
0.0	Micromelerpeton	304.4173910092867	290.6090011804435
0.0	Micropholis	252.66120395579978	247.16227285347387
0.0	Microposaurus	246.93964385769178	241.8859165587615
0.0	Milnererpeton	299.6502635065645	299.501689732696
0.0	Miobatrachus	308.1198842962391	307.9718720759071
0.0	Mordex	307.75808389473343	307.6074415839054
0.0	Nannospondylus	267.31671214400393	265.31184598471197
0.0	Nanobamus	292.7863163656855	292.63698501251963
0.0	Nanolania	251.59462100700077	251.46963116169763
0.0	Neldasaurus	294.69778016005864	278.4944954872331
0.0	Nigerpeton	254.99676990689156	252.20856775286825
0.0	Nooxobeia	270.6539326337653	268.7638348468284
0.0	Notobrachyops	245.2541222628328	244.62791478754872
0.0	Nyranerpeton	310.3083202986086	299.12411674204174
0.0	Odenwaldia_Temperate_N	247.69589139871843	247.58402364288114
0.0	Odenwaldia_Tropical_N	247.74947209455812	247.63949429521506
0.0	Odenwaldia_Tropical_S	246.630708210691	240.3854845990221
0.0	Onchiodon	303.82731802488564	271.72756512043765
0.0	Palatinerpeton	295.62170364446325	295.4742265235224
0.0	Panthasaurus	229.39226685152764	219.94193464721835
0.0	Paracyclotosaurus_Temperate_S	245.98190489502196	241.49721732022687
0.0	Parapytanga	272.1544448601149	270.99323684629843
0.0	Parioxys	293.37828846303785	270.5410131968386
0.0	Parotosuchus_Temperate_N	251.2798742051626	246.5603103550439
0.0	Parotosuchus_Tropical_N	249.95951569175912	249.84661149795073
0.0	Pasawioops	299.5323422367544	281.5006703106761
0.0	Pelorocephalus	236.54542786876038	225.23867591159612
0.0	Peltobatrachus	257.2371967206888	253.62891735266703
0.0	Peltostega	255.1979974383686	246.87552874348137
0.0	Perryella	284.91491113625494	284.40863922052563
0.0	Phonerpeton	293.17348357470325	284.17718652519164
0.0	Plagiobatrachus	251.41052118694085	251.30055435093436
0.0	Plagiorophus	245.3554187593115	238.11893230680437
0.0	Plagiosaurus	217.1496782150048	199.86927889122285
0.0	Plagioscutum	246.9696279292024	236.96751934769858
0.0	Plagiosternum	245.754818991206	228.64908077576482
0.0	Plagiosuchus	239.5098828813414	235.9141778854813
0.0	Platycepsion	247.7049467493093	247.59685717252586
0.0	Platyhystrix	304.2616855898241	283.84287861425406
0.0	Platyoposaurus	272.13846832908024	262.3431600628095
0.0	Platyrhinops	309.7897528048872	307.1269765449766
0.0	Platystega	249.84504888566397	249.73535573576092
0.0	Plemmyradytes	297.03948221909485	296.8911610375572
0.0	Pleuronoura	293.5727262608552	293.42358943122474
0.0	Pneumatostega	253.12707384223017	250.6970604931515
0.0	Porierpeton	300.9851664387989	300.8344930913699
0.0	Potamochoston	308.3112301449623	308.1612100993232
0.0	Prionosuchus	274.9516206715744	274.232436570399
0.0	Procuhy	294.8388100104284	294.69255778551303
0.0	Promastodonsaurus	218.99300887781905	218.0347974915611
0.0	Prothoosuchus	254.86871273455174	245.64198624477615
0.0	Qantas	255.36411910509986	244.00041716208634
0.0	Quasicyclotosaurus	247.46652001963247	242.53245615607776
0.0	Rastosuchus	267.4186269886472	264.5122031760896
0.0	Reiszerpeton	290.5604747344965	290.38578289770174
0.0	Rewana	253.1063675422996	251.37258975674683
0.0	Rhadalognathus	246.45975606070652	245.8456035035429
0.0	Rhineceps	255.52499270559468	254.44179090555485
0.0	Rhinesuchoides	264.6392842150701	256.48311710019243
0.0	Rhinesuchus_Temperate_N	255.75007300892167	244.55560185918918
0.0	Rhinesuchus_Temperate_S	265.3425093487544	251.89814170657505
0.0	Rhytidosteus_Temperate_N	254.66755198797594	245.12155723006003
0.0	Rhytidosteus_Temperate_S	251.5952703346346	251.47409994108597
0.0	Rileymillerus	223.9223829985889	214.18739009815275
0.0	Rotaryus	285.29950834273086	284.78203784692573
0.0	Rotaurisaurus	251.29070871938634	251.18193513069332
0.0	Rubeostratilia	297.0205955022893	296.8732812102928
0.0	Saharastega	253.3779679240815	252.52210260312003
0.0	Samarabatrachus	251.64052051541503	251.4946949834193
0.0	Sangaia	250.38910997563434	250.2810933606377
0.0	Scapanops	295.38705681166795	295.23904654412064
0.0	Schoenfelderpeton	301.5196705159739	282.0930969317555
0.0	Sclerocephalus	303.32787786401803	280.4610293265625
0.0	Sclerothorax	253.07580766206337	244.59742602530713
0.0	Selenocara	255.38001032528172	250.56720970070955
0.0	Slaugenhopia	284.7836549734973	277.4408331943044
0.0	Sparagmites	308.0591453984845	307.90689944299584
0.0	Stanocephalosaurus_Temperate_S	246.75109622176802	242.52338984420626
0.0	Stanocephalosaurus_Tropical_N	249.5048521866202	244.64209881182884
0.0	Stanocephalosaurus_Tropical_S	239.8364487559209	239.11944781179747
0.0	Stegops	310.6552151904934	307.2276931970516
0.0	Stenokranio	299.39767031302745	299.2500951959014
0.0	Stenotosaurus	248.22603361788654	217.121820350891
0.0	Stoschiosaurus	255.23713762670548	250.62363487064894
0.0	Subcyclotosaurus	244.29460754695864	243.64456563184712
0.0	Syndyodosuchus	275.80008551712024	274.98592050319553
0.0	Syrtosuchus	253.3913363922103	250.4773547156587
0.0	Tambachia	288.86354275128554	288.37557660835677
0.0	Tatrasuchus	240.40582641328282	235.7077187513206
0.0	Tersomius	295.8837682002984	271.6547284224405
0.0	Tertrema	254.9696535388349	246.7421018742661
0.0	Tertremoides	252.79364235198153	248.7293851262065
0.0	Thabanchuia	251.76153697875	251.5934004704091
0.0	Thoosuchus	251.2915989480413	247.2573723095459
0.0	Timonya	280.49794473702315	274.9814098238771
0.0	Tirraturhinus	251.84723466070173	251.631260112279
0.0	Tomeia	250.84407465267216	245.60358921366657
0.0	Trematolestes	239.88644567502445	235.83115660875515
0.0	Trematosaurus_Temperate_N	257.44976320210515	200.57428008572637
0.0	Trematosuchoides	247.36802396979292	247.216173496009
0.0	Trematosuchus	249.65036798848797	246.91916497309924
0.0	Trematotegmen	255.5520874489217	248.69617156631233
0.0	Triadobatrachus	250.85911709363606	250.75119349949236
0.0	Triassurus	238.50386201941072	237.53445196983768
0.0	Trimerorhachis	302.2770246781926	270.8175077955207
0.0	Trucheosaurus	256.8032927085146	255.82214806676538
0.0	Trypanognathus	300.21900259763123	300.06808592473976
0.0	Tryphosuchus	266.77950202267283	255.47163771342338
0.0	Tungussogyrinus	264.04156504265336	248.850025629617
0.0	Tupilakosaurus	252.6947338067728	251.170818236991
0.0	Uralosuchus	266.91639675497976	264.69141016508536
0.0	Uranocentrodon	256.7564292897593	255.76535597132815
0.0	Uruyiella	211.6056278824144	210.61121690005643
0.0	Vanastega	245.38799630197855	244.7546367370802
0.0	Vigilius	247.06374672250217	245.93931737816297
0.0	Vladlenosaurus	247.30841923490593	247.06776036068953
0.0	Volgosuchus	247.712281361437	247.59914745993134
0.0	Vyborosaurus	248.15279910211598	248.04222410223875
0.0	Wantzosaurus	250.9216967000258	250.52852937945815
0.0	Warrenisuchus	252.47669654151494	251.8180149840528
0.0	Watsonisuchus_Antarctic	252.4377000059074	251.30317679564698
0.0	Watsonisuchus_Temperate_S	253.31570369158268	244.643089088478
0.0	Wellesaurus	249.65780085115674	245.89529956591
0.0	Wetlugasaurus	251.5673502045855	246.71563299475181
0.0	Xenobrachyops	251.2912388728168	251.18459410613139
0.0	Xenotosuchus	246.88335407636475	241.83244314665413
0.0	Yarengia	251.1692263769013	244.3574791045505
0.0	Yuanansuchus	245.99006209709094	240.48665756260607
0.0	Zatrachys	303.49216613328707	272.81337220370614
0.0	Zygosaurus	278.9879092205473	262.52368992528574
