clade	species	ts	te
0.0	Acanthostomatops	290.4354229021419	290.15606724883975
0.0	Acerastea	251.38222630532186	251.27959976215732
0.0	Acheloma	291.54847960544515	265.64196634047715
0.0	Acroplous	296.6448336316468	290.7357205341671
0.0	Actinodon	296.7674178553115	283.6885275199089
0.0	Actiobates	305.45923752210035	305.29154518697044
0.0	Adamanterpeton	308.5516474811346	308.3811864112338
0.0	Almasaurus	234.33480729078263	233.16464954262648
0.0	Amphibamus	310.1649916974666	307.1009919928719
0.0	Anakamacops	268.3583868831324	266.0941154938853
0.0	Anaschisma	236.87605196186402	204.79220803008656
0.0	Anconastes	305.84183530256087	305.6756901325854
0.0	Angusaurus	254.10657479948821	244.5944640718832
0.0	Anisodexis	273.5123668753664	271.79135198266135
0.0	Anthichnium	262.5715086083741	260.3132535866925
0.0	Anthracobamus	300.5993564696395	300.43057226817797
0.0	Apachesaurus	236.78899260074027	206.7343353771475
0.0	Apateon	302.3760970485238	259.3810635593049
0.0	Aphaneramma_Temperate_N	254.32342264993903	245.22059067489744
0.0	Aphaneramma_Temperate_S	253.87860734506876	249.16888657117056
0.0	Arachana	224.7132312708202	223.8814355671096
0.0	Archegosaurus	298.87425166166383	282.96946268315844
0.0	Arenaerpeton	247.34894592688903	247.2220190091704
0.0	Aspidosaurus_Temperate_N	269.86721364107365	267.47805729152407
0.0	Aspidosaurus_Tropical_N	303.4502660710508	270.3111915390614
0.0	Aspidosaurus_Tropical_S	300.0348502044358	273.7069286986179
0.0	Astreptorhachis	299.1742416058758	299.0042050942494
0.0	Australerpeton	267.63086760037334	263.3830509663964
0.0	Bageherpeton	272.8428066238916	271.86752890154713
0.0	Banksiops	252.40734816378767	251.05887106580903
0.0	Bashkirosaurus	267.980128233935	265.4798868657477
0.0	Bathignathus	250.62654562959602	243.7690466738985
0.0	Batrachosuchoides_Temperate_N	254.16964269115988	244.31731643521312
0.0	Batrachosuchus_Temperate_S	252.69427130327435	241.71331692799632
0.0	Benthosphenus	250.38000829155828	250.27811190641793
0.0	Benthosuchus	251.67038976070765	247.18891347516126
0.0	Bermanerpeton	303.18346218461335	303.0174772995799
0.0	Boreopelta	248.56012156259877	248.45629908902833
0.0	Bothriceps	259.9512017150077	252.674202704787
0.0	Brachyops	249.8555098699378	249.75464009091706
0.0	Branchierpeton	304.4918118608841	290.72243135327005
0.0	Branchiosaurus	309.3932227393351	294.977802548809
0.0	Brevidorsum	291.5793228152955	291.41054773725364
0.0	Broiliellus	296.2480827768532	276.8891207724625
0.0	Broomistega	253.53713231993316	247.7995699025372
0.0	Bukobaja	243.68871205813525	238.26058684422
0.0	Bulgosuchus	248.52620415662022	248.42565523445776
0.0	Cacops	289.7844758146912	274.7087785325231
0.0	Calamops	225.5181371329762	224.5105735478152
0.0	Callistomordax	240.2165437616102	235.04310728932438
0.0	Calmasuchus	245.79696012678502	245.22644704593938
0.0	Capetus	309.8658035069981	309.6942492339445
0.0	Capitosauroides	246.28395556812927	245.76220291480809
0.0	Capulomala	253.7057224253989	249.1514766301727
0.0	Cheliderpeton	298.69175802509346	269.8971326712688
0.0	Chelydosaurus	281.10463458076504	280.37487295877736
0.0	Chenoprosopus	301.30183205990335	285.5270647690481
0.0	Cherninia	245.91032910250613	244.58301699956638
0.0	Chinlestegophis	229.19899807947328	212.92177423880338
0.0	Chomatobatrachus	252.69930079335555	251.27746300369154
0.0	Clamorosaurus	277.39461935167435	270.24753930138957
0.0	Cochleosaurus	310.46797122145017	306.5929735391716
0.0	Collidosuchus	266.2400336388426	263.75598028881467
0.0	Compsocerops_Temperate_S	230.9667929673522	209.5991009652287
0.0	Conjunctio	297.3031197998749	288.294451979371
0.0	Cosgriffius	248.94002339464984	248.83876691678586
0.0	Cyclotosaurus_Temperate_N	244.30473925850865	202.79247402815636
0.0	Cyclotosaurus_Tropical_N	244.16316335569306	243.56727492949884
0.0	Czatkobatrachus	250.99922590265984	250.89705659044867
0.0	Dasyceps	295.35928081956206	274.0471974521527
0.0	Dawsonerpeton	301.81804199191095	300.41638180179365
0.0	Deltacephalus	250.26225200267194	250.15984296965536
0.0	Deltasaurus_Antarctic	253.12611380053352	250.77710342098118
0.0	Deltasaurus_Temperate_S	253.44165291495688	246.45433957905772
0.0	Derwentia	253.3608922624113	250.8328349737924
0.0	Dissorophus	289.8854949102163	274.7034402385653
0.0	Doleserpeton	285.1480169113962	277.75606059762555
0.0	Dutuitosaurus	232.4480200306855	231.2481246528473
0.0	Dvinosaurus	265.97299400537804	256.37038530417925
0.0	Ecolsonia	299.91411248127866	289.89879716765495
0.0	Edingerella	252.75879763919392	248.6825035049427
0.0	Edops	302.6500384427087	279.56346770120746
0.0	Eimerisaurus	293.43241688288623	289.90349595374647
0.0	Eocyclotosaurus	247.11919542977515	242.42469753392834
0.0	Eodiscoglossus	236.1104333582405	235.1575466699506
0.0	Eolydekkerina	251.50214148004477	251.3975720152845
0.0	Eoscopus	299.6993237460136	299.5323987211768
0.0	Erpetosaurus	310.37407433880855	306.49834063213194
0.0	Eryops	306.0365513757555	258.6073345330985
0.0	Eryosuchus_Temperate_N	252.0828445093966	238.8770489428573
0.0	Eryosuchus_Temperate_S	246.6319686457568	245.2225751615026
0.0	Erythrobatrachus	249.96471711607654	249.86401615338065
0.0	Eumicrerpeton	308.7091598232201	308.539497999698
0.0	Eurycervix	242.92551290014154	242.30559029845335
0.0	Fayella	271.60865717093344	265.00781591290075
0.0	Fedexia	301.266398419189	301.097697996566
0.0	Funcusvermis	216.82678239754532	215.76186725829865
0.0	Georgenthalia	286.9885828929065	286.42776313442374
0.0	Gerobatrachus	273.70929476518825	272.0119618576933
0.0	Gerrothorax_Temperate_N	246.79140525602085	199.67208858732647
0.0	Glanochthon	299.0867507873744	284.3503817139698
0.0	Glaukerpeton	306.62796774607796	306.45785466731996
0.0	Hadrokkosaurus	246.65955319150353	246.22168416912655
0.0	Hemiprichisaurus	202.83989806950981	201.08680783113468
0.0	Heptasaurus	245.64351799596528	245.07529712463213
0.0	Hyperokynodon	234.04184789883897	224.79271673764677
0.0	Indobrachyops	251.786410768048	250.2330211285512
0.0	Inflectosaurus	249.3684975510554	245.41485161606386
0.0	Intasuchus	273.5955664896045	271.5361796455544
0.0	Iratusaurus	267.3191721584903	264.92504018446226
0.0	Isodectes	310.18956898303946	275.7589804939736
0.0	Jammerbergia	246.7503337731846	246.3675425849472
0.0	Kamacops	267.6451193568943	264.4520918020445
0.0	Keratobrachyops	251.38894596062178	251.2881165929773
0.0	Kestrosaurus	251.8269562534729	246.16891239768444
0.0	Koinia	272.1159043632197	269.5727946932665
0.0	Komatosuchus	248.32783846000322	248.22518097989797
0.0	Konzhukovia_Temperate_N	267.12226077221374	263.7050746051876
0.0	Konzhukovia_Temperate_S	262.94153027050675	255.02997981824757
0.0	Korkonterpeton	296.0425254296297	295.87277899503533
0.0	Kuttycephalus	217.87487925380108	211.79815712745966
0.0	Kwatisuchus	249.55680069321937	249.45702468729846
0.0	Laccosaurus	260.165493032719	258.82318828249146
0.0	Lafonius	304.6715261793916	299.4018112406805
0.0	Laidleria	244.47219336257086	243.9528048587567
0.0	Lapillopsis	251.75960250474097	251.58955178961213
0.0	Leptorophus	298.2897691163982	284.1173587122526
0.0	Limnerpeton	309.9073334730321	300.2134863180706
0.0	Limnogyrinus	311.60163957835914	294.62489689509613
0.0	Luzocephalus	254.83418436614286	250.4554569217577
0.0	Lydekkerina	257.40172917329096	246.13906578746082
0.0	Lyrocephaliscus	254.68927339522955	247.821754557539
0.0	Macrerpeton	308.72761194265263	308.56041104106737
0.0	Macromerium	308.72354951698463	308.55377209246154
0.0	Mahavisaurus	251.97175839334668	249.20220163238665
0.0	Manubrantlia	251.7468583211641	251.59782508164034
0.0	Mastodonsaurus_Temperate_N	245.93085717184601	205.6537475161037
0.0	Mastodonsaurus_Tropical_N	247.09170240518208	243.47207140850398
0.0	Megalophthalma	238.4506124167478	237.67086742865453
0.0	Melanerpeton	300.15157429518433	263.38591799068195
0.0	Melanopelta	249.4485270649016	244.9004183847721
0.0	Melosaurus	273.10358890935487	263.7645519052496
0.0	Mentosaurus	246.63013822152087	246.16821408412014
0.0	Metoposaurus_Temperate_N	237.5906930881896	202.40310001766377
0.0	Metoposaurus_Temperate_S	234.91460507857803	226.35826548711455
0.0	Metoposaurus_Tropical_N	236.02046936938493	221.71826039378857
0.0	Metoposaurus_Tropical_S	234.37481513708136	217.0769230438786
0.0	Meyerosuchus	248.6382838440115	246.14066016033004
0.0	Micromelerpeton	301.32495651134457	283.3135166236589
0.0	Micropholis	252.7265346991471	247.5239450134191
0.0	Microposaurus	247.62278477302814	241.60555787718403
0.0	Milnererpeton	300.292972280172	300.12297862453784
0.0	Miobatrachus	308.22802625136956	308.0602401131309
0.0	Mordex	308.3301795216678	308.160295466664
0.0	Nannospondylus	271.6724096950059	270.03944918466567
0.0	Nanobamus	288.42433020962943	287.88516231439917
0.0	Nanolania	252.05579304737554	251.7189226236184
0.0	Neldasaurus	297.88237114132323	286.5348776237469
0.0	Nigerpeton	253.53586079440288	252.36787192681751
0.0	Nooxobeia	270.12735890755056	268.1451282773091
0.0	Notobrachyops	245.17747746322613	244.67139886244505
0.0	Nyranerpeton	311.7946841953992	298.76906593171344
0.0	Odenwaldia_Temperate_N	248.90024736609885	248.79748882697962
0.0	Odenwaldia_Tropical_N	247.35251989146195	247.21649866968397
0.0	Odenwaldia_Tropical_S	246.6561796866393	243.81916586513069
0.0	Onchiodon	301.8436836431181	271.00795145628945
0.0	Palatinerpeton	298.11218264071147	297.94198042448954
0.0	Panthasaurus	236.37414078669462	214.29279093761681
0.0	Paracyclotosaurus_Temperate_S	246.13244400621738	241.84410544977126
0.0	Parapytanga	263.8534005487764	262.29122936387733
0.0	Parioxys	297.7985396251134	282.95756560771116
0.0	Parotosuchus_Temperate_N	250.98865512035155	246.82566463166026
0.0	Parotosuchus_Tropical_N	250.87904603997967	250.7763116293271
0.0	Pasawioops	292.1341027355041	282.58415623458876
0.0	Pelorocephalus	237.70827868381033	221.70679218687874
0.0	Peltobatrachus	260.3903716658395	256.55135553887897
0.0	Peltostega	254.38397928234042	248.16663960695
0.0	Perryella	274.97396620552763	274.10379477588936
0.0	Phonerpeton	299.80563264693086	287.5083477144183
0.0	Plagiobatrachus	252.5646026215289	251.83860113176152
0.0	Plagiorophus	247.75897331970754	234.1444267795387
0.0	Plagiosaurus	217.47012333728537	199.41069339934106
0.0	Plagioscutum	246.68167876851996	236.8366804430021
0.0	Plagiosternum	242.35415332547913	228.35087702745352
0.0	Plagiosuchus	240.05701415507937	235.0407126761133
0.0	Platycepsion	247.0214704616257	246.75753099106282
0.0	Platyhystrix	304.4768972748619	283.4589376356298
0.0	Platyoposaurus	269.8898492104683	260.19309093090305
0.0	Platyrhinops	310.0142211666824	308.2388863646907
0.0	Platystega	250.13524758089028	250.03293310558925
0.0	Plemmyradytes	293.9178526746278	293.74892863426766
0.0	Pleuronoura	292.5195543263173	292.352481377162
0.0	Pneumatostega	253.16187271450195	251.35402433129755
0.0	Porierpeton	301.18494719774367	301.0152248506829
0.0	Potamochoston	308.38048474759745	308.20980705277003
0.0	Prionosuchus	281.317435941656	280.63359501540924
0.0	Procuhy	293.9802445084363	293.8156461983444
0.0	Promastodonsaurus	215.05654489126957	214.13601337680205
0.0	Prothoosuchus	249.63175528492127	245.06875307117372
0.0	Qantas	254.78358841531033	246.54324657823074
0.0	Quasicyclotosaurus	247.43530600105493	243.73542721165472
0.0	Rastosuchus	267.09838003751656	263.6872173215815
0.0	Reiszerpeton	291.22318193217285	291.05262896789685
0.0	Rewana	253.38509551005106	250.9527797265456
0.0	Rhadalognathus	246.90180719293787	246.55862213839328
0.0	Rhineceps	259.687865443721	258.26083736586435
0.0	Rhinesuchoides	264.5974277311425	254.7606701379754
0.0	Rhinesuchus_Temperate_N	251.5959383771954	245.3645362559615
0.0	Rhinesuchus_Temperate_S	265.467183500817	252.54039364002082
0.0	Rhytidosteus_Temperate_N	254.52764552630603	243.0726667269866
0.0	Rhytidosteus_Temperate_S	250.47403894247321	250.37216199460434
0.0	Rileymillerus	221.32386320641058	219.04023741843835
0.0	Rotaryus	284.3581366217126	283.73375664628855
0.0	Rotaurisaurus	251.6336767689681	251.51696458543805
0.0	Rubeostratilia	296.79396893669303	296.62599624773344
0.0	Saharastega	252.6425371979504	252.08203628645106
0.0	Samarabatrachus	251.26197811605084	251.1559889302229
0.0	Sangaia	249.10365499435395	249.00349568499277
0.0	Scapanops	297.1735547798033	297.0076158659385
0.0	Schoenfelderpeton	299.5613883000634	293.4731008455433
0.0	Sclerocephalus	299.0666852391896	282.8764484287588
0.0	Sclerothorax	250.6830302795104	247.32826116366243
0.0	Selenocara	254.00541067835704	250.94542753532357
0.0	Slaugenhopia	273.4187254402592	270.0113505510462
0.0	Sparagmites	309.4954623112974	309.3259922344777
0.0	Stanocephalosaurus_Temperate_S	246.64806073710895	244.16439881149748
0.0	Stanocephalosaurus_Tropical_N	248.15195720126917	245.1079087076279
0.0	Stanocephalosaurus_Tropical_S	240.6368785141178	239.9779986451938
0.0	Stegops	310.2610890109496	306.81097008547937
0.0	Stenokranio	296.13259268229683	295.96265044800367
0.0	Stenotosaurus	248.8524635939476	231.86594058410552
0.0	Stoschiosaurus	253.26227649487123	250.90336119310084
0.0	Subcyclotosaurus	243.8447919469164	243.33348217393055
0.0	Syndyodosuchus	273.6938191215646	271.41161767332335
0.0	Syrtosuchus	255.1820618873187	245.78384362698284
0.0	Tambachia	284.83777216100265	284.25163101016744
0.0	Tatrasuchus	240.40882037657536	236.83096301706007
0.0	Tersomius	290.6600283813241	270.7009048963446
0.0	Tertrema	252.1301126341366	247.80749276027953
0.0	Tertremoides	254.07446708077515	248.37995391801252
0.0	Thabanchuia	251.94990357717825	251.68895767227184
0.0	Thoosuchus	253.73990572004817	246.1506680395589
0.0	Timonya	279.4311720147828	273.08547930763694
0.0	Tirraturhinus	251.99518329444018	251.7013345524886
0.0	Tomeia	253.7458585919829	247.69330923942968
0.0	Trematolestes	240.11001833075403	236.5949423868062
0.0	Trematosaurus_Temperate_N	261.3044544637306	202.54429700300943
0.0	Trematosuchoides	248.5883363104898	248.49131523876838
0.0	Trematosuchus	249.5589050295388	245.9057910628029
0.0	Trematotegmen	254.8196472386734	248.15289847182316
0.0	Triadobatrachus	249.14301059747635	249.0429436357491
0.0	Triassurus	239.11185793862126	238.36357598472713
0.0	Trimerorhachis	299.8479467443355	256.7030048876827
0.0	Trucheosaurus	259.8316307327216	258.52440161226093
0.0	Trypanognathus	302.95732676723446	302.78640299358904
0.0	Tryphosuchus	266.43333226611287	257.6063702558069
0.0	Tungussogyrinus	259.3401432219849	252.27348086819595
0.0	Tupilakosaurus	253.57635715455916	251.12389088659873
0.0	Uralosuchus	263.4450623270891	260.9564325737471
0.0	Uranocentrodon	254.90271674144392	253.86822953110996
0.0	Uruyiella	229.2647379491724	228.33642270069424
0.0	Vanastega	242.61314813314638	242.06839976453935
0.0	Vigilius	246.4655530420293	243.54186813157168
0.0	Vladlenosaurus	250.72780441911513	250.62478486209855
0.0	Volgosuchus	250.67697170765578	250.57224411704857
0.0	Vyborosaurus	249.78391486733443	249.68123444402548
0.0	Wantzosaurus	250.4329719717411	248.41313783818381
0.0	Warrenisuchus	252.4508847113951	251.7996957748424
0.0	Watsonisuchus_Antarctic	252.73238364087567	251.09821670517493
0.0	Watsonisuchus_Temperate_S	253.65282400206922	243.48203486039435
0.0	Wellesaurus	249.20219529858988	246.90460475698805
0.0	Wetlugasaurus	251.72604945718888	246.89633263562928
0.0	Xenobrachyops	251.84149361366988	251.64335207898316
0.0	Xenotosuchus	246.74424083224318	241.7317548276484
0.0	Yarengia	254.0875832601366	245.7585085434449
0.0	Yuanansuchus	243.3279600072009	241.2782150241234
0.0	Zatrachys	300.25298536140525	271.1070733889819
0.0	Zygosaurus	276.38071849868066	262.8971806987802
