clade	species	ts	te
0.0	Abyssomedon	112.77284423323324	112.62781351651651
0.0	Acadiella	57.2541432972973	56.27658335735735
0.0	Acaenasuchus	51.720959136136145	34.64077691391392
0.0	Acallosuchus	41.76420336936937	40.899535512512514
0.0	Acerosodontosaurus	80.18081707507507	80.07870804004004
0.0	Acleistorhinus	104.15023680880881	103.84563169369369
0.0	Acrodenta	81.60955075275275	81.5190844104104
0.0	Actiosaurus	30.19052430730731	29.76537016916917
0.0	Adamanasuchus	40.745372619619616	39.731504501501504
0.0	Adelosaurus	82.69096675175176	82.58435657457457
0.0	Aenigmasaurus	73.65646756456457	73.46094597697697
0.0	Aenigmaspina	56.23499203103103	54.822431674674675
0.0	Aenigmastropheus	81.26260988788789	81.14505604504504
0.0	Aetobarbakinoides	57.46779710010011	56.705764085085086
0.0	Aetosauroides	60.259145509509516	33.336968949949956
0.0	Aetosaurus	52.33639307507508	33.72005135235235
0.0	Agkistrognathus	73.81297151551551	73.58713053953954
0.0	Agnosphitys	58.519960979979984	57.02073562062061
0.0	Ahvaytum	57.27713253753754	56.619636516516515
0.0	Alexeyisaurus	42.117499465465464	41.29937335135135
0.0	Alwalkeria	58.075679663663664	57.46025878278278
0.0	Amanasaurus	59.4707325955956	34.67700324724724
0.0	Ammorhynchus	71.67920942142142	69.74670263463463
0.0	Ammosaurus	25.989305191191193	24.703395052052052
0.0	Amotosaurus	71.7940781121121	68.34186078078078
0.0	Anarosaurus	71.88979408008008	67.03933941041042
0.0	Ancistronychus	46.55588578678678	45.62394881081081
0.0	Angistorhinus	61.958341026026034	36.187217012012006
0.0	Anisodontosaurus	71.79107556956956	65.25119256256257
0.0	Anomoepus	25.47810056356356	25.233966255255254
0.0	Anomoiodon	71.99882709609611	67.56166558958958
0.0	Anshunsaurus	65.16365533033033	51.625957816816815
0.0	Antarctanax	73.55176882882883	73.43251595195196
0.0	Anthodon	86.48628446546547	79.40458162462463
0.0	Apachesuchus	44.52116459459459	43.29581628228228
0.0	Apatopus	59.74259296696697	32.94047770970971
0.0	Apatosuchus	40.63885878078079	39.524572132132135
0.0	Aphelosaurus	121.00369713413414	120.70171981381381
0.0	Araeoscelis	113.38190601801801	98.93760678378379
0.0	Archeopelta	65.29234022122121	64.86644923423424
0.0	Archosaurus	87.30012537737737	79.94115994394394
0.0	Arcticodactylus	40.55714106306307	39.63957473373373
0.0	Arganaceras	81.1856031051051	81.101559992993
0.0	Arganasuchus	58.332316988988985	53.9271359079079
0.0	Arizonasaurus	71.82244709509509	69.33290911911912
0.0	Asilisaurus	71.76175435135136	67.0885504964965
0.0	Askeptosaurus	71.31355043343343	62.20836906306307
0.0	Asperoris	70.12854924724724	69.54990255155155
0.0	Asylosaurus	32.31261669069069	27.4238085955956
0.0	Atopodentatus	71.10742655255254	69.44145779079079
0.0	Augustaburiania	76.13465611311312	72.41672456956957
0.0	Augustasaurus	70.09434175775776	69.6726347007007
0.0	Australothyris	87.32381124124123	86.67202052352353
0.0	Austriadactylus	38.98664728328328	34.896142754754756
0.0	Austriadraco	36.669714931931935	35.878037407407405
0.0	Avalonnectes	25.809052193193192	25.566841742742742
0.0	Avicranium	31.48628287087087	31.064682217217218
0.0	Azendohsaurus	57.593856225225224	56.55205621721722
0.0	Baeotherates	111.32632637037037	111.20882513213212
0.0	Baisesaurus	74.29597759659659	74.02092742342342
0.0	Barasaurus	86.56838594694695	71.93808420420419
0.0	Barberenasuchus	64.0851844044044	63.688387017017014
0.0	Barracudasauroides	71.71470592592593	67.77593579679679
0.0	Barracudasaurus	71.86292885285285	65.44895877177177
0.0	Bashkyroleter	98.34462677677679	89.29247162762762
0.0	Batrachopus	29.676274371371374	29.369050522522517
0.0	Batrachotomus	64.12150857057057	62.20173043543543
0.0	Beesiiwo	58.55149917317317	57.69956227827828
0.0	Belebey	95.47860126226226	89.16120100500503
0.0	Benggwigwishingasuchus	69.67190670370371	69.26017243443444
0.0	Bentonyx	70.09737769069069	69.67163660660661
0.0	Bergamodactylus	40.07633494694694	38.677136387387385
0.0	Besanosaurus	67.39889268168169	67.09259785685686
0.0	Blezingeria	66.00693074774775	65.71533065165164
0.0	Blikanasaurus	29.969857962962962	29.50894145245245
0.0	Blomosaurus	76.57900906606608	76.47021933733734
0.0	Bobosaurus	60.689216062062066	59.47304302502503
0.0	Bolosaurus	121.33151124024023	102.02294818618618
0.0	Boreopricea	74.95371861561561	73.22559632332333
0.0	Bradysaurus	89.59583110410411	82.8715750950951
0.0	Brasinorhynchus	65.66704835635636	63.2670908988989
0.0	Brazilosaurus	115.8063334984985	108.52250440640641
0.0	Bromsgroveia	71.60448859959959	66.8889974144144
0.0	Broomia	88.85339612812813	85.45574668268269
0.0	Bunostegos	78.22255962562562	78.13389145345346
0.0	Buriolestes	60.78294531531532	33.40977387887888
0.0	Bystrowisuchus	74.36758761761762	74.16889596796797
0.0	Callawayia	49.1720612932933	34.24082963863864
0.0	Calyptosuchus	58.00148581381382	33.66926091191191
0.0	Camelotia	31.67769089089089	28.217265501501505
0.0	Camposaurus	42.306999260260255	41.30767326926927
0.0	Candelaria	66.92224831831831	62.681702963963964
0.0	Captorhinikos	108.27045046646647	98.41753407207207
0.0	Captorhinoides	106.55390171471471	102.98105771171171
0.0	Captorhinus	115.8097085085085	81.58938365065065
0.0	Cargninia	43.991246626626626	42.63968463663663
0.0	Carnufex	57.442687013013014	56.4430405955956
0.0	Cartorhynchus	74.63329777677677	74.45013835535536
0.0	Caseosaurus	44.171132305305306	42.89109357257257
0.0	Ceresiosaurus	67.21766062362363	62.20457833933934
0.0	Chalishevia	66.2127385995996	62.91027897897898
0.0	Chanaresuchus	66.24256652352354	63.0913306986987
0.0	Chaohusaurus	76.22470618318317	66.37978821321322
0.0	Chasmatosuchus	76.82596409509509	71.87363628128128
0.0	Chelyoposuchus	31.061440093093093	30.679293806806808
0.0	Chinchenia	66.92551852752752	66.63909568668669
0.0	Chindesaurus	54.517860639639636	34.773559194194185
0.0	Chinshakiangosaurus	25.502965252252256	25.265618577577577
0.0	Chirotherium	58.04452492792793	56.722961874874876
0.0	Chromogisaurus	58.14664793593594	57.43178357057057
0.0	Cladeiodon	69.73127060660661	69.3966969019019
0.0	Clarazia	69.26667406306306	68.86155089589589
0.0	Claudiosaurus	84.59615054654654	77.03971107407408
0.0	Clevosaurus	61.70709708908909	24.21188081081081
0.0	Coahomasuchus	59.66977052152152	40.865705466466466
0.0	Coartaredens	70.59756164064063	68.48969085285286
0.0	Coburgosuchus	41.80294638538538	40.75244984084084
0.0	Coelodontognathus	74.72778933433433	72.83333017517518
0.0	Coelophysis	53.14446153753753	24.678699109109107
0.0	Coelurosauravus	85.67462653753753	75.93168256656658
0.0	Coletta	73.39168735635634	73.20792568268268
0.0	Collilongus	74.43766517717718	74.2224597067067
0.0	Colobomycter	114.53270908108108	109.5239564884885
0.0	Colobops	41.0889148968969	39.980501796796794
0.0	Coloradisaurus	49.51627325425425	35.15872158758758
0.0	Coloradisuchus	42.22568343543543	40.5661901001001
0.0	Concavispina	57.23821387887888	55.83100682782783
0.0	Contectopalatus	64.5927596086086	64.33635262962963
0.0	Cornualbus	58.76391698098098	57.967266491491486
0.0	Corosaurus	75.43984635635636	72.45065073973974
0.0	Cosesaurus	63.60715392292293	63.3480702042042
0.0	Crosbysaurus	52.628461235235235	34.19803576976977
0.0	Ctenosauriscus	74.39652946746746	74.21324487687687
0.0	Cyamodus	71.7655637037037	52.40632291891892
0.0	Cymatosaurus	71.75434221421422	67.0150222852853
0.0	Cymbospondylus	75.46666645745745	61.60440407107107
0.0	Czatkowiella	73.57476445245247	73.36773303203204
0.0	Dactylosaurus	71.83317451951953	66.93863977877878
0.0	Daemonosaurus	30.627504318318323	30.278262743743742
0.0	Dagasuchus	56.09190554754755	55.360062763763764
0.0	Dawazisaurus	69.78574964764763	69.40411175975977
0.0	Decuriasuchus	69.69237601901902	61.85427247447448
0.0	Delorhynchus	113.73550568968969	108.73379980180181
0.0	Deltadectes	46.89872385785786	27.195572415415413
0.0	Deltavjatia	89.26474517517516	84.60928413513514
0.0	Desmatosuchus	57.69093216916917	33.463611703703705
0.0	Diandongosaurus	70.9615177117117	70.54755948048047
0.0	Diandongosuchus	64.60426959759761	64.28325731531531
0.0	Dianmeisaurus	71.16481701901901	68.55658115015015
0.0	Dianopachysaurus	70.85632185785786	70.45629313413414
0.0	Dimetropus	115.08834273473474	108.46930968368369
0.0	Dimorphodon	25.235976251251248	25.009088636636637
0.0	Dinocephalosaurus	71.4377665935936	69.15993955355356
0.0	Diphydontosaurus	61.906996144144145	26.097511665665664
0.0	Dolabrosaurus	43.23392802102102	41.97418434734735
0.0	Dolerosaurus	55.34381475575576	54.02599026326326
0.0	Dolichobrachium	57.50643812512513	56.32626866566566
0.0	Doliovertebra	69.85196135835835	69.5701488048048
0.0	Dongusuchus	71.8978054144144	67.67139037337337
0.0	Dorosuchus	70.59698171571571	68.01014667167168
0.0	Doswellia	61.288352858858865	36.851101193193195
0.0	Dracoraptor	25.55879177677678	25.31326011911912
0.0	Drepanosaurus	53.095977207207206	26.336341395395397
0.0	Dromomeron	54.84237396996997	26.962839215215215
0.0	Dynamosuchus	56.62738949549549	55.92381543743744
0.0	Dyoplax	57.836353001001	56.621059067067065
0.0	Ebrachosuchus	57.57793481481482	56.36754637137137
0.0	Effigia	31.679151815815818	27.867248883883885
0.0	Efraasia	44.33298746646646	37.1155791981982
0.0	Eifelosaurus	71.0363363993994	70.71805004504506
0.0	Elachistosuchus	29.68345114814815	29.31835072172172
0.0	Elessaurus	73.88609839339338	73.71143060160159
0.0	Elginia	83.25470796996997	76.70441188288288
0.0	Elorhynchus	64.41890211511512	63.95275010310311
0.0	Embrithosaurus	88.99117853453453	84.73308912412413
0.0	Emeroleter	89.76853598598598	84.79561923623623
0.0	Endennasaurus	40.20346933433434	39.08405425125125
0.0	Energosuchus	65.90752193893894	63.90317378778779
0.0	Eodromaeus	58.787753401401396	58.08895640640641
0.0	Eohupehsuchus	73.49779088188188	73.27065309009008
0.0	Eohyosaurus	70.34285974074074	63.371048382382384
0.0	Eomurruna	76.7138957027027	76.15359637637638
0.0	Eoplesiosaurus	25.5560476006006	25.310226595595594
0.0	Eoraptor	58.556293375375375	54.018266379379384
0.0	Eorasaurus	86.97426546846847	86.3637941971972
0.0	Eorhynchochelys	58.675640471471475	57.64368773473474
0.0	Eretmorhipis	67.48010319419419	67.13604862162161
0.0	Erpetosuchus	43.37768364864865	42.29942430130129
0.0	Erythrosuchus	71.83695680880881	61.95505804304304
0.0	Erythrovenator	57.88071581081081	57.291713284284285
0.0	Eshanosaurus	26.042902175175175	25.7989375965966
0.0	Eucoelophysis	55.06678384684685	26.09842823023023
0.0	Eudibamus	111.70800672672672	111.59177279479479
0.0	Eudimorphodon	46.13563184384384	27.197447161161158
0.0	Eumetabolodon	73.82507403803804	67.28761417917917
0.0	Eunotosaurus	89.57072136836837	84.96951956156157
0.0	Euparkeria	71.62265245945946	66.92164727427428
0.0	Eurhinosaurus	25.560322394394394	25.337831217217218
0.0	Eurycleidus	25.45252548848849	25.222944582582585
0.0	Eusaurosphargis	72.12917742842843	61.11940868968968
0.0	Euscolosuchus	58.26839429029029	57.469520626626625
0.0	Fasolasuchus	40.95603363863864	39.29650744244245
0.0	Faxinalipterus	49.3773650930931	39.626412048048046
0.0	Feeserpeton	111.14462441241241	111.01551981381382
0.0	Feralisaurus	69.06653552952953	68.63030739439438
0.0	Fodonyx	71.71064972972974	67.07507345045046
0.0	Fraserosphenodon	61.14559496596596	31.483415226226228
0.0	Fraxinisaura	63.109110752752756	62.82306422922923
0.0	Fugusuchus	71.14420717117119	70.87225738538538
0.0	Fuyuansaurus	64.26149935535537	64.05174446646646
0.0	Galesphyrus	85.23245633633634	80.11575862762763
0.0	Gamatavus	65.97104925525527	63.3843757987988
0.0	Gansurhinus	98.64319356856858	80.00774093193193
0.0	Garjainia	76.1599154964965	71.74572197297297
0.0	Garzapelta	42.32258159359359	41.067694157157156
0.0	Gecatogomphius	96.65576752152153	95.33719277877877
0.0	Gephyrosaurus	31.56947551951952	28.896337391391388
0.0	Germanosaurus	70.78672517217217	68.16634072672673
0.0	Glaurung	82.2307873983984	82.12105442042042
0.0	Glyphoderma	65.07278905505505	64.81765744444444
0.0	Gnathovorax	59.2193792992993	35.75311858758759
0.0	Gojirasaurus	45.718290710710704	44.709500462462465
0.0	Gomphiosauridion	58.89286437237237	57.91037804004004
0.0	Gondwanax	65.071721990991	64.61887358158158
0.0	Gorgetosuchus	56.67262842342342	55.48299024524525
0.0	Gracilisuchus	65.26771223523524	63.02996998398398
0.0	Grallator	48.48538901201201	37.05062501201201
0.0	Graoullyodon	29.09224435935936	28.75909484884885
0.0	Gresslyosaurus	50.01148218018019	32.80593634334335
0.0	Grippia	76.15672896096096	71.85134279379378
0.0	Guaibasaurus	50.42071377877878	34.12705827227228
0.0	Gualosuchus	64.80657527827827	62.721611231231236
0.0	Guanlingsaurus	58.77156367267268	52.84108775375376
0.0	Guchengosuchus	69.42510050750751	69.1202334884885
0.0	Guizhouichthyosaurus	65.74690039139139	51.765854897897896
0.0	Gulosaurus	75.283077995996	73.44333068568567
0.0	Gunakadeit	43.87975643543544	42.81280044744745
0.0	Gyposaurus	25.96520302902903	24.956512519519517
0.0	Halazhaisuchus	69.89185251151152	69.60191642642643
0.0	Haligonia	60.080192739739736	26.059043822822822
0.0	Hanosaurus	74.516748988989	74.24266238238239
0.0	Helveticosaurus	70.45083118718719	67.06660262362364
0.0	Hemilopas	74.00908859159159	67.57222012812812
0.0	Hemiprotosuchus	47.215557218218215	35.65490338638639
0.0	Henodus	61.33156471271271	52.50308986986987
0.0	Heptasuchus	58.51271601001002	57.31280034334334
0.0	Herrerasaurus	61.71251091091091	52.46457792592592
0.0	Hescheleria	69.82190768368368	69.38983047247247
0.0	Hesperosuchus	53.743297792792795	26.962467853853855
0.0	Heterodontichnites	58.73287434634634	38.57700287487487
0.0	Heteropelta	69.04123920820821	68.7565042122122
0.0	Himalayasaurus	41.076808234234235	39.700961232232224
0.0	Hispaniasaurus	64.81202517117117	64.57179212412412
0.0	Honghesaurus	70.39860683883884	69.98349279879879
0.0	Horaffia	65.54390886386386	61.68721474674675
0.0	Hovasaurus	84.65779762562562	73.97088881481481
0.0	Howesia	71.03329902002002	68.31529805205204
0.0	Hudsonelpidia	43.560378955955954	42.36559770470471
0.0	Hupehsuchus	75.44632391291293	62.35871665665666
0.0	Hwiccewyrm	61.44010057957958	52.27652292292293
0.0	Hyperodapedon	61.615213891891884	33.28631413713713
0.0	Hypselorhachis	69.02195632432432	68.45296634634634
0.0	Hypsognathus	60.97457066766767	25.896503262262264
0.0	Hypuronector	46.130006540540535	35.86829445645646
0.0	Icarosaurus	43.1209307927928	41.96136550950951
0.0	Ichthyosaurus	49.38284988588589	24.056581147147146
0.0	Ichthyotitan	30.153594554554555	29.734567943943947
0.0	Idiosaura	57.87708645645646	57.10446193193194
0.0	Ignotosaurus	55.74182318218219	54.88072077177177
0.0	Incertovenator	56.04606441441441	55.455025069069066
0.0	Indosauriscus	81.96352605805805	81.85067947847847
0.0	Ingentia	47.89995188588589	39.23066588488489
0.0	Isfjordosaurus	73.7212703993994	73.51061937437437
0.0	Issi	42.78290654354354	41.89271111511511
0.0	Ixalerpeton	61.429012971971964	39.00209606806807
0.0	Jaklapallisaurus	43.852986979979974	42.436952815815815
0.0	Jaxtasuchus	64.56071738138138	62.37382682582583
0.0	Jesairosaurus	70.6957160950951	70.28917293893893
0.0	Jingshanosaurus	25.95135401201201	24.805234804804805
0.0	Jupijkam	43.977999391391386	42.79818117917918
0.0	Jushatyria	69.10108408508508	68.801545993994
0.0	Kadimakara	76.69268022622623	76.3198706056056
0.0	Kahneria	95.99623847247248	94.84768544344345
0.0	Kalisuchus	76.67614856256256	76.55782464164164
0.0	Kapes	76.18256513313314	67.55647976976978
0.0	Keichousaurus	74.23339328028028	61.71993375975977
0.0	Kholumolumo	51.70037887787788	34.28362898898899
0.0	Kinelia	95.13966355755757	80.48570855555555
0.0	Kitchingnathus	74.22751549749749	74.03924866966967
0.0	Kocurypelta	41.90220708908909	41.13244533333334
0.0	Koilamasuchus	64.3334181941942	63.902253393393394
0.0	Koiloskiosaurus	70.92213505105106	70.60365556156157
0.0	Kranosaura	40.5608078948949	38.89551270470471
0.0	Krzyzanowskisaurus	60.16472041641642	39.67737359359359
0.0	Kudnu	76.81453882182183	76.44062567867867
0.0	Kuehneosaurus	62.111854014014014	27.515694544544548
0.0	Kuehneosuchus	29.29216891091091	28.861491965965964
0.0	Kuruxuchampsa	57.131805287287285	56.55119403203203
0.0	Kwangsisaurus	75.42784067467468	73.49613552352352
0.0	Labidosaurikos	108.01508207807808	98.37040729229228
0.0	Labidosauriscus	114.74868513113114	108.81155019619621
0.0	Labidosaurus	108.19284816816815	98.61200767067068
0.0	Lagerpeton	66.79410388288288	62.71804626726727
0.0	Lanceirosphenodon	45.874753376376376	44.45453465865866
0.0	Langeronyx	71.811360006006	62.83536510410409
0.0	Langobardisaurus	43.03734721521521	33.06393512812813
0.0	Lanthaniscus	97.79663492792794	92.19815866666666
0.0	Lanthanolania	95.83048528128128	94.66204360660662
0.0	Lanthanosuchus	91.02135803403404	90.09050949849849
0.0	Laquintasaura	25.53477633833834	25.324031931931934
0.0	Largocephalosaurus	71.08046688088089	69.23499302902901
0.0	Lariosaurus	73.84691565565566	61.57090732232232
0.0	Lasasaurus	74.3874881041041	74.21819327127128
0.0	Lepidus	40.21611855555555	39.118423336336335
0.0	Leptonectes	30.63858971271271	24.162595975975975
0.0	Leptopleuron	57.01341913413413	55.738753492492485
0.0	Leptosuchus	52.648273634634634	33.55940613613613
0.0	Lessemsaurus	51.865800722722724	33.53113234734735
0.0	Lewisuchus	67.9985653143143	52.135491018018016
0.0	Leyesaurus	43.26361998298298	41.94822379479479
0.0	Libognathus	42.994985204204205	41.80807246446446
0.0	Liliensternus	53.73693946446446	26.682038713713716
0.0	Lindwurmia	25.40055914914915	25.163037367367366
0.0	Litorosuchus	64.2778288958959	64.06348228628627
0.0	Lophostropheus	29.410122941941946	29.088473128128125
0.0	Lotosaurus	71.6747515855856	67.20828439139139
0.0	Lucasuchus	59.137087512512515	54.248842570570574
0.0	Lucianosaurus	42.09177127527528	40.96517688188188
0.0	Lucianovenator	43.51267519319319	41.855834363363364
0.0	Lufengosaurus	26.246109665665667	24.539324984984987
0.0	Lukousaurus	25.744863755755755	25.04323857957958
0.0	Luopingosaurus	70.42296738138138	70.0235237007007
0.0	Luperosuchus	65.79333385485485	63.08176556856857
0.0	Macgowania	47.74678940840841	34.49206746846846
0.0	Machaeroprosopus	52.6156179049049	26.26839488888889
0.0	Macrocnemus	71.85714947547547	61.17561461161161
0.0	Macrocollum	51.248187011011005	37.837237752752756
0.0	Macroleter	97.99157865865865	89.69963314214213
0.0	Macroplacus	29.827676694694695	29.497019431431433
0.0	Macroplata	25.629423482482483	25.38217777677678
0.0	Maehary	47.94626984084084	39.230113517517516
0.0	Majiashanosaurus	74.43415293493494	74.22062937337337
0.0	Malerisaurus	46.0993174974975	37.202111240240235
0.0	Malutinisuchus	67.6444434044044	61.531598261261266
0.0	Mambawakale	69.70812683083082	69.14190193793793
0.0	Mandaphon	69.58308443443444	68.97820794394394
0.0	Mandasuchus	71.49857903803805	66.9351004944945
0.0	Marasuchus	65.52179193393394	62.78407224224224
0.0	Marcianosuchus	70.77414731631632	70.37541786686687
0.0	Massospondylus	58.52825839339339	57.87572299599599
0.0	Mbiresaurus	60.34167807707707	52.93539216216216
0.0	Megachirella	69.7110544854855	69.39571560760761
0.0	Megalancosaurus	42.88551296996997	33.21148669469469
0.0	Megalosaurus	30.43359858758759	30.063663660660662
0.0	Megapnosaurus	25.541426474474473	25.327915644644644
0.0	Melanorosaurus	43.95083548548548	42.20069462362362
0.0	Merriamosaurus	73.95749896396397	73.68890068068067
0.0	Mesodapedon	69.80450523423424	69.19581015515514
0.0	Mesosaurus	115.51010174874875	108.34350007907908
0.0	Mesosuchus	71.6452631001001	63.63439541341341
0.0	Metamosaurus	111.72276346746747	111.5902868948949
0.0	Metashastasaurus	48.685440897897905	39.7630365005005
0.0	Microcnemus	76.8658765985986	71.9170843993994
0.0	Microleter	112.30807965165165	112.2045856796797
0.0	Micromenodon	55.234746580580584	54.07830823323323
0.0	Microsphenodon	47.413800904904896	38.25968523423423
0.0	Mikadocephalus	72.6419582012012	61.221505220220216
0.0	Milleretta	85.7886467007007	76.39947317017017
0.0	Millerinoides	80.80078648348348	80.69533911511512
0.0	Milleropsis	85.73944489489489	76.90568670370371
0.0	Millerosaurus	84.86988865265266	77.3003747017017
0.0	Miodentosaurus	59.74977918618618	54.3201650960961
0.0	Mixosaurus	71.94371075975977	62.263635697697694
0.0	Moradisaurus	83.48784576976978	76.68670816216216
0.0	Mystriosuchus	53.36228229529531	24.86156998798799
0.0	Nambalia	49.32343914114114	35.33518893093094
0.0	Nanchangosaurus	75.5278001921922	61.059800671671674
0.0	Nanoparia	85.40539104704705	79.2296138198198
0.0	Neoaetosauroides	51.25414082282282	34.74318946646647
0.0	Neoprocolophon	69.5426958078078	69.24143985585586
0.0	Neusticosaurus	71.15112631831832	61.59488222722723
0.0	new_Neotheropoda	45.30773166966968	43.83859068468468
0.0	new_Rhynchocephalia	44.035916092092094	42.24063538438438
0.0	Nhandumirim	49.010526441441435	36.69282517117117
0.0	Nicrosaurus	54.02682605605605	33.05873408108108
0.0	Nochelesaurus	89.03889284684685	84.91828747147147
0.0	Notatesseraeraptor	44.53780351251251	43.66210673673673
0.0	Noteosuchus	76.61753464264264	76.5016414024024
0.0	Nothosaurus	72.45756216516517	29.282396283283283
0.0	Nundasuchus	69.39167613713714	68.76916602702701
0.0	Nyasasaurus	70.45732177777779	67.73091697097097
0.0	Nycteroleter	97.20195637937938	90.86720404704704
0.0	Nyctiboetus	104.4513666126126	104.28920802602603
0.0	Nyctiphruretus	99.43181788788787	84.4997005965966
0.0	Obirkovia	88.19998514314314	80.66831277877877
0.0	Odoiporosaurus	63.469885762762765	63.231425996997
0.0	Odontochelys	57.421966058058054	53.00921955455455
0.0	Omphalosaurus	75.94537572972975	61.186263495495496
0.0	Opisthodontosaurus	115.23417902702704	108.52955197197197
0.0	Orenburgia	76.21751132432432	71.8502689199199
0.0	Orovenator	113.71579144544545	109.30983740540539
0.0	Oryctorhynchus	58.86229822322322	54.74936170670671
0.0	Oryporan	75.77668603003005	73.50553946246245
0.0	Osmolskina	74.09997302902904	73.84792939439438
0.0	Owenetta	86.11130844044044	73.7616153943944
0.0	Ozimek	59.16924549149149	53.42212493393393
0.0	Pachagnathus	42.063318900900896	40.493808536536534
0.0	Pachypleurosaurus	68.06885886386385	61.3675459049049
0.0	Pachystropheus	33.92380529729731	26.955861678678676
0.0	Palacrodon	76.41144568768769	31.06600842942943
0.0	Palaeagama	77.50727784784785	77.39602444344342
0.0	Palaeochersis	49.76732681181182	36.53016675675675
0.0	Palaeosaurus	56.073832562562565	54.664733130130124
0.0	Paleollanosaurus	53.13927992092092	26.102893954954958
0.0	Paliguana	74.57298256456457	74.40879792892892
0.0	Pamelaria	71.30170592492492	67.14724966766767
0.0	Pamelina	73.96214066366367	73.76221892492492
0.0	Pampadromaeus	59.51657821321321	35.474876442442444
0.0	Panguraptor	25.42822973873874	25.19561528728729
0.0	Panphagia	57.796189714714714	57.14442685985986
0.0	Pantydraco	58.17748065865866	56.931418347347346
0.0	Panzhousaurus	70.55837537737737	70.171169002002
0.0	Pappochelys	63.01079889189189	62.71613132532533
0.0	Parahupehsuchus	74.18160363363363	73.96824913713714
0.0	Paralonectes	75.43704605505506	63.47232166166166
0.0	Paraplacodus	71.65008556856857	61.886845343343346
0.0	Pararcus	69.0285225125125	68.70433591391391
0.0	Parasaurus	86.75653950850851	78.85138156156157
0.0	Parasuchus	75.33457782782783	34.6207077997998
0.0	Paratypothorax	52.72096952352352	33.146870678678674
0.0	Pareiasaurus	90.00602794594595	76.37382651451452
0.0	Pareiasuchus	89.41648002802803	78.3269034884885
0.0	Parringtonia	69.83514236336336	69.24984817817817
0.0	Partanosaurus	64.73456575575575	64.44050516316315
0.0	Parvosuchus	64.64228807907908	64.18708041841842
0.0	Pectodens	69.30999264264264	68.89174356456456
0.0	Pelecymala	60.401397998998995	53.53007005205205
0.0	Pendraig	57.72890944744745	56.29195629229229
0.0	Pentaedrusaurus	72.26930418818819	72.04276678478479
0.0	Permotriturus	91.24893751451451	90.24618906606607
0.0	Pessopteryx	74.12129543143142	69.01511332332332
0.0	Peteinosaurus	41.36247046346346	38.30807021221222
0.0	Phaanthosaurus	76.87854253453452	76.180530005005
0.0	Phalarodon	76.18316225925926	63.84156711011011
0.0	Phantomosaurus	69.4417066866867	69.13539338338339
0.0	Phonodus	76.57264842842844	76.44587243343344
0.0	Pinheirochampsa	64.26346745345346	63.79640567867869
0.0	Pintosaurus	78.04450954954956	77.92333327427427
0.0	Pisanosaurus	57.40851485285286	56.82708267367367
0.0	Pistosaurus	72.00506375275275	61.26838441141142
0.0	Placochelys	61.40604727827828	26.665621973973973
0.0	Placodus	73.8203042052052	53.90611106106106
0.0	Planocephalosaurus	61.87730438138138	26.30175358258258
0.0	Plateosauravus	48.16456781081081	35.555143879879886
0.0	Plateosaurus	52.60322355455455	25.077955263263267
0.0	Plesiosaurus	33.50886463563563	24.63641786186186
0.0	Polesinesuchus	57.558889767767766	56.989080201201205
0.0	Polonosuchus	55.71257020620621	54.24693790790791
0.0	Polymorphodon	63.55108314514514	63.23293507107107
0.0	Poposaurus	60.736887128128124	27.80684139039039
0.0	Postosuchus	58.71044866766767	27.17681533133133
0.0	Powellvenator	42.26800534634635	40.52520025925926
0.0	Pravusuchus	42.670094774774775	41.64840636036036
0.0	Preondactylus	40.52186003903904	37.31182035635636
0.0	Prestosuchus	67.50745885885887	54.5222495035035
0.0	Procerosuchus	65.39626681581582	65.03434776976977
0.0	Procolina	74.64817484684686	74.40144181181181
0.0	Procolophon	76.90184583283282	71.67957886086086
0.0	Procolophonichnium	73.88319705505505	73.71379827227227
0.0	Procompsognathus	40.77624295195195	39.90840431831832
0.0	Proganochelys	54.04915706006006	26.600218096096096
0.0	Prolacerta	76.82985826226226	71.75370894594593
0.0	Prolacertoides	76.65758855155154	76.54734535435435
0.0	Prosantosaurus	66.00631134334334	65.77357567167167
0.0	Prosaurosphargis	74.21654054054054	73.92433458158158
0.0	Protanystropheus	71.98581426426426	66.21919753353353
0.0	Protecovasaurus	46.8503038968969	37.539416731731734
0.0	Protenodontosaurus	60.85417662562563	59.8687751981982
0.0	Proteosaurus	26.384398636636636	24.526976245245248
0.0	Proterochampsa	57.2656407957958	56.435119528528524
0.0	Proterochersis	52.76280581881882	33.907575708708706
0.0	Proterosuchus	76.79496312212211	71.81970413213212
0.0	Protoavis	47.15524094594595	35.45207158358358
0.0	Protocaptorhinus	115.60496387087088	108.85486082382383
0.0	Protoichthyosaurus	25.518949504504505	25.28595619319319
0.0	Protome	43.43949358258258	42.27589126426427
0.0	Protorosaurus	87.11474575075076	78.71357973873873
0.0	Protorothyris	123.85533048448448	118.42588394994995
0.0	Protosuchus	33.03696236036037	24.124931505505504
0.0	Provelosaurus	92.2679235985986	88.29930339039038
0.0	Psephochelys	55.62019824524525	54.09333636236236
0.0	Psephoderma	72.15937806106106	25.640635311311314
0.0	Psephosauriscus	71.79913661161162	63.11678710610611
0.0	Psephosaurus	72.72411615815815	61.355358897897894
0.0	Pseudhesperosuchus	43.58445432232232	42.518967015015015
0.0	Pseudochampsa	57.260430522522526	56.53376383683683
0.0	Pterodactylus	25.563520204204202	25.32351319119119
0.0	Puercosuchus	39.159990553553556	38.19908527927928
0.0	Pumiliopareia	81.84400291391393	81.74099871871871
0.0	Qianichthyosaurus	64.58497053053053	51.62639012312312
0.0	Qianosuchus	71.61157921821821	69.17881395995997
0.0	Qianxisaurus	63.973540370370365	63.764803111111114
0.0	Quasianosteosaurus	73.74895984284284	73.54587065965967
0.0	Raibliania	57.93863860360361	56.43480526926927
0.0	Rauisuchus	56.20311333333334	55.16604078978979
0.0	Rautiania	87.83029502502504	83.51589256856856
0.0	Redondasuchus	50.03991400500501	35.737573817817825
0.0	Redondavenator	42.02696504704705	41.01179264664664
0.0	Retymaijychampsa	65.42100336636636	64.9718829019019
0.0	Revueltosaurus	58.0424553983984	33.212464669669664
0.0	Rhaeticosaurus	29.55626508808809	29.1963525055055
0.0	Rhipaeosaurus	93.86843809309309	85.88616394094095
0.0	Rhomaleosaurus	30.558559675675674	24.122928648648646
0.0	Rhombopholis	71.94551944344344	64.77678679079078
0.0	Rioarribasuchus	53.67656109109109	33.47532918118118
0.0	Riojasaurus	47.24174518018018	37.84092376076075
0.0	Riojasuchus	43.06873006106106	41.393520006006
0.0	Romeria	121.15345677077077	120.80450743643642
0.0	Rothianiscus	99.03188124924924	89.48419280880881
0.0	Ruehleia	46.64343170670671	37.49334427427427
0.0	Rugarhynchos	44.41437223423423	43.25073706106106
0.0	Ruhuhuaria	69.47715984784784	68.96098394994993
0.0	Rutiodon	57.80308644644645	33.37063249549549
0.0	Sacisaurus	44.02620729329329	42.17906236836837
0.0	Saltoposuchus	45.2740659029029	36.923734983983984
0.0	Sanchiaosaurus	69.10981494094095	68.68193273873875
0.0	Sanchuansaurus	77.89003016516516	77.78146542042042
0.0	Sanjuansaurus	57.9295290990991	57.251254657657654
0.0	Santaisaurus	76.74171537437437	76.21985806706707
0.0	Sarcosaurus	25.34085981081081	25.09879994394394
0.0	Sarmatosuchus	69.54519974374374	69.2350911131131
0.0	Saturnalia	58.90141858958959	40.47088973473473
0.0	Saurodektes	76.94160500200199	73.7420020950951
0.0	Sauropareion	76.41748990290289	72.55123982982984
0.0	Saurorictus	82.02561115115115	81.90934423923923
0.0	Saurosternon	80.86013015215217	80.75974667867868
0.0	Saurosuchus	58.39768898098097	57.862852740740735
0.0	Scelidosaurus	25.524994702702706	25.29219775975976
0.0	Scharschengia	73.87483914714714	73.62930497297296
0.0	Schleitheimia	45.26394703203203	44.47684298898899
0.0	Schultzsuchus	65.02264944844845	64.59443982482482
0.0	Sclerocormus	73.7523501901902	73.57168125325326
0.0	Sclerosaurus	72.13055968468468	67.41734751051051
0.0	Sclerostropheus	42.88495206806807	42.061940238238236
0.0	Scoloparia	62.272193820820824	26.35338561561561
0.0	Scolotosuchus	74.44498677177178	74.26747566866867
0.0	Scutarx	52.522735212212204	34.74566018518519
0.0	Scutosaurus	90.59685263863865	81.91506722122124
0.0	Scythosuchus	73.90704932232232	73.68983429229229
0.0	Seazzadactylus	44.776636308308305	43.97249951051051
0.0	Serpianosaurus	71.77321413913914	62.294568670670664
0.0	Shansisuchus	71.79584018418417	66.90001419019019
0.0	Shastasaurus	61.75248113613613	32.541016226226226
0.0	Shihtienfenia	79.27712564664665	76.97685724824827
0.0	Shonisaurus	59.66163665065065	26.31505714814815
0.0	Shringasaurus	71.64203182582584	66.9452016966967
0.0	Shuangbaisaurus	25.6917508998999	25.463635622622625
0.0	Shuvosaurus	53.2201828978979	26.853424576576572
0.0	Sigmala	61.454948333333334	52.08647684784785
0.0	Sikannisuchus	48.742006828828835	37.38253895395396
0.0	Silesaurus	54.94899671571571	53.61505839239239
0.0	Sillosuchus	58.643087273273274	58.040537193193195
0.0	Simosaurus	71.60792466466467	26.889142886886887
0.0	Sinocyamodus	56.54165967167168	54.96150557857858
0.0	Sinosaurosphargis	70.90861202902904	69.3110795005005
0.0	Sinosaurus	26.15273266966967	24.671545452452452
0.0	Skybalonyx	42.44934131231231	41.28526343543544
0.0	Smilodonterpeton	29.68577346646647	29.243423081081083
0.0	Smilosuchus	59.06990538938939	33.49903710910911
0.0	Sophineta	74.58480974774774	74.37897335135135
0.0	Soturnia	49.63060483183183	35.78865222822823
0.0	Soumyasaurus	46.686533103103095	45.3394395015015
0.0	Sphenotitan	49.96271378478478	34.99527778978979
0.0	Sphodrosaurus	47.3115098058058	46.0971493053053
0.0	Spinosuchus	59.157135678678685	38.05256636836837
0.0	Spondylolestes	82.66567178278278	78.29893097897897
0.0	Spondylosoma	65.89461352952954	62.96997232132132
0.0	Stagonolepis	59.89106057157157	31.69189957257257
0.0	Stagonosuchus	71.45781124924925	67.16710932332332
0.0	Staurikosaurus	57.850386428428436	57.1611869059059
0.0	Stauromatodon	64.09043288988988	63.742562448448446
0.0	Stegomus	50.216334550550556	34.767452466466466
0.0	Stenaulorhynchus	71.67017491691692	62.19379612212212
0.0	Stenomyti	42.49948001201201	41.37462861961962
0.0	Stenoscelida	39.988444350350356	38.77023097997998
0.0	Stereosternum	115.7301548118118	108.13207375075076
0.0	Styracocephalus	88.82418112112111	85.22869125125125
0.0	Suchonosaurus	85.6763418128128	85.32113742942943
0.0	Sumidadectes	103.97269001301302	103.61619785885887
0.0	Syntarsus	29.633232152152154	29.184510524524523
0.0	Syntomiprosopus	41.040586274274276	40.110290913913914
0.0	Tachiraptor	25.668206163163163	25.450880851851853
0.0	Tanaisosaurus	74.60861414114115	74.42146446146147
0.0	Tangasaurus	78.65974415215214	77.18072670570571
0.0	Tanystropheus	72.05223037437437	26.469566472472472
0.0	Tanytrachelos	52.76355611211211	34.28945587287287
0.0	Tarjadia	66.35888207707707	62.62638438238238
0.0	Tasmaniosaurus	76.8915784094094	75.80593051351352
0.0	Tawa	51.277408887887894	35.28272671871872
0.0	Taytalura	56.18307980780781	55.563756975975984
0.0	Technosaurus	44.064710642642645	42.88896829029029
0.0	Tecovasaurus	54.695370007007014	34.455943132132134
0.0	Tecovasuchus	50.73145606906907	35.14037131531531
0.0	Teleocrater	71.2470136926927	67.90648898498497
0.0	Temnodontosaurus	26.996734374374373	24.354414974974976
0.0	Teraterpeton	59.5255452982983	54.503670733733735
0.0	Teratophon	71.58999665865865	67.09180297497497
0.0	Teratosaurus	76.44053345645645	29.51352248048048
0.0	Termatosaurus	33.4019420970971	26.42618755155155
0.0	Terrestrisuchus	61.37836086686687	52.7971526056056
0.0	Teyujagua	74.7561945025025	74.57697397897898
0.0	Teyumbaita	51.08943152852853	35.940360002002
0.0	Thadeosaurus	80.9845423913914	80.87970861861864
0.0	Thaisaurus	73.90871973773773	73.68268400800801
0.0	Thalassiodracon	32.68665020320321	24.217478430430432
0.0	Thalattoarchon	70.87147532732733	70.48898993893894
0.0	Thalattosaurus	69.3925228088088	65.79495837237236
0.0	Thecodontosaurus	71.17310624524525	25.588025425425425
0.0	Theledectes	68.46860513713715	67.88078355355356
0.0	Thelephon	68.65086047547547	68.11972895895896
0.0	Thelerpeton	71.22171845745746	67.4062090860861
0.0	Tholodus	72.22922774874876	64.33355907207208
0.0	Threordatoth	57.76450720720721	56.25352137837838
0.0	Thuringothyris	115.17943064564564	108.57035164564563
0.0	Tichvinskia	76.03598085485487	71.79624718118119
0.0	Ticinosuchus	70.90195648548548	67.98814077777777
0.0	Tikisuchus	57.96409835935936	57.20366909009009
0.0	Timanophon	75.58869382382383	72.69579876776777
0.0	Toretocnemus	59.169134410410415	54.43947572872873
0.0	Trachelosaurus	71.2879835915916	70.97878895095096
0.0	Tramuntanasaurus	96.7760132892893	96.14015871271272
0.0	Trialestes	60.043780848848854	54.92669402802803
0.0	Tricuspisaurus	30.06756924124124	29.696143003003
0.0	Trilophosaurus	55.904313868868876	33.63685266966967
0.0	Tropidosuchus	67.06817233633633	62.19582269469469
0.0	Tuebingosaurus	42.55112573673674	41.75364807207207
0.0	Turfanosuchus	69.24357067567568	68.96222890590592
0.0	Typothorax	52.59460062262262	26.86034247847848
0.0	Uatchitodon	58.094707433433435	36.890351895895904
0.0	Unaysaurus	48.21819491191191	37.48540927327328
0.0	Unguinychus	44.19076339239239	43.14185996396397
0.0	Uralosaurus	71.70960567367368	67.23871594594594
0.0	Utatsusaurus	76.21136902102101	71.57815236836838
0.0	Vallesaurus	41.32373515415415	38.0885523933934
0.0	Vancleavea	58.50514765465465	26.280153475475476
0.0	Variodens	33.34973912712712	26.90680986086086
0.0	Vellbergia	63.92327975175175	63.59221165565565
0.0	Velocipes	45.547927716716714	44.796405211211216
0.0	Venaticosuchus	56.683151423423425	55.95570596996997
0.0	Venetoraptor	60.277520978978984	37.50728508808808
0.0	Vinitasaura	56.59897542042042	55.28378935935936
0.0	Vivaron	48.26139368568568	38.02027595795796
0.0	Vjushkovisaurus	71.43565885985986	67.8871583003003
0.0	Volcanosuchus	58.750435206206205	58.16872718718719
0.0	Vonhuenia	76.58384211511513	76.48567717317317
0.0	Vritramimosaurus	74.16362582682682	73.90810283783783
0.0	Vytshegdosuchus	74.24679053853853	74.03508461761763
0.0	Wahlisaurus	25.416412356356357	25.185900131131127
0.0	Waluchelys	39.064707204204204	37.6825737007007
0.0	Wangosaurus	63.76800272572573	62.64796179379379
0.0	Wannia	45.09014843143143	36.76256848948949
0.0	Wapitisaurus	73.81883534934934	73.59094583083082
0.0	Weigeltisaurus	86.34659963563564	78.90664557057057
0.0	Whitakersaurus	30.386482814814816	30.02386847947948
0.0	Wimanius	68.73898808508508	68.39767897997997
0.0	Wumengosaurus	71.45824318218219	67.0625428998999
0.0	Xenodiphyodon	59.10545262662662	58.34535446146147
0.0	Xilousuchus	71.31150324724724	71.05415772672673
0.0	Xingxiulong	25.465103204204205	25.216879765765764
0.0	Xinminosaurus	70.44209618518519	70.05282527927929
0.0	Xinpusaurus	65.6461170860861	51.91211166966967
0.0	Yarasuchus	70.7531091111111	67.92207144144145
0.0	Yelaphomte	44.13336749349349	42.89310557557558
0.0	Yimenosaurus	26.424485832832836	24.474619985985985
0.0	Youngetta	74.48716622922923	74.33931788688689
0.0	Youngina	85.4911615025025	76.80902751551551
0.0	Youngosuchus	69.33719847947948	69.02766957157158
0.0	Yunguisaurus	66.32814092792793	62.62297108608609
0.0	Yunnanosaurus	26.227294482482485	25.018278416416415
0.0	Zanclodon	69.05208693593592	26.639188253253252
0.0	Zhongjiania	84.08067200300299	80.29389528728728
0.0	Zupaysaurus	41.445349609609615	39.96101716816816
